ID,Date,UTCTime,IP,Page,File,Filters
10,2018-11-27,18:02:36,10.1.51.1,dataDownload,"Dynamically Generated CSV","Site: 106, YearStart: 2018, YearEnd: 2018, Arthropod: caterpillar"
11,2018-11-27,18:08:05,10.1.51.1,dataDownload,"Dynamically Generated CSV","Site: 100, YearStart: 2018, YearEnd: 2018, Arthropod: caterpillar"
12,2018-11-27,18:10:26,10.1.51.1,dataDownload,"Dynamically Generated CSV","Site: 56, YearStart: 2018, YearEnd: 2018, Arthropod: caterpillar"
13,2018-11-27,18:12:28,10.1.51.1,dataDownload,"Dynamically Generated CSV","Site: 101, YearStart: 2018, YearEnd: 2018, Arthropod: caterpillar"
14,2018-11-27,18:15:13,10.1.51.1,dataDownload,"Dynamically Generated CSV","Site: 54, YearStart: 2018, YearEnd: 2018, Arthropod: caterpillar"
15,2018-11-27,18:17:28,10.1.51.1,dataDownload,"Dynamically Generated CSV","Site: 97, YearStart: 2018, YearEnd: 2018, Arthropod: caterpillar"
16,2018-11-27,18:19:19,10.1.51.1,dataDownload,"Dynamically Generated CSV","Site: 78, YearStart: 2018, YearEnd: 2018, Arthropod: caterpillar"
17,2018-11-27,18:27:37,10.1.51.1,dataDownload,"Dynamically Generated CSV","Site: 77, YearStart: 2018, YearEnd: 2018, Arthropod: caterpillar"
18,2018-11-27,22:24:34,10.1.49.1,resources,GettingStarted.pdf,
19,2018-11-27,22:24:58,10.1.49.1,resources,TrainingParticipants.pdf,
20,2018-11-27,22:25:37,10.1.49.1,identificationSkills,ArthropodIDGuide.pdf,
21,2018-11-27,22:26:13,10.1.49.1,identificationSkills,"Dichotomous Keys to Arthropod Orders.pdf",
22,2018-11-27,22:27:56,10.1.49.1,resources,"Arthropod Food Web lesson plan.pdf",
23,2018-11-27,22:30:50,10.1.49.1,resources,"Phenology Across Trophic Levels lesson plan.pdf",
24,2018-11-27,22:32:23,10.1.49.1,resources,"Data Exploration.pdf",
25,2018-11-27,22:32:41,10.1.49.1,resources,MSPhenology.pdf,
26,2018-11-27,22:35:27,10.1.49.1,resources,hotOrCold.pdf,
27,2018-11-28,03:15:33,10.1.51.1,resources,GettingStarted.pdf,
28,2018-11-28,03:19:24,10.1.51.1,resources,MSPhenology.pdf,
29,2018-11-28,03:47:14,10.1.51.1,resources,"Phenology Across Trophic Levels lesson plan.pdf",
30,2018-11-28,19:38:30,10.1.49.1,conductASurvey,paperDataSheet.pdf,
31,2018-11-28,20:35:21,10.1.49.1,identificationSkills,"Dichotomous Keys to Arthropod Orders.pdf",
32,2018-11-28,20:36:29,10.1.49.1,identificationSkills,ArthropodIDGuide.pdf,
33,2018-11-28,21:28:16,10.1.49.1,resources,"Arthropod Food Web lesson plan.pdf",
34,2018-11-28,21:28:48,10.1.49.1,resources,MSPhenology.pdf,
35,2018-11-28,21:28:55,10.1.49.1,resources,"Phenology Across Trophic Levels lesson plan.pdf",
36,2018-11-29,03:08:00,10.1.51.1,,,
37,2018-11-29,04:10:34,10.1.50.1,identificationSkills/index.html,"Dichotomous Keys to Arthropod Orders.pdf",
38,2018-11-29,14:56:24,10.1.51.1,identificationSkills/index.html,,
39,2018-12-04,18:10:33,10.1.50.1,dataDownload,"Dynamically Generated CSV","Site: 106, YearStart: 2018, YearEnd: 2018, Arthropod: caterpillar"
40,2018-12-04,18:18:20,10.1.50.1,dataDownload,"Dynamically Generated CSV","Site: 100, YearStart: 2018, YearEnd: 2018, Arthropod: caterpillar"
41,2018-12-04,18:20:07,10.1.50.1,dataDownload,"Dynamically Generated CSV","Site: 56, YearStart: 2018, YearEnd: 2018, Arthropod: caterpillar"
42,2018-12-04,18:21:40,10.1.50.1,dataDownload,"Dynamically Generated CSV","Site: 101, YearStart: 2018, YearEnd: 2018, Arthropod: caterpillar"
43,2018-12-04,18:22:52,10.1.50.1,dataDownload,"Dynamically Generated CSV","Site: 54, YearStart: 2018, YearEnd: 2018, Arthropod: caterpillar"
44,2018-12-04,18:23:38,10.1.50.1,dataDownload,"Dynamically Generated CSV","Site: 97, YearStart: 2018, YearEnd: 2018, Arthropod: caterpillar"
45,2018-12-04,18:24:33,10.1.50.1,dataDownload,"Dynamically Generated CSV","Site: 78, YearStart: 2018, YearEnd: 2018, Arthropod: caterpillar"
46,2018-12-04,18:25:56,10.1.50.1,dataDownload,"Dynamically Generated CSV","Site: 77, YearStart: 2018, YearEnd: 2018, Arthropod: caterpillar"
47,2018-12-04,19:15:42,10.1.49.1,dataDownload,"Dynamically Generated CSV","Site: 106, YearStart: 2018, YearEnd: 2018, Arthropod: All"
48,2018-12-04,19:48:39,10.1.49.1,dataDownload,"Dynamically Generated CSV","Site: 77, YearStart: 2018, YearEnd: 2018, Arthropod: All"
49,2018-12-05,04:44:32,10.1.50.1,identificationSkills/index.html,,
50,2018-12-05,04:44:39,10.1.50.1,identificationSkills/index.html,,
51,2018-12-05,06:01:21,10.1.49.1,identificationSkills,ArthropodIDGuide.pdf,
52,2018-12-09,05:06:49,10.1.51.1,conductASurvey,paperDataSheet.pdf,
53,2018-12-10,20:36:03,10.1.51.1,identificationSkills,ArthropodIDGuide.pdf,
54,2018-12-10,22:23:35,10.1.49.1,identificationSkills,ArthropodIDGuide.pdf,
55,2018-12-10,22:45:53,10.1.50.1,identificationSkills,ArthropodIDGuide.pdf,
56,2018-12-11,00:46:22,10.1.51.1,identificationSkills/index.html,,
57,2018-12-11,01:19:36,10.1.50.1,identificationSkills,ArthropodIDGuide.pdf,
58,2018-12-11,19:05:07,10.1.50.1,identificationSkills,ArthropodIDGuide.pdf,
59,2018-12-11,20:49:32,10.1.49.1,identificationSkills,ArthropodIDGuide.pdf,
60,2018-12-11,22:13:29,10.1.50.1,mapsAndGraphs,"Dynamically Generated Map CSV","Comparison Metric: Occurrence (%), Observation Method: All, Arthropod Group: Caterpillars, Minimum Length (mm): 0, Plant Species: All, Wet Leaves: true, Month Start: 1, Month End: 12, Year Start: 2010, YearEnd: 2018"
61,2018-12-11,22:58:51,10.1.50.1,identificationSkills/index.html,,
62,2018-12-12,01:52:53,10.1.49.1,identificationSkills,ArthropodIDGuide.pdf,
63,2018-12-12,05:28:55,10.1.49.1,identificationSkills,ArthropodIDGuide.pdf,
64,2018-12-12,05:43:48,10.1.51.1,identificationSkills,ArthropodIDGuide.pdf,
65,2018-12-12,15:43:47,10.1.50.1,identificationSkills,ArthropodIDGuide.pdf,
66,2018-12-12,16:53:40,10.1.51.1,identificationSkills,ArthropodIDGuide.pdf,
67,2018-12-13,17:25:44,10.1.51.1,dataDownload,"Dynamically Generated CSV","Site: 73, YearStart: 2014, YearEnd: 2018, Arthropod: All"
68,2018-12-16,18:30:33,10.1.50.1,identificationSkills,ArthropodIDGuide.pdf,
69,2018-12-16,19:13:40,10.1.50.1,identificationSkills,ArthropodIDGuide.pdf,
70,2018-12-17,19:53:49,10.1.49.1,identificationSkills/index.html,,
71,2018-12-17,21:08:40,10.1.49.1,identificationSkills/index.html,,
72,2018-12-18,00:17:13,10.1.50.1,identificationSkills/index.html,,
73,2018-12-18,01:24:51,10.1.49.1,identificationSkills,ArthropodIDGuide.pdf,
74,2018-12-18,02:18:44,10.1.49.1,identificationSkills,ArthropodIDGuide.pdf,
75,2018-12-18,05:06:30,10.1.49.1,identificationSkills,ArthropodIDGuide.pdf,
76,2018-12-18,07:07:50,10.1.50.1,identificationSkills/index.html,,
77,2018-12-18,07:08:22,10.1.50.1,identificationSkills/index.html,,
78,2018-12-18,07:08:27,10.1.50.1,identificationSkills/index.html,,
79,2018-12-18,12:30:12,10.1.50.1,identificationSkills/index.html,,
80,2018-12-18,12:38:22,10.1.50.1,identificationSkills,ArthropodIDGuide.pdf,
81,2018-12-18,12:53:57,10.1.49.1,identificationSkills,ArthropodIDGuide.pdf,
82,2018-12-18,12:58:35,10.1.49.1,identificationSkills,ArthropodIDGuide.pdf,
83,2018-12-20,21:12:58,10.1.51.1,identificationSkills,ArthropodIDGuide.pdf,
84,2018-12-20,21:15:53,10.1.51.1,identificationSkills,"Dichotomous Keys to Arthropod Orders.pdf",
85,2018-12-20,21:22:00,10.1.51.1,resources,GettingStarted.pdf,
86,2018-12-20,21:22:26,10.1.51.1,resources,TrainingParticipants.pdf,
87,2018-12-21,08:13:05,10.1.49.1,dataDownload,"Dynamically Generated CSV","Site: All, YearStart: 2010, YearEnd: 2018, Arthropod: caterpillar"
88,2018-12-26,20:23:34,10.1.49.1,conductASurvey,paperDataSheet.pdf,
89,2019-01-03,11:17:34,10.1.49.1,identificationSkills,ArthropodIDGuide.pdf,
90,2019-01-10,19:54:48,10.1.50.1,identificationSkills,"Dichotomous Keys to Arthropod Orders.pdf",
91,2019-01-12,04:36:26,10.1.49.1,,,
92,2019-01-15,19:34:51,10.1.50.1,dataDownload,"Dynamically Generated CSV","Site: 84, YearStart: 2019, YearEnd: 2019, Arthropod: All"
93,2019-01-15,19:35:20,10.1.50.1,dataDownload,"Dynamically Generated CSV","Site: 84, YearStart: 2019, YearEnd: 2019, Arthropod: All"
94,2019-01-16,18:46:08,10.1.51.1,resources,TrainingParticipants.pdf,
95,2019-01-16,18:50:44,10.1.51.1,resources,ManageMySurveysGuide.pdf,
96,2019-01-16,18:51:04,10.1.51.1,identificationSkills,ArthropodIDGuide.pdf,
97,2019-01-16,23:39:11,10.1.49.1,identificationSkills/index.html,,
98,2019-01-18,16:34:14,10.1.50.1,identificationSkills,ArthropodIDGuide.pdf,
99,2019-01-18,16:34:42,10.1.50.1,identificationSkills,ArthropodIDGuide.pdf,
100,2019-01-18,16:34:48,10.1.50.1,identificationSkills,"Dichotomous Keys to Arthropod Orders.pdf",
101,2019-01-19,22:29:56,10.1.50.1,identificationSkills,"Dichotomous Keys to Arthropod Orders.pdf",
102,2019-01-22,15:30:34,10.1.49.1,resources,ManageMySurveysGuide.pdf,
103,2019-01-22,21:51:58,10.1.50.1,,,
104,2019-01-24,21:51:16,10.1.51.1,dataDownload,"Dynamically Generated CSV","Site: 67, YearStart: 2018, YearEnd: 2018, Arthropod: All"
105,2019-01-24,21:55:47,10.1.51.1,resources,ManageMySurveysGuide.pdf,
106,2019-01-24,22:00:10,10.1.51.1,resources,"Data Exploration.pdf",
107,2019-01-25,01:43:56,10.1.51.1,identificationSkills,"Dichotomous Keys to Arthropod Orders.pdf",
108,2019-01-25,19:04:33,10.1.51.1,resources,GettingStarted.pdf,
109,2019-01-25,19:05:04,10.1.51.1,resources,TrainingParticipants.pdf,
110,2019-01-28,08:36:07,10.1.49.1,resources,GettingStarted.pdf,
111,2019-01-28,08:36:13,10.1.49.1,resources,TrainingParticipants.pdf,
112,2019-01-28,20:05:13,10.1.50.1,,,
113,2019-01-29,15:13:38,10.1.51.1,dataDownload,"Dynamically Generated CSV","Site: All, YearStart: 2010, YearEnd: 2019, Arthropod: All"
114,2019-01-29,15:15:49,10.1.49.1,resources,GettingStarted.pdf,
115,2019-01-29,15:16:01,10.1.49.1,resources,TrainingParticipants.pdf,
116,2019-01-29,15:22:56,10.1.49.1,conductASurvey,paperDataSheet.pdf,
117,2019-01-29,15:24:30,10.1.49.1,resources,paperDataSheet.pdf,
118,2019-01-29,15:25:46,10.1.49.1,resources,paperDataSheet.pdf,
119,2019-01-29,15:26:27,10.1.49.1,resources,"Building A Beat Sheet.pdf",
120,2019-01-29,21:10:54,10.1.51.1,mapsAndGraphs,"Dynamically Generated Composition CSV","X-Axis: site, Y-Axis: Percent of Arthropods, Sites Included:"
121,2019-01-29,21:20:45,10.1.50.1,mapsAndGraphs,"Dynamically Generated Composition CSV","X-Axis: site, Y-Axis: Percent of Arthropods, Sites Included: East Carolina University, NC State University, Azalea Repository (TNCA)"
122,2019-01-29,21:24:39,10.1.51.1,mapsAndGraphs,"Dynamically Generated Composition CSV","X-Axis: site, Y-Axis: Percent of Arthropods, Sites Included: East Carolina University, NC State University, Azalea Repository (TNCA)"
123,2019-01-29,21:37:20,10.1.51.1,mapsAndGraphs,"Dynamically Generated Phenology CSV","Y-Axis: Percent of Surveys, Lines:"
124,2019-01-29,21:38:13,10.1.49.1,identificationSkills/index.html,,
125,2019-01-30,20:41:08,10.1.51.1,mapsAndGraphs,"Dynamically Generated Composition CSV","X-Axis: site, Y-Axis: Percent of Arthropods, Sites Included: East Carolina University, Azalea Repository (TNCA), NC State University"
126,2019-01-30,21:11:40,10.1.51.1,mapsAndGraphs,"Dynamically Generated Phenology CSV","Y-Axis: Percent of Surveys, Lines: All arthropods at NC State University in 2018; All arthropods at NC State University in 2018;"
127,2019-01-30,21:16:28,10.1.51.1,mapsAndGraphs,"Dynamically Generated Phenology CSV","Y-Axis: Percent of Surveys, Lines: All arthropods at NC State University in 2018; All arthropods at NC State University in 2018;"
128,2019-01-31,16:32:24,10.1.49.1,identificationSkills/index.html,ArthropodIDGuide.pdf,
129,2019-01-31,16:44:18,10.1.51.1,identificationSkills,ArthropodIDGuide.pdf,
130,2019-01-31,19:33:21,10.1.51.1,conductASurvey,paperDataSheet.pdf,
131,2019-01-31,20:37:50,10.1.50.1,mapsAndGraphs,"Dynamically Generated Composition CSV","X-Axis: site, Y-Axis: Percent of Arthropods, Sites Included: East Carolina University, NC State University"
132,2019-01-31,21:40:51,10.1.51.1,identificationSkills/index.html,,
133,2019-01-31,21:52:54,10.1.51.1,identificationSkills/index.html,,
134,2019-01-31,21:56:47,10.1.49.1,conductASurvey,paperDataSheet.pdf,
135,2019-02-01,03:16:52,10.1.50.1,identificationSkills/index.html,,
136,2019-02-01,03:18:29,10.1.50.1,identificationSkills/index.html,,
137,2019-02-01,15:01:58,10.1.51.1,identificationSkills/index.html,,
138,2019-02-01,15:02:21,10.1.49.1,resources,TrainingParticipants.pdf,
139,2019-02-01,15:02:25,10.1.49.1,resources,GettingStarted.pdf,
140,2019-02-01,15:07:43,10.1.49.1,resources,paperDataSheet.pdf,
141,2019-02-01,15:08:21,10.1.49.1,resources,hotOrCold.pdf,
142,2019-02-01,15:08:25,10.1.49.1,resources,"Vernal Pool Ruggles 2007.pdf",
143,2019-02-01,15:08:26,10.1.49.1,resources,MSPhenology.pdf,
144,2019-02-01,15:08:28,10.1.49.1,resources,"Data Exploration.pdf",
145,2019-02-01,15:08:29,10.1.49.1,resources,"Phenology Across Trophic Levels lesson plan.pdf",
146,2019-02-01,15:08:31,10.1.49.1,resources,"Arthropod Food Web lesson plan.pdf",
147,2019-02-01,16:26:44,10.1.49.1,identificationSkills/index.html,,
148,2019-02-01,16:27:38,10.1.49.1,identificationSkills/index.html,,
149,2019-02-01,16:37:47,10.1.49.1,conductASurvey,paperDataSheet.pdf,
150,2019-02-01,16:38:21,10.1.49.1,conductASurvey,paperDataSheet.pdf,
151,2019-02-01,17:51:16,10.1.51.1,identificationSkills/index.html,,
152,2019-02-01,18:13:47,10.1.50.1,resources,hotOrCold.pdf,
153,2019-02-01,18:37:31,10.1.50.1,identificationSkills/index.html,,
154,2019-02-01,18:38:21,10.1.50.1,identificationSkills/index.html,,
155,2019-02-01,19:25:31,10.1.50.1,mapsAndGraphs,"Dynamically Generated Phenology CSV","Y-Axis: Percent of Surveys, Lines: Caterpillars at NC Botanical Garden in 2017;"
156,2019-02-01,19:25:39,10.1.50.1,mapsAndGraphs,"Dynamically Generated Phenology CSV","Y-Axis: Percent of Surveys, Lines: Caterpillars at NC Botanical Garden in 2017;"
157,2019-02-01,19:40:36,10.1.51.1,conductASurvey,paperDataSheet.pdf,
158,2019-02-01,22:16:10,10.1.50.1,identificationSkills/index.html,,
159,2019-02-01,22:34:28,10.1.51.1,identificationSkills,ArthropodIDGuide.pdf,
160,2019-02-02,20:47:35,10.1.51.1,conductASurvey,paperDataSheet.pdf,
161,2019-02-03,16:20:42,10.1.49.1,identificationSkills/index.html,,
162,2019-02-03,17:36:15,10.1.49.1,resources,MSPhenology.pdf,
163,2019-02-04,18:17:01,10.1.51.1,mapsAndGraphs,"Dynamically Generated Composition CSV","X-Axis: site, Y-Axis: Percent of Arthropods, Sites Included: East Carolina University, NC State University, Azalea Repository (TNCA)"
164,2019-02-04,19:54:23,10.1.49.1,conductASurvey,paperDataSheet.pdf,
165,2019-02-05,00:02:09,10.1.49.1,mapsAndGraphs,"Dynamically Generated Composition CSV","X-Axis: site, Y-Axis: Percent of Arthropods, Sites Included: East Carolina University, NC State University"
166,2019-02-05,04:53:19,10.1.50.1,mapsAndGraphs,"Dynamically Generated Phenology CSV","Y-Axis: Percent of Surveys, Lines: All arthropods at East Carolina University in 2018; All arthropods at East Carolina University in 2018;"
167,2019-02-05,16:00:05,10.1.50.1,dataDownload,"Dynamically Generated CSV","Site: 71, YearStart: 2018, YearEnd: 2018, Arthropod: All"
168,2019-02-05,16:01:52,10.1.50.1,dataDownload,"Dynamically Generated CSV","Site: 70, YearStart: 2018, YearEnd: 2018, Arthropod: All"
169,2019-02-05,16:02:44,10.1.50.1,dataDownload,"Dynamically Generated CSV","Site: 72, YearStart: 2018, YearEnd: 2018, Arthropod: All"
170,2019-02-05,17:38:58,10.1.51.1,mapsAndGraphs,"Dynamically Generated Phenology CSV","Y-Axis: Arthropods Per Survey, Lines: Caterpillars at Linda Loring Nature Foundation in 2018; Ants at BBS 63-031-05 in 2010;"
171,2019-02-05,17:46:42,10.1.51.1,dataDownload,"Dynamically Generated CSV","Site: 122, YearStart: 2012, YearEnd: 2012, Arthropod: All"
172,2019-02-05,17:47:06,10.1.51.1,dataDownload,"Dynamically Generated CSV","Site: 116, YearStart: 2010, YearEnd: 2010, Arthropod: All"
173,2019-02-05,17:54:22,10.1.51.1,mapsAndGraphs,"Dynamically Generated Phenology CSV","Y-Axis: Percent of Surveys, Lines: Caterpillars at Prairie Ridge Ecostation in 2018; All arthropods at CawCaw Interpretive Center in 2018;"
174,2019-02-05,18:08:54,10.1.51.1,mapsAndGraphs,"Dynamically Generated Composition CSV","X-Axis: site, Y-Axis: Percent of Arthropods, Sites Included: Prairie Ridge Ecostation, CawCaw Interpretive Center"
175,2019-02-05,18:25:04,10.1.51.1,mapsAndGraphs,"Dynamically Generated Composition CSV","X-Axis: site, Y-Axis: Percent of Arthropods, Sites Included: Prairie Ridge Ecostation, CawCaw Interpretive Center"
176,2019-02-05,18:26:09,10.1.51.1,mapsAndGraphs,"Dynamically Generated Phenology CSV","Y-Axis: Percent of Surveys, Lines: Caterpillars at Prairie Ridge Ecostation in 2018; All arthropods at CawCaw Interpretive Center in 2018;"
177,2019-02-05,20:15:09,10.1.49.1,identificationSkills,ArthropodIDGuide.pdf,
178,2019-02-06,00:18:44,10.1.50.1,dataDownload,"Dynamically Generated CSV","Site: 67, YearStart: 2018, YearEnd: 2018, Arthropod: All"
179,2019-02-06,00:35:26,10.1.50.1,dataDownload,"Dynamically Generated CSV","Site: 67, YearStart: 2018, YearEnd: 2018, Arthropod: spider"
180,2019-02-06,05:30:59,10.1.51.1,identificationSkills/index.html,,
181,2019-02-06,05:34:11,10.1.51.1,identificationSkills/index.html,,
182,2019-02-06,14:53:19,10.1.50.1,identificationSkills/index.html,,
183,2019-02-07,14:31:04,10.1.49.1,identificationSkills/index.html,,
184,2019-02-07,14:38:16,10.1.49.1,identificationSkills/index.html,,
185,2019-02-07,14:39:46,10.1.49.1,conductASurvey,paperDataSheet.pdf,
186,2019-02-07,16:28:59,10.1.51.1,resources,GettingStarted.pdf,
187,2019-02-07,16:30:30,10.1.51.1,resources,TrainingParticipants.pdf,
188,2019-02-08,14:18:04,10.1.51.1,identificationSkills/index.html,,
189,2019-02-08,14:56:35,10.1.50.1,resources,TrainingParticipants.pdf,
190,2019-02-10,09:03:47,10.1.51.1,identificationSkills/index.html,,
191,2019-02-10,09:04:35,10.1.51.1,identificationSkills/index.html,,
192,2019-02-10,16:05:05,10.1.49.1,resources,"Building A Beat Sheet.pdf",
193,2019-02-10,16:11:22,10.1.49.1,resources,paperDataSheet.pdf,
194,2019-02-10,21:03:02,10.1.50.1,identificationSkills/index.html,,
195,2019-02-11,13:50:13,10.1.50.1,conductASurvey,paperDataSheet.pdf,
196,2019-02-12,11:09:48,10.1.51.1,identificationSkills/index.html,,
197,2019-02-12,18:44:54,10.1.50.1,resources,"Building A Beat Sheet.pdf",
198,2019-02-12,18:46:45,10.1.49.1,identificationSkills/index.html,,
199,2019-02-14,03:26:13,10.1.50.1,resources,GettingStarted.pdf,
200,2019-02-14,03:26:58,10.1.50.1,resources,paperDataSheet.pdf,
201,2019-02-14,14:21:33,10.1.50.1,resources,GettingStarted.pdf,
202,2019-02-14,14:21:45,10.1.50.1,resources,TrainingParticipants.pdf,
203,2019-02-14,14:23:41,10.1.50.1,resources,paperDataSheet.pdf,
204,2019-02-14,14:23:47,10.1.50.1,resources,"Building A Beat Sheet.pdf",
205,2019-02-14,14:24:03,10.1.50.1,resources,GettingStarted.pdf,
206,2019-02-15,13:01:12,10.1.50.1,resources,GettingStarted.pdf,
207,2019-02-15,13:01:32,10.1.50.1,resources,TrainingParticipants.pdf,
208,2019-02-15,18:20:50,10.1.50.1,resources,ManageMySurveysGuide.pdf,
209,2019-02-16,21:19:21,10.1.49.1,resources,"Phenology Across Trophic Levels lesson plan.pdf",
210,2019-02-18,15:42:20,10.1.50.1,identificationSkills,"Dichotomous Keys to Arthropod Orders.pdf",
211,2019-02-18,15:43:11,10.1.50.1,identificationSkills,ArthropodIDGuide.pdf,
212,2019-02-19,19:47:20,10.1.49.1,identificationSkills/index.html,,
213,2019-02-19,19:47:35,10.1.49.1,identificationSkills/index.html,,
214,2019-02-19,19:56:54,10.1.50.1,resources,ManageMySurveysGuide.pdf,
215,2019-02-20,00:04:22,10.1.51.1,resources,MSPhenology.pdf,
216,2019-02-20,00:05:28,10.1.51.1,resources,MSPhenology.pdf,
217,2019-02-20,00:05:32,10.1.51.1,resources,"Phenology Across Trophic Levels lesson plan.pdf",
218,2019-02-20,16:29:29,10.1.49.1,conductASurvey,paperDataSheet.pdf,
219,2019-02-22,00:06:34,10.1.50.1,identificationSkills/index.html,,
220,2019-02-22,00:59:27,10.1.49.1,identificationSkills,ArthropodIDGuide.pdf,
221,2019-02-22,01:00:07,10.1.49.1,identificationSkills,ArthropodIDGuide.pdf,
222,2019-02-22,14:26:18,10.1.50.1,identificationSkills,ArthropodIDGuide.pdf,
223,2019-02-22,15:21:02,10.1.50.1,identificationSkills/index.html,,
224,2019-02-22,16:04:43,10.1.50.1,identificationSkills/index.html,,
225,2019-02-22,16:11:32,10.1.51.1,resources,"Data Exploration.pdf",
226,2019-02-22,16:14:12,10.1.51.1,dataDownload,"Dynamically Generated CSV","Site: 104, YearStart: 2018, YearEnd: 2018, Arthropod: All"
227,2019-02-22,16:28:55,10.1.51.1,identificationSkills/index.html,,
228,2019-02-22,16:37:15,10.1.49.1,identificationSkills/index.html,,
229,2019-02-22,17:40:05,10.1.49.1,resources,GettingStarted.pdf,
230,2019-02-22,17:40:39,10.1.49.1,resources,TrainingParticipants.pdf,
231,2019-02-22,17:43:28,10.1.49.1,identificationSkills/index.html,,
232,2019-02-22,17:48:05,10.1.49.1,resources,TrainingParticipants.pdf,
233,2019-02-22,17:52:47,10.1.49.1,conductASurvey,paperDataSheet.pdf,
234,2019-02-22,17:59:15,10.1.49.1,conductASurvey,paperDataSheet.pdf,
235,2019-02-22,18:15:19,10.1.49.1,identificationSkills/index.html,,
236,2019-02-22,18:58:43,10.1.50.1,identificationSkills/index.html,,
237,2019-02-22,18:58:56,10.1.50.1,identificationSkills/index.html,,
238,2019-02-22,18:59:21,10.1.50.1,identificationSkills/index.html,,
239,2019-02-22,19:30:00,10.1.51.1,conductASurvey/index.html,,
240,2019-02-22,21:53:38,10.1.51.1,resources,"Vernal Pool Ruggles 2007.pdf",
241,2019-02-23,11:30:13,10.1.50.1,identificationSkills,ArthropodIDGuide.pdf,
242,2019-02-23,11:31:59,10.1.50.1,identificationSkills,"Dichotomous Keys to Arthropod Orders.pdf",
243,2019-02-23,17:33:51,10.1.51.1,identificationSkills/index.html,,
244,2019-02-24,16:06:03,10.1.50.1,conductASurvey,paperDataSheet.pdf,
245,2019-02-25,00:09:12,10.1.49.1,resources,"Building A Beat Sheet.pdf",
246,2019-02-25,11:42:43,10.1.49.1,resources,TrainingParticipants.pdf,
247,2019-02-25,23:25:13,10.1.49.1,identificationSkills/index.html,,
248,2019-02-26,11:34:54,10.1.49.1,resources,GettingStarted.pdf,
249,2019-02-26,11:35:02,10.1.49.1,resources,TrainingParticipants.pdf,
250,2019-02-26,11:36:23,10.1.49.1,identificationSkills,ArthropodIDGuide.pdf,
251,2019-02-26,11:36:35,10.1.49.1,identificationSkills,"Dichotomous Keys to Arthropod Orders.pdf",
252,2019-02-26,14:10:05,10.1.50.1,identificationSkills/index.html,,
253,2019-02-26,16:27:52,10.1.50.1,resources,TrainingParticipants.pdf,
254,2019-02-26,16:28:04,10.1.50.1,resources,TrainingParticipants.pdf,
255,2019-02-26,16:28:11,10.1.50.1,resources,TrainingParticipants.pdf,
256,2019-02-26,16:28:22,10.1.50.1,identificationSkills,ArthropodIDGuide.pdf,
257,2019-02-26,16:28:38,10.1.50.1,resources,MSPhenology.pdf,
258,2019-02-26,16:29:18,10.1.50.1,identificationSkills,ArthropodIDGuide.pdf,
259,2019-02-26,20:14:34,10.1.49.1,resources,TrainingParticipants.pdf,
260,2019-02-27,00:53:53,10.1.49.1,conductASurvey,paperDataSheet.pdf,
261,2019-02-27,01:30:12,10.1.49.1,identificationSkills,ArthropodIDGuide.pdf,
262,2019-02-27,12:58:57,10.1.50.1,conductASurvey,paperDataSheet.pdf,
263,2019-02-27,21:15:13,10.1.49.1,identificationSkills/index.html,,
264,2019-02-27,22:57:22,10.1.50.1,identificationSkills/index.html,,
265,2019-02-27,22:57:56,10.1.50.1,identificationSkills/index.html,,
266,2019-02-27,23:08:20,10.1.50.1,identificationSkills/index.html,,
267,2019-02-28,18:08:34,10.1.49.1,identificationSkills/index.html,,
268,2019-03-01,03:57:59,10.1.49.1,identificationSkills/index.html,,
269,2019-03-01,14:16:15,10.1.49.1,identificationSkills/index.html,,
270,2019-03-01,20:06:10,10.1.50.1,resources,"Vernal Pool Ruggles 2007.pdf",
271,2019-03-01,20:11:00,10.1.50.1,resources,hotOrCold.pdf,
272,2019-03-01,20:11:43,10.1.50.1,resources,GettingStarted.pdf,
273,2019-03-01,20:13:37,10.1.50.1,resources,MSPhenology.pdf,
274,2019-03-01,22:53:05,10.1.49.1,conductASurvey,paperDataSheet.pdf,
275,2019-03-04,13:40:14,10.1.51.1,resources,GettingStarted.pdf,
276,2019-03-04,14:11:24,10.1.51.1,mapsAndGraphs,"Dynamically Generated Map CSV","Comparison Metric: Occurrence (%), Observation Method: All, Arthropod Group: Caterpillars, Minimum Length (mm): 0, Plant Species: All, Wet Leaves: true, Month Start: 1, Month End: 12, Year Start: 2010, YearEnd: 2019"
277,2019-03-04,18:29:28,10.1.51.1,identificationSkills,ArthropodIDGuide.pdf,
278,2019-03-05,21:39:32,10.1.49.1,identificationSkills/index.html,,
279,2019-03-05,21:40:27,10.1.49.1,identificationSkills/index.html,,
280,2019-03-05,21:45:25,10.1.49.1,identificationSkills/index.html,,
281,2019-03-05,21:55:51,10.1.49.1,identificationSkills/index.html,,
282,2019-03-05,21:55:54,10.1.49.1,identificationSkills/index.html,,
283,2019-03-06,01:24:56,10.1.49.1,identificationSkills,ArthropodIDGuide.pdf,
284,2019-03-06,22:28:38,10.1.50.1,identificationSkills,ArthropodIDGuide.pdf,
285,2019-03-06,22:29:14,10.1.50.1,identificationSkills,"Dichotomous Keys to Arthropod Orders.pdf",
286,2019-03-06,22:37:11,10.1.50.1,dataDownload,"Dynamically Generated CSV","Site: 44, YearStart: 2019, YearEnd: 2019, Arthropod: moths"
287,2019-03-07,02:42:38,10.1.49.1,resources,ManageMySurveysGuide.pdf,
288,2019-03-07,03:42:19,10.1.49.1,resources,TrainingParticipants.pdf,
289,2019-03-07,03:43:49,10.1.49.1,resources,GettingStarted.pdf,
290,2019-03-07,16:20:27,10.1.50.1,identificationSkills,"Dichotomous Keys to Arthropod Orders.pdf",
291,2019-03-07,16:41:15,10.1.49.1,conductASurvey/index.html,,
292,2019-03-07,18:35:55,10.1.50.1,conductASurvey,paperDataSheet.pdf,
293,2019-03-07,22:20:55,10.1.49.1,dataDownload,"Dynamically Generated CSV","Site: All, YearStart: 2014, YearEnd: 2019, Arthropod: caterpillar"
294,2019-03-07,23:43:53,10.1.51.1,identificationSkills,ArthropodIDGuide.pdf,
295,2019-03-07,23:44:21,10.1.51.1,identificationSkills,"Dichotomous Keys to Arthropod Orders.pdf",
296,2019-03-08,18:13:31,10.1.49.1,resources,TrainingParticipants.pdf,
297,2019-03-08,18:14:22,10.1.49.1,resources,GettingStarted.pdf,
298,2019-03-09,01:22:43,10.1.51.1,identificationSkills/index.html,,
299,2019-03-09,01:24:05,10.1.51.1,identificationSkills/index.html,,
300,2019-03-09,01:25:05,10.1.51.1,identificationSkills/index.html,,
301,2019-03-09,07:40:10,10.1.51.1,identificationSkills,ArthropodIDGuide.pdf,
302,2019-03-09,07:40:16,10.1.51.1,identificationSkills,"Dichotomous Keys to Arthropod Orders.pdf",
303,2019-03-09,07:41:09,10.1.51.1,resources,ManageMySurveysGuide.pdf,
304,2019-03-09,16:20:47,10.1.51.1,identificationSkills/index.html,,
305,2019-03-09,16:47:24,10.1.51.1,identificationSkills/index.html,,
306,2019-03-11,20:16:21,10.1.49.1,resources,TrainingParticipants.pdf,
307,2019-03-12,16:33:14,10.1.49.1,identificationSkills/index.html,,
308,2019-03-12,20:09:33,10.1.50.1,identificationSkills,ArthropodIDGuide.pdf,
309,2019-03-12,20:12:02,10.1.50.1,identificationSkills,"Dichotomous Keys to Arthropod Orders.pdf",
310,2019-03-13,03:12:51,10.1.49.1,conductASurvey,paperDataSheet.pdf,
311,2019-03-13,03:22:40,10.1.49.1,identificationSkills/index.html,,
312,2019-03-13,13:14:00,10.1.50.1,identificationSkills,ArthropodIDGuide.pdf,
313,2019-03-13,18:15:15,10.1.50.1,resources,VisualSurveyTestBranch.pdf,
314,2019-03-13,18:25:56,10.1.50.1,resources,"Data Exploration.pdf",
315,2019-03-13,23:27:05,10.1.50.1,conductASurvey,paperDataSheet.pdf,
316,2019-03-14,01:55:58,10.1.50.1,identificationSkills/index.html,,
317,2019-03-14,01:56:43,10.1.50.1,identificationSkills/index.html,,
318,2019-03-15,15:36:47,10.1.51.1,resources,"Building A Beat Sheet.pdf",
319,2019-03-15,15:39:33,10.1.51.1,resources,"Building A Beat Sheet.pdf",
320,2019-03-15,15:49:41,10.1.51.1,resources,VisualSurveyTestBranch.pdf,
321,2019-03-15,17:48:50,10.1.50.1,resources,MSPhenology.pdf,
322,2019-03-16,14:03:43,10.1.51.1,identificationSkills/index.html,,
323,2019-03-17,00:02:27,10.1.51.1,identificationSkills,"Dichotomous Keys to Arthropod Orders.pdf",
324,2019-03-17,13:50:59,10.1.50.1,identificationSkills/index.html,,
325,2019-03-17,19:28:36,10.1.50.1,identificationSkills,ArthropodIDGuide.pdf,
326,2019-03-17,19:30:26,10.1.50.1,identificationSkills,"Dichotomous Keys to Arthropod Orders.pdf",
327,2019-03-17,19:43:03,10.1.50.1,resources,GettingStarted.pdf,
328,2019-03-17,19:45:28,10.1.50.1,resources,TrainingParticipants.pdf,
329,2019-03-17,20:07:06,10.1.51.1,mapsAndGraphs,"Dynamically Generated Phenology CSV","Y-Axis: Percent of Surveys, Lines: Ants at NC State University in 2018; Ants at NC State University in 2018; Caterpillars at NC State University in 2018; Caterpillars at NC State University in 2018;"
330,2019-03-17,20:07:36,10.1.51.1,mapsAndGraphs,"Dynamically Generated Map CSV","Comparison Metric: Density, Observation Method: All, Arthropod Group: Ants, Minimum Length (mm): 0, Plant Species: All, Wet Leaves: false, Month Start: 1, Month End: 12, Year Start: 2015, YearEnd: 2019"
331,2019-03-17,20:09:36,10.1.51.1,dataDownload,"Dynamically Generated CSV","Site: 77, YearStart: 2016, YearEnd: 2018, Arthropod: bee"
332,2019-03-17,20:29:51,10.1.50.1,dataDownload,"Dynamically Generated CSV","Site: 93, YearStart: 2018, YearEnd: 2018, Arthropod: All"
333,2019-03-17,20:36:45,10.1.50.1,resources,VisualSurveyTestBranch.pdf,
334,2019-03-17,20:38:59,10.1.50.1,resources,VisualSurveyTestBranch.pdf,
335,2019-03-18,20:37:03,10.1.49.1,resources,TrainingParticipants.pdf,
336,2019-03-19,13:07:33,10.1.50.1,resources,VisualSurveyTestBranch.pdf,
337,2019-03-19,14:31:39,10.1.50.1,resources,TrainingParticipants.pdf,
338,2019-03-19,14:32:37,10.1.50.1,resources,TrainingParticipants.pdf,
339,2019-03-19,14:32:44,10.1.50.1,resources,TrainingParticipants.pdf,
340,2019-03-19,14:32:56,10.1.50.1,resources,TrainingParticipants.pdf,
341,2019-03-19,14:33:04,10.1.50.1,resources,TrainingParticipants.pdf,
342,2019-03-19,14:33:16,10.1.50.1,resources,TrainingParticipants.pdf,
343,2019-03-19,14:33:19,10.1.50.1,resources,VisualSurveyTestBranch.pdf,
344,2019-03-19,14:35:22,10.1.50.1,resources,VisualSurveyTestBranch.pdf,
345,2019-03-19,14:37:14,10.1.50.1,resources,VisualSurveyTestBranch.pdf,
346,2019-03-19,14:40:36,10.1.50.1,resources,TrainingParticipants.pdf,
347,2019-03-19,14:48:31,10.1.50.1,identificationSkills,ArthropodIDGuide.pdf,
348,2019-03-19,14:56:46,10.1.50.1,resources,TrainingParticipants.pdf,
349,2019-03-19,14:57:15,10.1.50.1,resources,TrainingParticipants.pdf,
350,2019-03-19,17:47:23,10.1.49.1,identificationSkills,"Dichotomous Keys to Arthropod Orders.pdf",
351,2019-03-20,13:28:13,10.1.50.1,resources,"Arthropod Food Web lesson plan.pdf",
352,2019-03-20,13:29:11,10.1.50.1,identificationSkills,ArthropodIDGuide.pdf,
353,2019-03-20,14:00:48,10.1.51.1,resources,"Data Exploration.pdf",
354,2019-03-20,17:00:59,10.1.50.1,identificationSkills,ArthropodIDGuide.pdf,
355,2019-03-20,17:03:01,10.1.50.1,identificationSkills,"Dichotomous Keys to Arthropod Orders.pdf",
356,2019-03-20,17:04:30,10.1.50.1,conductASurvey,paperDataSheet.pdf,
357,2019-03-20,18:06:37,10.1.51.1,identificationSkills/index.html,,
358,2019-03-21,01:10:35,10.1.51.1,identificationSkills/index.html,,
359,2019-03-21,01:12:10,10.1.51.1,identificationSkills/index.html,,
360,2019-03-21,13:58:43,10.1.49.1,identificationSkills/index.html,,
361,2019-03-21,13:58:46,10.1.49.1,identificationSkills/index.html,,
362,2019-03-21,14:03:32,10.1.49.1,identificationSkills/index.html,,
363,2019-03-21,14:35:17,10.1.51.1,identificationSkills,"Dichotomous Keys to Arthropod Orders.pdf",
364,2019-03-21,15:43:22,10.1.50.1,resources,TrainingParticipants.pdf,
365,2019-03-21,15:44:15,10.1.50.1,identificationSkills,ArthropodIDGuide.pdf,
366,2019-03-21,15:45:23,10.1.50.1,resources,VisualSurveyTestBranch.pdf,
367,2019-03-21,15:46:32,10.1.50.1,resources,"Building A Beat Sheet.pdf",
368,2019-03-21,15:47:06,10.1.50.1,resources,ManageMySurveysGuide.pdf,
369,2019-03-21,15:48:14,10.1.50.1,resources,"Data Exploration.pdf",
370,2019-03-22,01:55:01,10.1.50.1,identificationSkills/index.html,,
371,2019-03-22,01:55:27,10.1.50.1,identificationSkills/index.html,,
372,2019-03-22,14:17:58,10.1.50.1,resources,"Vernal Pool Ruggles 2007.pdf",
373,2019-03-22,14:18:51,10.1.50.1,resources,TrainingParticipants.pdf,
374,2019-03-22,14:19:49,10.1.50.1,identificationSkills,ArthropodIDGuide.pdf,
375,2019-03-22,15:05:58,10.1.49.1,identificationSkills,ArthropodIDGuide.pdf,
376,2019-03-22,18:08:12,10.1.49.1,conductASurvey,paperDataSheet.pdf,
377,2019-03-23,01:14:11,10.1.51.1,identificationSkills,ArthropodIDGuide.pdf,
378,2019-03-23,01:14:40,10.1.51.1,identificationSkills,"Dichotomous Keys to Arthropod Orders.pdf",
379,2019-03-23,01:37:02,10.1.50.1,resources,MSPhenology.pdf,
380,2019-03-23,03:17:25,10.1.49.1,identificationSkills,ArthropodIDGuide.pdf,
381,2019-03-23,03:21:25,10.1.49.1,identificationSkills,ArthropodIDGuide.pdf,
382,2019-03-23,13:50:05,10.1.50.1,resources,"Phenology Across Trophic Levels lesson plan.pdf",
383,2019-03-23,13:53:35,10.1.50.1,resources,"Data Exploration.pdf",
384,2019-03-23,15:49:47,10.1.50.1,identificationSkills,ArthropodIDGuide.pdf,
385,2019-03-23,20:45:39,10.1.50.1,identificationSkills/index.html,,
386,2019-03-23,20:45:57,10.1.50.1,identificationSkills/index.html,,
387,2019-03-23,20:46:02,10.1.50.1,identificationSkills/index.html,,
388,2019-03-23,20:55:43,10.1.50.1,identificationSkills/index.html,,
389,2019-03-24,00:18:20,10.1.50.1,identificationSkills,"Dichotomous Keys to Arthropod Orders.pdf",
390,2019-03-24,02:17:28,10.1.49.1,identificationSkills,ArthropodIDGuide.pdf,
391,2019-03-25,12:21:47,10.1.50.1,resources,GettingStarted.pdf,
392,2019-03-25,14:30:57,10.1.50.1,resources,TrainingParticipants.pdf,
393,2019-03-25,16:22:58,10.1.49.1,identificationSkills,ArthropodIDGuide.pdf,
394,2019-03-25,16:24:03,10.1.49.1,identificationSkills,ArthropodIDGuide.pdf,
395,2019-03-25,16:24:11,10.1.49.1,identificationSkills,"Dichotomous Keys to Arthropod Orders.pdf",
396,2019-03-25,18:21:25,10.1.50.1,identificationSkills/index.html,,
397,2019-03-25,23:15:44,10.1.49.1,dataDownload,"Dynamically Generated CSV","Site: 78, YearStart: 2017, YearEnd: 2018, Arthropod: caterpillar"
398,2019-03-25,23:41:42,10.1.50.1,dataDownload,"Dynamically Generated CSV","Site: All, YearStart: 2010, YearEnd: 2019, Arthropod: caterpillar"
399,2019-03-26,00:34:17,10.1.49.1,mapsAndGraphs,"Dynamically Generated Map CSV","Comparison Metric: Occurrence (%), Observation Method: All, Arthropod Group: Caterpillars, Minimum Length (mm): 0, Plant Species: All, Wet Leaves: true, Month Start: 1, Month End: 12, Year Start: NaN, YearEnd: 2019"
400,2019-03-26,01:11:22,10.1.49.1,conductASurvey,paperDataSheet.pdf,
401,2019-03-26,01:26:06,10.1.51.1,identificationSkills/index.html,,
402,2019-03-26,03:07:57,10.1.50.1,identificationSkills,ArthropodIDGuide.pdf,
403,2019-03-26,11:25:23,10.1.51.1,identificationSkills/index.html,,
404,2019-03-26,16:59:22,10.1.49.1,identificationSkills/index.html,,
405,2019-03-26,17:04:59,10.1.49.1,identificationSkills/index.html,,
406,2019-03-26,18:33:07,10.1.49.1,identificationSkills,ArthropodIDGuide.pdf,
407,2019-03-26,19:11:27,10.1.49.1,dataDownload,"Dynamically Generated CSV","Site: 76, YearStart: 2018, YearEnd: 2018, Arthropod: All"
408,2019-03-26,19:35:51,10.1.51.1,mapsAndGraphs,"Dynamically Generated Phenology CSV","Y-Axis: Percent of Surveys, Lines:"
409,2019-03-26,19:35:54,10.1.49.1,mapsAndGraphs,"Dynamically Generated Phenology CSV","Y-Axis: Percent of Surveys, Lines:"
410,2019-03-26,20:55:26,10.1.50.1,identificationSkills,ArthropodIDGuide.pdf,
411,2019-03-26,21:02:35,10.1.50.1,mapsAndGraphs,"Dynamically Generated Phenology CSV","Y-Axis: Percent of Surveys, Lines: Caterpillars at NC Botanical Garden in 2018;"
412,2019-03-26,22:18:20,10.1.51.1,mapsAndGraphs,"Dynamically Generated Phenology CSV","Y-Axis: Percent of Surveys, Lines: Caterpillars at NC Botanical Garden in 2018;"
413,2019-03-26,22:18:21,10.1.51.1,mapsAndGraphs,"Dynamically Generated Phenology CSV","Y-Axis: Percent of Surveys, Lines: Caterpillars at NC Botanical Garden in 2018;"
414,2019-03-26,22:38:51,10.1.50.1,identificationSkills/index.html,,
415,2019-03-27,02:49:17,10.1.50.1,identificationSkills,ArthropodIDGuide.pdf,
416,2019-03-27,02:53:27,10.1.49.1,identificationSkills/index.html,,
417,2019-03-27,03:35:23,10.1.51.1,mapsAndGraphs,"Dynamically Generated Phenology CSV","Y-Axis: Percent of Surveys, Lines: Caterpillars at UNC Chapel Hill Campus in 2018;"
418,2019-03-27,15:08:11,10.1.51.1,mapsAndGraphs,"Dynamically Generated Map CSV","Comparison Metric: Occurrence (%), Observation Method: All, Arthropod Group: Caterpillars, Minimum Length (mm): 0, Plant Species: All, Wet Leaves: true, Month Start: 1, Month End: 12, Year Start: 2010, YearEnd: 2019"
419,2019-03-27,15:22:07,10.1.51.1,identificationSkills/index.html,,
420,2019-03-27,15:57:45,10.1.51.1,conductASurvey,paperDataSheet.pdf,
421,2019-03-27,16:40:49,10.1.51.1,identificationSkills/index.html,,
422,2019-03-27,16:41:40,10.1.51.1,identificationSkills/index.html,,
423,2019-03-27,17:00:45,10.1.49.1,identificationSkills,ArthropodIDGuide.pdf,
424,2019-03-27,20:10:08,10.1.51.1,identificationSkills/index.html,,
425,2019-03-27,20:33:06,10.1.50.1,identificationSkills/index.html,,
426,2019-03-27,20:37:00,10.1.51.1,resources,ManageMySurveysGuide.pdf,
427,2019-03-27,20:45:12,10.1.50.1,conductASurvey,paperDataSheet.pdf,
428,2019-03-27,20:53:27,10.1.51.1,identificationSkills,ArthropodIDGuide.pdf,
429,2019-03-27,21:35:31,10.1.50.1,identificationSkills,ArthropodIDGuide.pdf,
430,2019-03-27,22:09:34,10.1.49.1,identificationSkills,ArthropodIDGuide.pdf,
431,2019-03-27,22:10:20,10.1.51.1,identificationSkills,ArthropodIDGuide.pdf,
432,2019-03-27,23:27:16,10.1.51.1,identificationSkills,ArthropodIDGuide.pdf,
433,2019-03-28,00:04:04,10.1.49.1,mapsAndGraphs,"Dynamically Generated Phenology CSV","Y-Axis: Arthropods Per Survey, Lines: Caterpillars at Ijams Nature Center in 2019;"
434,2019-03-28,00:09:20,10.1.51.1,identificationSkills/index.html,,
435,2019-03-28,00:50:37,10.1.50.1,identificationSkills,ArthropodIDGuide.pdf,
436,2019-03-28,01:16:43,10.1.49.1,dataDownload,"Dynamically Generated CSV","Site: 60, YearStart: 2018, YearEnd: 2018, Arthropod: caterpillar"
437,2019-03-28,01:47:37,10.1.50.1,dataDownload,"Dynamically Generated CSV","Site: 74, YearStart: 2017, YearEnd: 2017, Arthropod: All"
438,2019-03-28,01:52:07,10.1.49.1,identificationSkills,ArthropodIDGuide.pdf,
439,2019-03-28,02:13:28,10.1.50.1,conductASurvey,paperDataSheet.pdf,
440,2019-03-28,02:14:12,10.1.50.1,identificationSkills/index.html,,
441,2019-03-28,02:18:39,10.1.50.1,resources,VisualSurveyTestBranch.pdf,
442,2019-03-28,02:20:49,10.1.50.1,resources,MSPhenology.pdf,
443,2019-03-28,02:21:03,10.1.50.1,resources,"Arthropod Food Web lesson plan.pdf",
444,2019-03-28,02:29:11,10.1.51.1,mapsAndGraphs,"Dynamically Generated Phenology CSV","Y-Axis: Percent of Surveys, Lines: Caterpillars at NC Botanical Garden in 2018;"
445,2019-03-28,02:41:37,10.1.51.1,identificationSkills/index.html,,
446,2019-03-28,02:55:27,10.1.51.1,identificationSkills/index.html,,
447,2019-03-28,02:56:12,10.1.51.1,identificationSkills,ArthropodIDGuide.pdf,
448,2019-03-28,02:56:53,10.1.51.1,resources,TrainingParticipants.pdf,
449,2019-03-28,03:08:05,10.1.49.1,conductASurvey,paperDataSheet.pdf,
450,2019-03-28,03:23:22,10.1.51.1,identificationSkills,ArthropodIDGuide.pdf,
451,2019-03-28,03:26:45,10.1.49.1,mapsAndGraphs,"Dynamically Generated Phenology CSV","Y-Axis: Percent of Surveys, Lines: Caterpillars at NC Botanical Garden in 2018;"
452,2019-03-28,03:44:30,10.1.51.1,identificationSkills,ArthropodIDGuide.pdf,
453,2019-03-28,15:17:47,10.1.51.1,conductASurvey,paperDataSheet.pdf,
454,2019-03-28,15:35:30,10.1.50.1,conductASurvey,paperDataSheet.pdf,
455,2019-03-28,16:06:28,10.1.50.1,identificationSkills,ArthropodIDGuide.pdf,
456,2019-03-28,16:42:08,10.1.49.1,identificationSkills,ArthropodIDGuide.pdf,
457,2019-03-28,16:42:48,10.1.49.1,identificationSkills,"Dichotomous Keys to Arthropod Orders.pdf",
458,2019-03-28,17:17:53,10.1.51.1,identificationSkills,ArthropodIDGuide.pdf,
459,2019-03-28,17:19:22,10.1.51.1,resources,VisualSurveyTestBranch.pdf,
460,2019-03-28,18:34:25,10.1.50.1,conductASurvey,paperDataSheet.pdf,
461,2019-03-28,19:34:33,10.1.50.1,identificationSkills/index.html,,
462,2019-03-28,20:49:54,10.1.50.1,identificationSkills/index.html,,
463,2019-03-28,23:30:40,10.1.51.1,dataDownload,"Dynamically Generated CSV","Site: 78, YearStart: 2015, YearEnd: 2018, Arthropod: caterpillar"
464,2019-03-28,23:58:53,10.1.49.1,mapsAndGraphs,"Dynamically Generated Phenology CSV","Y-Axis: Arthropods Per Survey, Lines: Caterpillars at NC Botanical Garden in 2018;"
465,2019-03-29,01:25:22,10.1.49.1,conductASurvey,paperDataSheet.pdf,
466,2019-03-29,01:35:59,10.1.50.1,conductASurvey,paperDataSheet.pdf,
467,2019-03-29,01:43:11,10.1.50.1,identificationSkills,ArthropodIDGuide.pdf,
468,2019-03-29,01:54:22,10.1.49.1,conductASurvey,paperDataSheet.pdf,
469,2019-03-29,02:18:06,10.1.51.1,identificationSkills,ArthropodIDGuide.pdf,
470,2019-03-29,02:18:12,10.1.49.1,conductASurvey,paperDataSheet.pdf,
471,2019-03-29,02:23:49,10.1.51.1,conductASurvey,paperDataSheet.pdf,
472,2019-03-29,03:06:35,10.1.49.1,mapsAndGraphs,"Dynamically Generated Phenology CSV","Y-Axis: Percent of Surveys, Lines: Caterpillars at NC Botanical Garden in 2018;"
473,2019-03-29,03:41:34,10.1.49.1,mapsAndGraphs,"Dynamically Generated Map CSV","Comparison Metric: Occurrence (%), Observation Method: All, Arthropod Group: Caterpillars, Minimum Length (mm): 0, Plant Species: All, Wet Leaves: true, Month Start: 1, Month End: 12, Year Start: 2010, YearEnd: 2019"
474,2019-03-29,12:44:44,10.1.51.1,resources,"Arthropod Food Web lesson plan.pdf",
475,2019-03-29,12:44:51,10.1.51.1,resources,"Arthropod Food Web lesson plan.pdf",
476,2019-04-01,00:40:29,10.1.49.1,identificationSkills,ArthropodIDGuide.pdf,
477,2019-04-01,19:12:49,10.1.50.1,resources,"Data Exploration.pdf",
478,2019-04-02,06:16:32,10.1.49.1,conductASurvey,paperDataSheet.pdf,
479,2019-04-02,16:32:34,10.1.51.1,conductASurvey,paperDataSheet.pdf,
480,2019-04-02,16:49:05,10.1.49.1,resources,VisualSurveyTestBranch.pdf,
481,2019-04-02,16:50:14,10.1.49.1,resources,TrainingParticipants.pdf,
482,2019-04-02,16:54:16,10.1.51.1,resources,TrainingParticipants.pdf,
483,2019-04-02,16:54:31,10.1.51.1,resources,VisualSurveyTestBranch.pdf,
484,2019-04-02,16:55:00,10.1.51.1,resources,GettingStarted.pdf,
485,2019-04-02,18:55:53,10.1.50.1,identificationSkills,ArthropodIDGuide.pdf,
486,2019-04-02,19:03:31,10.1.50.1,identificationSkills,"Dichotomous Keys to Arthropod Orders.pdf",
487,2019-04-02,20:25:44,10.1.50.1,conductASurvey,paperDataSheet.pdf,
488,2019-04-03,10:58:37,10.1.51.1,identificationSkills/index.html,,
489,2019-04-03,14:46:26,10.1.50.1,resources,ManageMySurveysGuide.pdf,
490,2019-04-03,14:48:36,10.1.51.1,dataDownload,"Dynamically Generated CSV","Site: 67, YearStart: 2018, YearEnd: 2019, Arthropod: All"
491,2019-04-03,16:39:29,10.1.51.1,identificationSkills/index.html,,
492,2019-04-03,17:22:02,10.1.51.1,identificationSkills,ArthropodIDGuide.pdf,
493,2019-04-03,17:23:18,10.1.51.1,resources,VisualSurveyTestBranch.pdf,
494,2019-04-03,18:04:02,10.1.51.1,conductASurvey,paperDataSheet.pdf,
495,2019-04-04,01:31:37,10.1.49.1,identificationSkills,ArthropodIDGuide.pdf,
496,2019-04-04,16:49:43,10.1.49.1,identificationSkills,ArthropodIDGuide.pdf,
497,2019-04-04,17:41:01,10.1.51.1,identificationSkills,ArthropodIDGuide.pdf,
498,2019-04-04,17:41:46,10.1.51.1,identificationSkills,ArthropodIDGuide.pdf,
499,2019-04-04,17:41:54,10.1.51.1,identificationSkills,"Dichotomous Keys to Arthropod Orders.pdf",
500,2019-04-04,18:54:34,10.1.50.1,identificationSkills/index.html,,
501,2019-04-06,15:00:12,10.1.49.1,resources,paperDataSheet.pdf,
502,2019-04-06,15:15:50,10.1.49.1,conductASurvey/index.html,,
503,2019-04-06,15:45:41,10.1.51.1,conductASurvey,paperDataSheet.pdf,
504,2019-04-06,15:50:52,10.1.49.1,resources,"Arthropod Food Web lesson plan.pdf",
505,2019-04-06,15:52:43,10.1.49.1,resources,VisualSurveyTestBranch.pdf,
506,2019-04-08,03:25:27,10.1.50.1,mapsAndGraphs,"Dynamically Generated Composition CSV","X-Axis: site, Y-Axis: Percent of Arthropods, Sites Included: Walker Nature Center"
507,2019-04-08,03:31:58,10.1.50.1,mapsAndGraphs,"Dynamically Generated Phenology CSV","Y-Axis: Arthropods Per Survey, Lines: Caterpillars at Walker Nature Center in 2018;"
508,2019-04-09,02:42:04,10.1.50.1,identificationSkills,ArthropodIDGuide.pdf,
509,2019-04-09,12:18:48,10.1.50.1,identificationSkills/index.html,,
510,2019-04-09,13:28:27,10.1.51.1,identificationSkills,ArthropodIDGuide.pdf,
511,2019-04-09,14:54:09,10.1.51.1,identificationSkills,ArthropodIDGuide.pdf,
512,2019-04-09,14:54:09,10.1.49.1,identificationSkills,ArthropodIDGuide.pdf,
513,2019-04-09,14:54:10,10.1.50.1,identificationSkills,ArthropodIDGuide.pdf,
514,2019-04-09,14:54:11,10.1.51.1,identificationSkills,ArthropodIDGuide.pdf,
515,2019-04-09,14:54:11,10.1.51.1,identificationSkills,ArthropodIDGuide.pdf,
516,2019-04-09,14:54:12,10.1.49.1,identificationSkills,ArthropodIDGuide.pdf,
517,2019-04-09,14:54:12,10.1.50.1,identificationSkills,ArthropodIDGuide.pdf,
518,2019-04-09,14:54:13,10.1.49.1,identificationSkills,ArthropodIDGuide.pdf,
519,2019-04-09,14:54:13,10.1.49.1,identificationSkills,ArthropodIDGuide.pdf,
520,2019-04-09,14:54:13,10.1.50.1,identificationSkills,ArthropodIDGuide.pdf,
521,2019-04-09,14:54:14,10.1.50.1,identificationSkills,"Dichotomous Keys to Arthropod Orders.pdf",
522,2019-04-09,14:54:14,10.1.49.1,identificationSkills,ArthropodIDGuide.pdf,
523,2019-04-09,14:54:14,10.1.49.1,identificationSkills,ArthropodIDGuide.pdf,
524,2019-04-09,14:54:14,10.1.49.1,identificationSkills,ArthropodIDGuide.pdf,
525,2019-04-09,14:54:14,10.1.51.1,identificationSkills,ArthropodIDGuide.pdf,
526,2019-04-09,14:54:14,10.1.49.1,identificationSkills,ArthropodIDGuide.pdf,
527,2019-04-09,14:54:15,10.1.50.1,identificationSkills,ArthropodIDGuide.pdf,
528,2019-04-09,14:54:15,10.1.51.1,identificationSkills,ArthropodIDGuide.pdf,
529,2019-04-09,14:54:15,10.1.49.1,identificationSkills,ArthropodIDGuide.pdf,
530,2019-04-09,14:54:15,10.1.49.1,identificationSkills,ArthropodIDGuide.pdf,
531,2019-04-09,14:54:16,10.1.49.1,identificationSkills,ArthropodIDGuide.pdf,
532,2019-04-09,14:54:17,10.1.51.1,identificationSkills,ArthropodIDGuide.pdf,
533,2019-04-09,14:54:19,10.1.51.1,identificationSkills,ArthropodIDGuide.pdf,
534,2019-04-09,14:54:19,10.1.51.1,identificationSkills,ArthropodIDGuide.pdf,
535,2019-04-09,14:54:21,10.1.49.1,identificationSkills,ArthropodIDGuide.pdf,
536,2019-04-09,14:54:21,10.1.50.1,identificationSkills,ArthropodIDGuide.pdf,
537,2019-04-09,14:54:21,10.1.50.1,identificationSkills,ArthropodIDGuide.pdf,
538,2019-04-09,14:54:22,10.1.50.1,identificationSkills,ArthropodIDGuide.pdf,
539,2019-04-09,14:54:22,10.1.51.1,identificationSkills,ArthropodIDGuide.pdf,
540,2019-04-09,14:54:22,10.1.50.1,identificationSkills/index.html,,
541,2019-04-09,14:54:25,10.1.50.1,identificationSkills,ArthropodIDGuide.pdf,
542,2019-04-09,14:54:27,10.1.50.1,identificationSkills,ArthropodIDGuide.pdf,
543,2019-04-09,14:54:27,10.1.50.1,identificationSkills,ArthropodIDGuide.pdf,
544,2019-04-09,14:54:28,10.1.51.1,identificationSkills,ArthropodIDGuide.pdf,
545,2019-04-09,14:54:29,10.1.50.1,identificationSkills,ArthropodIDGuide.pdf,
546,2019-04-09,14:54:29,10.1.49.1,identificationSkills,ArthropodIDGuide.pdf,
547,2019-04-09,14:54:29,10.1.50.1,identificationSkills,ArthropodIDGuide.pdf,
548,2019-04-09,14:54:32,10.1.49.1,identificationSkills,ArthropodIDGuide.pdf,
549,2019-04-09,14:54:33,10.1.49.1,identificationSkills,ArthropodIDGuide.pdf,
550,2019-04-09,14:54:33,10.1.49.1,identificationSkills,ArthropodIDGuide.pdf,
551,2019-04-09,14:54:34,10.1.50.1,identificationSkills,ArthropodIDGuide.pdf,
552,2019-04-09,14:54:35,10.1.51.1,identificationSkills/index.html,,
553,2019-04-09,14:54:35,10.1.49.1,identificationSkills,ArthropodIDGuide.pdf,
554,2019-04-09,14:54:38,10.1.51.1,identificationSkills/index.html,,
555,2019-04-09,14:54:39,10.1.49.1,identificationSkills,ArthropodIDGuide.pdf,
556,2019-04-09,14:55:06,10.1.50.1,identificationSkills,ArthropodIDGuide.pdf,
557,2019-04-09,14:55:19,10.1.50.1,identificationSkills,"Dichotomous Keys to Arthropod Orders.pdf",
558,2019-04-09,14:55:37,10.1.51.1,identificationSkills/index.html,,
559,2019-04-09,14:55:48,10.1.50.1,identificationSkills,ArthropodIDGuide.pdf,
560,2019-04-09,14:55:54,10.1.49.1,identificationSkills,ArthropodIDGuide.pdf,
561,2019-04-09,14:56:27,10.1.50.1,identificationSkills,ArthropodIDGuide.pdf,
562,2019-04-09,14:56:43,10.1.51.1,identificationSkills,ArthropodIDGuide.pdf,
563,2019-04-09,14:57:04,10.1.50.1,identificationSkills,ArthropodIDGuide.pdf,
564,2019-04-09,14:57:07,10.1.50.1,identificationSkills,"Dichotomous Keys to Arthropod Orders.pdf",
565,2019-04-09,14:57:30,10.1.51.1,identificationSkills,ArthropodIDGuide.pdf,
566,2019-04-09,14:58:25,10.1.51.1,identificationSkills,ArthropodIDGuide.pdf,
567,2019-04-09,14:59:50,10.1.50.1,identificationSkills,ArthropodIDGuide.pdf,
568,2019-04-09,15:00:26,10.1.50.1,identificationSkills,ArthropodIDGuide.pdf,
569,2019-04-09,15:00:59,10.1.50.1,identificationSkills/index.html,,
570,2019-04-09,15:01:23,10.1.49.1,identificationSkills,ArthropodIDGuide.pdf,
571,2019-04-09,15:02:20,10.1.49.1,identificationSkills,ArthropodIDGuide.pdf,
572,2019-04-09,15:02:23,10.1.50.1,identificationSkills,ArthropodIDGuide.pdf,
573,2019-04-09,15:02:28,10.1.49.1,identificationSkills,ArthropodIDGuide.pdf,
574,2019-04-09,15:02:28,10.1.49.1,identificationSkills,ArthropodIDGuide.pdf,
575,2019-04-09,15:02:29,10.1.49.1,identificationSkills,ArthropodIDGuide.pdf,
576,2019-04-09,15:02:33,10.1.50.1,identificationSkills,ArthropodIDGuide.pdf,
577,2019-04-09,15:02:38,10.1.50.1,identificationSkills/index.html,,
578,2019-04-09,15:02:39,10.1.51.1,identificationSkills,ArthropodIDGuide.pdf,
579,2019-04-09,15:02:41,10.1.49.1,identificationSkills,ArthropodIDGuide.pdf,
580,2019-04-09,15:03:38,10.1.51.1,identificationSkills,ArthropodIDGuide.pdf,
581,2019-04-09,15:04:38,10.1.49.1,identificationSkills/index.html,,
582,2019-04-09,15:07:31,10.1.50.1,identificationSkills,ArthropodIDGuide.pdf,
583,2019-04-09,15:11:59,10.1.49.1,resources,VisualSurveyTestBranch.pdf,
584,2019-04-09,15:13:18,10.1.49.1,resources,TrainingParticipants.pdf,
585,2019-04-09,16:30:11,10.1.51.1,resources,VisualSurveyTestBranch.pdf,
586,2019-04-09,17:41:37,10.1.50.1,identificationSkills/index.html,,
587,2019-04-09,17:46:18,10.1.49.1,identificationSkills,ArthropodIDGuide.pdf,
588,2019-04-09,17:46:19,10.1.50.1,identificationSkills,ArthropodIDGuide.pdf,
589,2019-04-09,17:46:19,10.1.49.1,identificationSkills,ArthropodIDGuide.pdf,
590,2019-04-09,17:46:20,10.1.50.1,identificationSkills,ArthropodIDGuide.pdf,
591,2019-04-09,17:46:20,10.1.51.1,identificationSkills,ArthropodIDGuide.pdf,
592,2019-04-09,17:46:21,10.1.49.1,identificationSkills,ArthropodIDGuide.pdf,
593,2019-04-09,17:46:21,10.1.49.1,identificationSkills,ArthropodIDGuide.pdf,
594,2019-04-09,17:46:22,10.1.49.1,identificationSkills,ArthropodIDGuide.pdf,
595,2019-04-09,17:46:22,10.1.49.1,identificationSkills,ArthropodIDGuide.pdf,
596,2019-04-09,17:46:22,10.1.51.1,identificationSkills,ArthropodIDGuide.pdf,
597,2019-04-09,17:46:22,10.1.49.1,identificationSkills,ArthropodIDGuide.pdf,
598,2019-04-09,17:46:23,10.1.49.1,identificationSkills,ArthropodIDGuide.pdf,
599,2019-04-09,17:46:24,10.1.49.1,identificationSkills,ArthropodIDGuide.pdf,
600,2019-04-09,17:46:24,10.1.50.1,identificationSkills,ArthropodIDGuide.pdf,
601,2019-04-09,17:46:25,10.1.51.1,identificationSkills,ArthropodIDGuide.pdf,
602,2019-04-09,17:46:26,10.1.49.1,identificationSkills,ArthropodIDGuide.pdf,
603,2019-04-09,17:46:30,10.1.49.1,identificationSkills,ArthropodIDGuide.pdf,
604,2019-04-09,17:46:31,10.1.51.1,identificationSkills,ArthropodIDGuide.pdf,
605,2019-04-09,17:46:31,10.1.49.1,identificationSkills,ArthropodIDGuide.pdf,
606,2019-04-09,17:46:33,10.1.51.1,identificationSkills,ArthropodIDGuide.pdf,
607,2019-04-09,17:46:34,10.1.51.1,identificationSkills,ArthropodIDGuide.pdf,
608,2019-04-09,17:46:38,10.1.51.1,identificationSkills,ArthropodIDGuide.pdf,
609,2019-04-09,17:46:49,10.1.49.1,identificationSkills,ArthropodIDGuide.pdf,
610,2019-04-09,17:46:58,10.1.49.1,identificationSkills,ArthropodIDGuide.pdf,
611,2019-04-09,17:47:01,10.1.49.1,identificationSkills,"Dichotomous Keys to Arthropod Orders.pdf",
612,2019-04-09,17:47:03,10.1.51.1,identificationSkills,"Dichotomous Keys to Arthropod Orders.pdf",
613,2019-04-09,17:47:08,10.1.51.1,identificationSkills,ArthropodIDGuide.pdf,
614,2019-04-09,17:47:42,10.1.51.1,identificationSkills,ArthropodIDGuide.pdf,
615,2019-04-09,17:47:56,10.1.49.1,identificationSkills,"Dichotomous Keys to Arthropod Orders.pdf",
616,2019-04-09,17:48:02,10.1.49.1,identificationSkills,ArthropodIDGuide.pdf,
617,2019-04-09,17:51:06,10.1.49.1,identificationSkills,ArthropodIDGuide.pdf,
618,2019-04-09,17:51:48,10.1.49.1,identificationSkills,ArthropodIDGuide.pdf,
619,2019-04-09,17:52:07,10.1.51.1,identificationSkills/index.html,,
620,2019-04-09,17:52:17,10.1.51.1,identificationSkills,ArthropodIDGuide.pdf,
621,2019-04-09,17:52:45,10.1.51.1,identificationSkills,ArthropodIDGuide.pdf,
622,2019-04-09,17:52:50,10.1.49.1,identificationSkills,ArthropodIDGuide.pdf,
623,2019-04-09,17:52:53,10.1.49.1,identificationSkills,"Dichotomous Keys to Arthropod Orders.pdf",
624,2019-04-09,17:52:55,10.1.51.1,identificationSkills,ArthropodIDGuide.pdf,
625,2019-04-09,17:52:57,10.1.49.1,identificationSkills,ArthropodIDGuide.pdf,
626,2019-04-09,17:54:06,10.1.49.1,identificationSkills,ArthropodIDGuide.pdf,
627,2019-04-09,17:54:13,10.1.49.1,identificationSkills,ArthropodIDGuide.pdf,
628,2019-04-09,17:54:14,10.1.49.1,identificationSkills,"Dichotomous Keys to Arthropod Orders.pdf",
629,2019-04-09,17:54:33,10.1.49.1,identificationSkills/index.html,,
630,2019-04-09,17:56:58,10.1.51.1,identificationSkills,ArthropodIDGuide.pdf,
631,2019-04-09,18:01:27,10.1.51.1,identificationSkills,ArthropodIDGuide.pdf,
632,2019-04-09,18:09:54,10.1.51.1,identificationSkills,ArthropodIDGuide.pdf,
633,2019-04-09,18:23:28,10.1.51.1,identificationSkills,ArthropodIDGuide.pdf,
634,2019-04-10,18:41:07,10.1.49.1,identificationSkills,ArthropodIDGuide.pdf,
635,2019-04-10,20:14:05,10.1.51.1,identificationSkills,ArthropodIDGuide.pdf,
636,2019-04-10,20:16:53,10.1.51.1,identificationSkills,ArthropodIDGuide.pdf,
637,2019-04-11,01:44:18,10.1.50.1,identificationSkills,"Dichotomous Keys to Arthropod Orders.pdf",
638,2019-04-11,14:41:32,10.1.50.1,identificationSkills,ArthropodIDGuide.pdf,
639,2019-04-11,14:47:36,10.1.49.1,identificationSkills,ArthropodIDGuide.pdf,
640,2019-04-11,15:07:34,10.1.51.1,conductASurvey,paperDataSheet.pdf,
641,2019-04-11,15:08:50,10.1.51.1,identificationSkills,ArthropodIDGuide.pdf,
642,2019-04-11,15:32:52,10.1.50.1,identificationSkills,ArthropodIDGuide.pdf,
643,2019-04-11,15:32:56,10.1.50.1,identificationSkills,"Dichotomous Keys to Arthropod Orders.pdf",
644,2019-04-11,16:16:24,10.1.50.1,identificationSkills,ArthropodIDGuide.pdf,
645,2019-04-11,16:16:39,10.1.49.1,identificationSkills,ArthropodIDGuide.pdf,
646,2019-04-11,16:46:03,10.1.49.1,identificationSkills,ArthropodIDGuide.pdf,
647,2019-04-11,17:49:02,10.1.51.1,identificationSkills,ArthropodIDGuide.pdf,
648,2019-04-11,18:04:36,10.1.51.1,conductASurvey,paperDataSheet.pdf,
649,2019-04-11,18:04:52,10.1.51.1,conductASurvey,paperDataSheet.pdf,
650,2019-04-11,19:21:06,10.1.50.1,dataDownload,"Dynamically Generated CSV","Site: All, YearStart: 2010, YearEnd: 2019, Arthropod: All"
651,2019-04-11,19:57:47,10.1.50.1,resources,ManageMySurveysGuide.pdf,
652,2019-04-11,20:56:58,10.1.50.1,resources,"Vernal Pool Ruggles 2007.pdf",
653,2019-04-11,21:00:31,10.1.50.1,resources,hotOrCold.pdf,
654,2019-04-11,22:35:46,10.1.51.1,identificationSkills,ArthropodIDGuide.pdf,
655,2019-04-12,13:01:56,10.1.51.1,identificationSkills,ArthropodIDGuide.pdf,
656,2019-04-12,14:20:55,10.1.51.1,identificationSkills,ArthropodIDGuide.pdf,
657,2019-04-12,14:40:03,10.1.49.1,identificationSkills,ArthropodIDGuide.pdf,
658,2019-04-12,15:54:08,10.1.51.1,conductASurvey,paperDataSheet.pdf,
659,2019-04-12,17:10:57,10.1.49.1,identificationSkills,ArthropodIDGuide.pdf,
660,2019-04-12,20:25:50,10.1.51.1,identificationSkills/index.html,,
661,2019-04-12,20:26:36,10.1.51.1,identificationSkills/index.html,,
662,2019-04-12,20:27:51,10.1.51.1,conductASurvey,paperDataSheet.pdf,
663,2019-04-12,21:21:19,10.1.49.1,identificationSkills,ArthropodIDGuide.pdf,
664,2019-04-12,22:18:29,10.1.50.1,dataDownload,"Dynamically Generated CSV","Site: 115, YearStart: 2012, YearEnd: 2012, Arthropod: All"
665,2019-04-13,01:34:18,10.1.51.1,identificationSkills/index.html,,
666,2019-04-13,21:03:14,10.1.51.1,identificationSkills,ArthropodIDGuide.pdf,
667,2019-04-13,21:07:42,10.1.49.1,identificationSkills,ArthropodIDGuide.pdf,
668,2019-04-13,21:08:17,10.1.51.1,identificationSkills,ArthropodIDGuide.pdf,
669,2019-04-14,01:07:49,10.1.50.1,identificationSkills/index.html,,
670,2019-04-14,03:39:15,10.1.49.1,identificationSkills,ArthropodIDGuide.pdf,
671,2019-04-14,05:22:53,10.1.51.1,identificationSkills,ArthropodIDGuide.pdf,
672,2019-04-14,13:57:30,10.1.49.1,identificationSkills/index.html,,
673,2019-04-14,16:28:01,10.1.51.1,identificationSkills,ArthropodIDGuide.pdf,
674,2019-04-14,18:21:23,10.1.49.1,identificationSkills,"Dichotomous Keys to Arthropod Orders.pdf",
675,2019-04-14,18:21:33,10.1.49.1,identificationSkills,ArthropodIDGuide.pdf,
676,2019-04-14,18:24:19,10.1.49.1,identificationSkills,ArthropodIDGuide.pdf,
677,2019-04-14,19:18:02,10.1.49.1,identificationSkills,ArthropodIDGuide.pdf,
678,2019-04-14,21:50:59,10.1.51.1,identificationSkills,ArthropodIDGuide.pdf,
679,2019-04-14,23:23:48,10.1.49.1,identificationSkills,ArthropodIDGuide.pdf,
680,2019-04-14,23:23:56,10.1.49.1,identificationSkills,"Dichotomous Keys to Arthropod Orders.pdf",
681,2019-04-15,01:41:47,10.1.50.1,identificationSkills,ArthropodIDGuide.pdf,
682,2019-04-15,01:45:33,10.1.51.1,identificationSkills,ArthropodIDGuide.pdf,
683,2019-04-15,01:47:01,10.1.51.1,identificationSkills,ArthropodIDGuide.pdf,
684,2019-04-15,02:02:11,10.1.51.1,identificationSkills,ArthropodIDGuide.pdf,
685,2019-04-15,02:48:31,10.1.50.1,identificationSkills/index.html,,
686,2019-04-15,04:26:17,10.1.51.1,identificationSkills,ArthropodIDGuide.pdf,
687,2019-04-15,04:26:30,10.1.51.1,identificationSkills,"Dichotomous Keys to Arthropod Orders.pdf",
688,2019-04-15,04:30:21,10.1.49.1,identificationSkills,ArthropodIDGuide.pdf,
689,2019-04-15,13:19:15,10.1.51.1,identificationSkills,"Dichotomous Keys to Arthropod Orders.pdf",
690,2019-04-15,13:44:24,10.1.51.1,identificationSkills/index.html,,
691,2019-04-15,14:24:50,10.1.49.1,identificationSkills/index.html,,
692,2019-04-15,14:25:53,10.1.49.1,identificationSkills/index.html,,
693,2019-04-15,14:56:12,10.1.51.1,dataDownload,"Dynamically Generated CSV","Site: 73, YearStart: 2014, YearEnd: 2018, Arthropod: All"
694,2019-04-15,16:20:13,10.1.49.1,identificationSkills/index.html,,
695,2019-04-15,17:22:51,10.1.50.1,resources,GettingStarted.pdf,
696,2019-04-15,17:23:05,10.1.50.1,identificationSkills,"Dichotomous Keys to Arthropod Orders.pdf",
697,2019-04-15,17:23:22,10.1.50.1,identificationSkills,ArthropodIDGuide.pdf,
698,2019-04-15,17:24:57,10.1.49.1,identificationSkills,ArthropodIDGuide.pdf,
699,2019-04-15,17:26:21,10.1.50.1,identificationSkills,ArthropodIDGuide.pdf,
700,2019-04-15,18:29:16,10.1.50.1,conductASurvey,paperDataSheet.pdf,
701,2019-04-15,19:11:10,10.1.51.1,identificationSkills,ArthropodIDGuide.pdf,
702,2019-04-15,19:38:10,10.1.49.1,identificationSkills,ArthropodIDGuide.pdf,
703,2019-04-15,22:11:54,10.1.49.1,conductASurvey,paperDataSheet.pdf,
704,2019-04-16,04:01:56,10.1.49.1,identificationSkills,ArthropodIDGuide.pdf,
705,2019-04-16,12:58:23,10.1.49.1,identificationSkills/index.html,,
706,2019-04-16,13:35:56,10.1.49.1,identificationSkills/index.html,,
707,2019-04-16,13:38:41,10.1.49.1,identificationSkills/index.html,,
708,2019-04-16,15:06:56,10.1.50.1,identificationSkills/index.html,,
709,2019-04-16,15:12:51,10.1.50.1,identificationSkills/index.html,,
710,2019-04-16,15:12:55,10.1.50.1,identificationSkills/index.html,,
711,2019-04-16,15:13:03,10.1.50.1,identificationSkills/index.html,,
712,2019-04-16,15:38:16,10.1.49.1,identificationSkills/index.html,,
713,2019-04-16,16:10:01,10.1.49.1,identificationSkills/index.html,,
714,2019-04-16,18:01:46,10.1.49.1,resources,TrainingParticipants.pdf,
715,2019-04-16,18:02:00,10.1.49.1,resources,GettingStarted.pdf,
716,2019-04-16,18:07:07,10.1.50.1,conductASurvey,paperDataSheet.pdf,
717,2019-04-16,20:29:26,10.1.51.1,identificationSkills,ArthropodIDGuide.pdf,
718,2019-04-16,23:36:57,10.1.49.1,identificationSkills,ArthropodIDGuide.pdf,
719,2019-04-16,23:57:35,10.1.50.1,faq,ArthropodIDGuide.pdf,
720,2019-04-17,05:57:37,10.1.51.1,identificationSkills/index.html,,
721,2019-04-17,13:22:24,10.1.51.1,faq,ArthropodIDGuide.pdf,
722,2019-04-17,13:23:55,10.1.51.1,resources,TrainingParticipants.pdf,
723,2019-04-17,13:24:24,10.1.51.1,resources,GettingStarted.pdf,
724,2019-04-17,14:41:34,10.1.51.1,identificationSkills,"Dichotomous Keys to Arthropod Orders.pdf",
725,2019-04-17,17:06:31,10.1.49.1,resources,GettingStarted.pdf,
726,2019-04-17,18:02:49,10.1.51.1,identificationSkills/index.html,,
727,2019-04-18,00:40:29,10.1.50.1,identificationSkills/index.html,,
728,2019-04-18,00:43:03,10.1.50.1,identificationSkills/index.html,,
729,2019-04-18,13:46:23,10.1.50.1,conductASurvey,paperDataSheet.pdf,
730,2019-04-18,14:59:10,10.1.50.1,resources,paperDataSheet.pdf,
731,2019-04-18,18:06:43,10.1.49.1,identificationSkills/index.html,,
732,2019-04-18,18:06:54,10.1.49.1,identificationSkills/index.html,,
733,2019-04-18,18:07:55,10.1.49.1,identificationSkills/index.html,,
734,2019-04-18,19:50:49,10.1.49.1,identificationSkills,ArthropodIDGuide.pdf,
735,2019-04-19,19:10:01,10.1.49.1,conductASurvey,paperDataSheet.pdf,
736,2019-04-19,22:47:44,10.1.51.1,resources,ManageMySurveysGuide.pdf,
737,2019-04-20,13:46:27,10.1.49.1,conductASurvey,paperDataSheet.pdf,
738,2019-04-20,13:46:36,10.1.49.1,conductASurvey,paperDataSheet.pdf,
739,2019-04-20,13:46:57,10.1.49.1,identificationSkills/index.html,,
740,2019-04-20,13:47:00,10.1.49.1,identificationSkills/index.html,,
741,2019-04-20,13:47:05,10.1.49.1,identificationSkills/index.html,,
742,2019-04-20,16:20:51,10.1.49.1,conductASurvey,paperDataSheet.pdf,
743,2019-04-21,02:35:34,10.1.50.1,dataDownload,"Dynamically Generated CSV","Site: All, YearStart: 2018, YearEnd: 2018, Arthropod: caterpillar"
744,2019-04-21,12:35:34,10.1.50.1,identificationSkills/index.html,,
745,2019-04-22,15:05:48,10.1.49.1,identificationSkills,ArthropodIDGuide.pdf,
746,2019-04-22,15:40:04,10.1.49.1,identificationSkills,ArthropodIDGuide.pdf,
747,2019-04-22,17:43:13,10.1.50.1,identificationSkills,ArthropodIDGuide.pdf,
748,2019-04-23,01:59:37,10.1.51.1,identificationSkills/index.html,,
749,2019-04-23,15:17:09,10.1.51.1,mapsAndGraphs,"Dynamically Generated Map CSV","Comparison Metric: Occurrence (%), Observation Method: All, Arthropod Group: Caterpillars, Minimum Length (mm): 0, Plant Species: All, Wet Leaves: true, Month Start: 1, Month End: 12, Year Start: 2010, YearEnd: 2019"
750,2019-04-23,15:26:22,10.1.49.1,identificationSkills,ArthropodIDGuide.pdf,
751,2019-04-23,15:26:25,10.1.49.1,identificationSkills,"Dichotomous Keys to Arthropod Orders.pdf",
752,2019-04-23,15:35:24,10.1.50.1,resources,"Building A Beat Sheet.pdf",
753,2019-04-23,15:51:47,10.1.49.1,identificationSkills,ArthropodIDGuide.pdf,
754,2019-04-23,15:56:06,10.1.49.1,identificationSkills,"Dichotomous Keys to Arthropod Orders.pdf",
755,2019-04-23,16:16:13,10.1.50.1,dataDownload,"Dynamically Generated CSV","Site: 111, YearStart: 2019, YearEnd: 2019, Arthropod: All"
756,2019-04-23,16:40:26,10.1.51.1,resources,TrainingParticipants.pdf,
757,2019-04-23,16:40:29,10.1.51.1,resources,VisualSurveyTestBranch.pdf,
758,2019-04-23,19:39:44,10.1.49.1,conductASurvey,paperDataSheet.pdf,
759,2019-04-24,00:26:09,10.1.49.1,conductASurvey,paperDataSheet.pdf,
760,2019-04-24,03:37:10,10.1.49.1,identificationSkills,ArthropodIDGuide.pdf,
761,2019-04-24,03:37:33,10.1.49.1,identificationSkills,ArthropodIDGuide.pdf,
762,2019-04-24,03:37:44,10.1.49.1,identificationSkills,ArthropodIDGuide.pdf,
763,2019-04-24,03:37:54,10.1.49.1,identificationSkills,ArthropodIDGuide.pdf,
764,2019-04-24,03:38:05,10.1.49.1,identificationSkills,ArthropodIDGuide.pdf,
765,2019-04-24,22:26:39,10.1.49.1,identificationSkills/index.html,,
766,2019-04-24,23:06:22,10.1.51.1,resources,paperDataSheet.pdf,
767,2019-04-25,12:28:44,10.1.51.1,resources,GettingStarted.pdf,
768,2019-04-25,12:54:07,10.1.49.1,identificationSkills/index.html,,
769,2019-04-25,12:54:33,10.1.49.1,identificationSkills/index.html,,
770,2019-04-25,12:55:04,10.1.49.1,identificationSkills/index.html,,
771,2019-04-25,13:19:45,10.1.51.1,identificationSkills/index.html,,
772,2019-04-25,13:27:21,10.1.51.1,identificationSkills/index.html,,
773,2019-04-25,13:28:43,10.1.51.1,conductASurvey,paperDataSheet.pdf,
774,2019-04-25,16:01:56,10.1.49.1,dataDownload,"Dynamically Generated CSV","Site: 77, YearStart: 2014, YearEnd: 2018, Arthropod: All"
775,2019-04-25,16:12:26,10.1.49.1,resources,TrainingParticipants.pdf,
776,2019-04-25,16:59:09,10.1.50.1,resources,"Arthropod Food Web lesson plan.pdf",
777,2019-04-25,17:05:33,10.1.50.1,identificationSkills,ArthropodIDGuide.pdf,
778,2019-04-25,17:08:12,10.1.50.1,resources,GettingStarted.pdf,
779,2019-04-25,17:32:11,10.1.50.1,resources,"Arthropod Food Web lesson plan.pdf",
780,2019-04-25,17:33:24,10.1.50.1,resources,hotOrCold.pdf,
781,2019-04-25,17:51:54,10.1.50.1,resources,GettingStarted.pdf,
782,2019-04-25,17:52:04,10.1.50.1,resources,TrainingParticipants.pdf,
783,2019-04-25,18:26:46,10.1.50.1,identificationSkills/index.html,,
784,2019-04-25,18:28:12,10.1.50.1,identificationSkills/index.html,,
785,2019-04-25,19:30:25,10.1.49.1,dataDownload,"Dynamically Generated CSV","Site: 159, YearStart: 2019, YearEnd: 2019, Arthropod: All"
786,2019-04-25,19:30:47,10.1.49.1,dataDownload,"Dynamically Generated CSV","Site: All, YearStart: 2010, YearEnd: 2019, Arthropod: All"
787,2019-04-25,21:33:13,10.1.49.1,resources,"Building A Beat Sheet.pdf",
788,2019-04-25,22:18:18,10.1.49.1,resources,TrainingParticipants.pdf,
789,2019-04-25,23:06:21,10.1.50.1,identificationSkills/index.html,,
790,2019-04-26,01:19:21,10.1.50.1,identificationSkills/index.html,,
791,2019-04-26,12:40:20,10.1.50.1,resources,GettingStarted.pdf,
792,2019-04-26,12:41:49,10.1.50.1,resources,TrainingParticipants.pdf,
793,2019-04-26,12:42:12,10.1.50.1,identificationSkills,ArthropodIDGuide.pdf,
794,2019-04-26,12:42:27,10.1.50.1,identificationSkills,"Dichotomous Keys to Arthropod Orders.pdf",
795,2019-04-26,12:42:58,10.1.50.1,identificationSkills,ArthropodIDGuide.pdf,
796,2019-04-26,12:43:19,10.1.50.1,conductASurvey,paperDataSheet.pdf,
797,2019-04-26,12:45:59,10.1.50.1,resources,TrainingParticipants.pdf,
798,2019-04-26,12:46:27,10.1.50.1,resources,"Building A Beat Sheet.pdf",
799,2019-04-26,12:47:20,10.1.50.1,resources,"Vernal Pool Ruggles 2007.pdf",
800,2019-04-26,12:48:57,10.1.50.1,resources,"Arthropod Food Web lesson plan.pdf",
801,2019-04-26,14:09:44,10.1.49.1,identificationSkills,ArthropodIDGuide.pdf,
802,2019-04-26,15:32:31,10.1.49.1,identificationSkills,ArthropodIDGuide.pdf,
803,2019-04-26,19:44:20,10.1.49.1,resources,VisualSurveyTestBranch.pdf,
804,2019-04-26,22:45:45,10.1.51.1,identificationSkills,ArthropodIDGuide.pdf,
805,2019-04-27,01:25:47,10.1.50.1,identificationSkills,"Dichotomous Keys to Arthropod Orders.pdf",
806,2019-04-27,02:41:23,10.1.50.1,resources,"Building A Beat Sheet.pdf",
807,2019-04-27,09:20:33,10.1.51.1,dataDownload,"Dynamically Generated CSV","Site: 176, YearStart: 2003, YearEnd: 2018, Arthropod: All"
808,2019-04-28,17:14:03,10.1.50.1,identificationSkills,ArthropodIDGuide.pdf,
809,2019-04-29,13:34:37,10.1.50.1,identificationSkills/index.html,,
810,2019-04-29,15:20:35,10.1.49.1,identificationSkills,"Dichotomous Keys to Arthropod Orders.pdf",
811,2019-04-29,15:47:01,10.1.51.1,resources,MSPhenology.pdf,
812,2019-04-29,15:51:39,10.1.51.1,mapsAndGraphs,"Dynamically Generated Phenology CSV","Y-Axis: Arthropods Per Survey, Lines: Caterpillars at Prairie Ridge Ecostation in 2018;"
813,2019-04-29,15:59:28,10.1.49.1,identificationSkills/index.html,,
814,2019-04-29,18:13:41,10.1.50.1,identificationSkills,ArthropodIDGuide.pdf,
815,2019-04-29,19:53:41,10.1.51.1,identificationSkills,ArthropodIDGuide.pdf,
816,2019-04-29,19:55:12,10.1.51.1,identificationSkills,"Dichotomous Keys to Arthropod Orders.pdf",
817,2019-04-29,19:58:42,10.1.51.1,resources,paperDataSheet.pdf,
818,2019-04-29,19:58:49,10.1.51.1,resources,"Building A Beat Sheet.pdf",
819,2019-04-29,19:59:24,10.1.51.1,resources,"Arthropod Food Web lesson plan.pdf",
820,2019-04-29,19:59:50,10.1.51.1,resources,"Phenology Across Trophic Levels lesson plan.pdf",
821,2019-04-29,20:00:09,10.1.51.1,resources,"Data Exploration.pdf",
822,2019-04-29,20:00:20,10.1.51.1,resources,MSPhenology.pdf,
823,2019-04-29,20:00:59,10.1.51.1,resources,"Vernal Pool Ruggles 2007.pdf",
824,2019-04-29,20:01:23,10.1.51.1,resources,hotOrCold.pdf,
825,2019-04-29,21:58:15,10.1.51.1,identificationSkills,ArthropodIDGuide.pdf,
826,2019-04-30,01:39:07,10.1.50.1,identificationSkills,ArthropodIDGuide.pdf,
827,2019-04-30,02:51:19,10.1.51.1,identificationSkills,ArthropodIDGuide.pdf,
828,2019-04-30,02:51:22,10.1.51.1,identificationSkills,"Dichotomous Keys to Arthropod Orders.pdf",
829,2019-04-30,02:51:27,10.1.51.1,identificationSkills,ArthropodIDGuide.pdf,
830,2019-04-30,03:17:20,10.1.49.1,identificationSkills,ArthropodIDGuide.pdf,
831,2019-04-30,14:19:24,10.1.49.1,identificationSkills,ArthropodIDGuide.pdf,
832,2019-04-30,14:24:12,10.1.50.1,identificationSkills/index.html,,
833,2019-04-30,14:41:25,10.1.50.1,identificationSkills/index.html,,
834,2019-04-30,14:42:01,10.1.50.1,identificationSkills/index.html,,
835,2019-04-30,15:37:40,10.1.49.1,identificationSkills,"Dichotomous Keys to Arthropod Orders.pdf",
836,2019-04-30,15:37:45,10.1.49.1,identificationSkills,ArthropodIDGuide.pdf,
837,2019-04-30,16:24:55,10.1.51.1,identificationSkills,ArthropodIDGuide.pdf,
838,2019-04-30,16:31:37,10.1.51.1,identificationSkills,"Dichotomous Keys to Arthropod Orders.pdf",
839,2019-04-30,16:54:22,10.1.51.1,identificationSkills,ArthropodIDGuide.pdf,
840,2019-04-30,17:17:22,10.1.50.1,identificationSkills,ArthropodIDGuide.pdf,
841,2019-04-30,17:29:48,10.1.49.1,identificationSkills,ArthropodIDGuide.pdf,
842,2019-04-30,20:57:35,10.1.51.1,identificationSkills,"Dichotomous Keys to Arthropod Orders.pdf",
843,2019-04-30,20:58:15,10.1.51.1,identificationSkills,"Dichotomous Keys to Arthropod Orders.pdf",
844,2019-05-01,02:11:01,10.1.49.1,identificationSkills,ArthropodIDGuide.pdf,
845,2019-05-01,03:54:20,10.1.49.1,identificationSkills,"Dichotomous Keys to Arthropod Orders.pdf",
846,2019-05-01,13:47:14,10.1.51.1,identificationSkills,"Dichotomous Keys to Arthropod Orders.pdf",
847,2019-05-01,16:43:01,10.1.49.1,identificationSkills,ArthropodIDGuide.pdf,
848,2019-05-01,16:46:06,10.1.50.1,conductASurvey,paperDataSheet.pdf,
849,2019-05-01,16:46:34,10.1.50.1,resources,GettingStarted.pdf,
850,2019-05-01,18:50:25,10.1.51.1,dataDownload,"Dynamically Generated CSV","Site: 56, YearStart: 2018, YearEnd: 2018, Arthropod: All"
851,2019-05-01,18:51:17,10.1.51.1,resources,TrainingParticipants.pdf,
852,2019-05-01,18:55:23,10.1.51.1,resources,GettingStarted.pdf,
853,2019-05-01,18:56:24,10.1.51.1,resources,VisualSurveyTestBranch.pdf,
854,2019-05-01,19:18:55,10.1.51.1,identificationSkills,ArthropodIDGuide.pdf,
855,2019-05-01,19:18:59,10.1.51.1,identificationSkills,"Dichotomous Keys to Arthropod Orders.pdf",
856,2019-05-01,19:57:25,10.1.51.1,resources,ManageMySurveysGuide.pdf,
857,2019-05-01,19:59:06,10.1.51.1,resources,"Data Exploration.pdf",
858,2019-05-02,01:08:44,10.1.50.1,identificationSkills/index.html,,
859,2019-05-02,01:11:51,10.1.50.1,identificationSkills/index.html,,
860,2019-05-02,01:12:15,10.1.50.1,identificationSkills/index.html,,
861,2019-05-02,03:53:36,10.1.51.1,identificationSkills,ArthropodIDGuide.pdf,
862,2019-05-02,05:29:19,10.1.51.1,identificationSkills/index.html,,
863,2019-05-02,14:06:56,10.1.49.1,identificationSkills,ArthropodIDGuide.pdf,
864,2019-05-02,14:25:04,10.1.51.1,resources,TrainingParticipants.pdf,
865,2019-05-02,14:30:05,10.1.51.1,resources,GettingStarted.pdf,
866,2019-05-02,14:30:15,10.1.51.1,resources,TrainingParticipants.pdf,
867,2019-05-02,14:30:28,10.1.51.1,resources,VisualSurveyTestBranch.pdf,
868,2019-05-02,14:45:15,10.1.51.1,identificationSkills,ArthropodIDGuide.pdf,
869,2019-05-03,00:16:41,10.1.50.1,identificationSkills,ArthropodIDGuide.pdf,
870,2019-05-03,01:58:35,10.1.49.1,identificationSkills/index.html,,
871,2019-05-03,12:14:48,10.1.50.1,identificationSkills,ArthropodIDGuide.pdf,
872,2019-05-03,12:17:28,10.1.50.1,identificationSkills,"Dichotomous Keys to Arthropod Orders.pdf",
873,2019-05-03,12:19:12,10.1.50.1,resources,GettingStarted.pdf,
874,2019-05-03,12:19:42,10.1.50.1,resources,TrainingParticipants.pdf,
875,2019-05-03,12:20:10,10.1.50.1,resources,VisualSurveyTestBranch.pdf,
876,2019-05-03,12:34:08,10.1.49.1,conductASurvey,paperDataSheet.pdf,
877,2019-05-03,14:14:33,10.1.50.1,identificationSkills/index.html,,
878,2019-05-03,14:29:07,10.1.50.1,conductASurvey,paperDataSheet.pdf,
879,2019-05-03,16:54:56,10.1.49.1,identificationSkills,"Dichotomous Keys to Arthropod Orders.pdf",
880,2019-05-03,18:03:15,10.1.49.1,identificationSkills,ArthropodIDGuide.pdf,
881,2019-05-03,19:12:32,10.1.49.1,mapsAndGraphs,"Dynamically Generated Map CSV","Comparison Metric: Occurrence (%), Observation Method: All, Arthropod Group: Beetles, Minimum Length (mm): 10, Plant Species: American beech, Wet Leaves: true, Month Start: 1, Month End: 12, Year Start: 2002, YearEnd: 2019"
882,2019-05-03,19:24:03,10.1.49.1,mapsAndGraphs,"Dynamically Generated Phenology CSV","Y-Axis: Percent of Surveys, Lines: Caterpillars at NC Botanical Garden in 2018; Caterpillars at NC Botanical Garden in 2017;"
883,2019-05-03,19:33:11,10.1.49.1,resources,TrainingParticipants.pdf,
884,2019-05-03,21:27:52,10.1.50.1,identificationSkills/index.html,,
885,2019-05-04,23:32:07,10.1.51.1,identificationSkills/index.html,,
886,2019-05-05,13:31:10,10.1.50.1,faq,ArthropodIDGuide.pdf,
887,2019-05-05,18:23:20,10.1.51.1,identificationSkills/index.html,,
888,2019-05-05,19:14:48,10.1.50.1,identificationSkills/index.html,,
889,2019-05-05,20:36:05,10.1.51.1,identificationSkills/index.html,,
890,2019-05-05,20:36:48,10.1.51.1,identificationSkills/index.html,,
891,2019-05-06,05:00:52,10.1.50.1,identificationSkills/index.html,,
892,2019-05-06,05:17:26,10.1.50.1,identificationSkills/index.html,,
893,2019-05-06,12:00:43,10.1.49.1,identificationSkills/index.html,,
894,2019-05-06,12:38:54,10.1.51.1,resources,TrainingParticipants.pdf,
895,2019-05-06,16:38:15,10.1.51.1,resources,TrainingParticipants.pdf,
896,2019-05-06,16:38:31,10.1.51.1,resources,GettingStarted.pdf,
897,2019-05-06,17:13:26,10.1.49.1,resources,ArthropodIDslides.pdf,
898,2019-05-07,16:01:45,10.1.49.1,resources,BugBlitz_ProjectInfo.pdf,
899,2019-05-07,16:02:20,10.1.49.1,resources,ArthropodIDslides.pdf,
900,2019-05-07,16:22:14,10.1.50.1,identificationSkills,ArthropodIDGuide.pdf,
901,2019-05-07,16:22:29,10.1.50.1,identificationSkills,"Dichotomous Keys to Arthropod Orders.pdf",
902,2019-05-07,17:56:59,10.1.51.1,dataDownload,"Dynamically Generated CSV","Site: 68, YearStart: 2018, YearEnd: 2019, Arthropod: All"
903,2019-05-07,21:12:51,10.1.51.1,identificationSkills/index.html,,
904,2019-05-07,21:13:14,10.1.51.1,identificationSkills/index.html,,
905,2019-05-08,13:05:44,10.1.49.1,resources,Caterpillars.pdf,
906,2019-05-08,15:24:38,10.1.49.1,resources,paperDataSheet.pdf,
907,2019-05-09,12:57:32,10.1.50.1,identificationSkills/index.html,,
908,2019-05-09,12:58:41,10.1.50.1,resources,VisualSurveyTestBranch.pdf,
909,2019-05-09,12:59:39,10.1.50.1,resources,TrainingParticipants.pdf,
910,2019-05-09,13:00:01,10.1.50.1,resources,GettingStarted.pdf,
911,2019-05-09,13:29:08,10.1.50.1,resources,"Building A Beat Sheet.pdf",
912,2019-05-09,17:09:54,10.1.49.1,identificationSkills/index.html,,
913,2019-05-09,17:30:04,10.1.49.1,identificationSkills/index.html,,
914,2019-05-09,19:34:44,10.1.49.1,identificationSkills,ArthropodIDGuide.pdf,
915,2019-05-09,20:07:54,10.1.50.1,identificationSkills,ArthropodIDGuide.pdf,
916,2019-05-09,20:09:21,10.1.50.1,identificationSkills,"Dichotomous Keys to Arthropod Orders.pdf",
917,2019-05-09,23:07:30,10.1.51.1,identificationSkills/index.html,,
918,2019-05-10,02:10:41,10.1.49.1,identificationSkills,ArthropodIDGuide.pdf,
919,2019-05-10,11:50:22,10.1.51.1,identificationSkills/index.html,,
920,2019-05-10,12:41:11,10.1.49.1,resources,TrainingParticipants.pdf,
921,2019-05-10,12:42:19,10.1.49.1,resources,GettingStarted.pdf,
922,2019-05-10,12:42:32,10.1.49.1,identificationSkills,ArthropodIDGuide.pdf,
923,2019-05-10,20:23:21,10.1.49.1,identificationSkills,ArthropodIDGuide.pdf,
924,2019-05-10,20:24:46,10.1.49.1,identificationSkills,"Dichotomous Keys to Arthropod Orders.pdf",
925,2019-05-10,20:26:02,10.1.49.1,identificationSkills,ArthropodIDGuide.pdf,
926,2019-05-10,20:28:08,10.1.49.1,resources,ArthropodIDslides.pdf,
927,2019-05-10,20:32:39,10.1.49.1,resources,GettingStarted.pdf,
928,2019-05-10,20:38:34,10.1.49.1,resources,TrainingParticipants.pdf,
929,2019-05-10,20:45:38,10.1.49.1,resources,VisualSurveyTestBranch.pdf,
930,2019-05-10,23:06:06,10.1.49.1,identificationSkills,ArthropodIDGuide.pdf,
931,2019-05-10,23:15:32,10.1.49.1,identificationSkills,"Dichotomous Keys to Arthropod Orders.pdf",
932,2019-05-11,12:17:24,10.1.49.1,resources,TrainingParticipants.pdf,
933,2019-05-11,12:19:36,10.1.49.1,resources,GettingStarted.pdf,
934,2019-05-11,12:20:00,10.1.49.1,identificationSkills,"Dichotomous Keys to Arthropod Orders.pdf",
935,2019-05-11,12:25:09,10.1.49.1,resources,ArthropodIDslides.pdf,
936,2019-05-11,12:27:05,10.1.49.1,resources,"Building A Beat Sheet.pdf",
937,2019-05-11,12:27:44,10.1.49.1,resources,paperDataSheet.pdf,
938,2019-05-11,12:29:18,10.1.49.1,resources,"Phenology Across Trophic Levels lesson plan.pdf",
939,2019-05-11,12:30:12,10.1.49.1,resources,TrainingParticipants.pdf,
940,2019-05-11,12:30:40,10.1.49.1,resources,ArthropodIDslides.pdf,
941,2019-05-13,03:03:27,10.1.51.1,identificationSkills/index.html,,
942,2019-05-13,03:07:17,10.1.51.1,identificationSkills/index.html,,
943,2019-05-13,12:59:38,10.1.51.1,resources,hotOrCold.pdf,
944,2019-05-13,13:41:52,10.1.50.1,conductASurvey,paperDataSheet.pdf,
945,2019-05-13,15:13:05,10.1.49.1,identificationSkills/index.html,,
946,2019-05-13,15:14:16,10.1.49.1,identificationSkills/index.html,,
947,2019-05-13,15:15:06,10.1.49.1,conductASurvey,paperDataSheet.pdf,
948,2019-05-14,02:08:07,10.1.49.1,identificationSkills,ArthropodIDGuide.pdf,
949,2019-05-14,02:08:09,10.1.49.1,identificationSkills,"Dichotomous Keys to Arthropod Orders.pdf",
950,2019-05-14,15:16:02,10.1.50.1,identificationSkills,ArthropodIDGuide.pdf,
951,2019-05-14,15:16:03,10.1.50.1,identificationSkills,"Dichotomous Keys to Arthropod Orders.pdf",
952,2019-05-14,18:21:09,10.1.49.1,identificationSkills,ArthropodIDGuide.pdf,
953,2019-05-14,18:21:57,10.1.49.1,identificationSkills,ArthropodIDGuide.pdf,
954,2019-05-14,18:22:01,10.1.49.1,identificationSkills,"Dichotomous Keys to Arthropod Orders.pdf",
955,2019-05-14,18:53:31,10.1.50.1,resources,GettingStarted.pdf,
956,2019-05-15,12:17:39,10.1.51.1,conductASurvey,paperDataSheet.pdf,
957,2019-05-15,15:40:49,10.1.49.1,identificationSkills,"Dichotomous Keys to Arthropod Orders.pdf",
958,2019-05-15,15:41:02,10.1.49.1,identificationSkills,ArthropodIDGuide.pdf,
959,2019-05-15,17:01:09,10.1.51.1,identificationSkills,"Dichotomous Keys to Arthropod Orders.pdf",
960,2019-05-15,17:01:52,10.1.51.1,identificationSkills,ArthropodIDGuide.pdf,
961,2019-05-15,17:06:07,10.1.51.1,mapsAndGraphs,"Dynamically Generated Map CSV","Comparison Metric: Occurrence (%), Observation Method: All, Arthropod Group: Caterpillars, Minimum Length (mm): 0, Plant Species: All, Wet Leaves: true, Month Start: 1, Month End: 12, Year Start: 2002, YearEnd: 2019"
962,2019-05-15,18:38:14,10.1.49.1,resources,ArthropodIDslides.pdf,
963,2019-05-15,21:41:16,10.1.51.1,conductASurvey,paperDataSheet.pdf,
964,2019-05-16,01:25:25,10.1.51.1,identificationSkills,"Dichotomous Keys to Arthropod Orders.pdf",
965,2019-05-16,11:37:02,10.1.50.1,conductASurvey,paperDataSheet.pdf,
966,2019-05-16,12:46:30,10.1.49.1,identificationSkills/index.html,,
967,2019-05-16,12:53:55,10.1.51.1,identificationSkills/index.html,,
968,2019-05-16,13:52:59,10.1.51.1,identificationSkills,ArthropodIDGuide.pdf,
969,2019-05-16,13:56:21,10.1.51.1,identificationSkills,"Dichotomous Keys to Arthropod Orders.pdf",
970,2019-05-16,14:27:11,10.1.51.1,conductASurvey,paperDataSheet.pdf,
971,2019-05-16,14:46:04,10.1.51.1,dataDownload,"Dynamically Generated CSV","Site: 106, YearStart: 2018, YearEnd: 2018, Arthropod: All"
972,2019-05-16,18:18:59,10.1.49.1,identificationSkills,ArthropodIDGuide.pdf,
973,2019-05-16,19:06:36,10.1.51.1,identificationSkills/index.html,,
974,2019-05-16,19:09:03,10.1.51.1,identificationSkills/index.html,,
975,2019-05-16,19:09:51,10.1.51.1,identificationSkills/index.html,,
976,2019-05-16,19:14:04,10.1.51.1,identificationSkills/index.html,,
977,2019-05-17,12:45:12,10.1.51.1,resources,VisualSurveyTestBranch.pdf,
978,2019-05-17,13:15:31,10.1.50.1,identificationSkills,ArthropodIDGuide.pdf,
979,2019-05-17,13:38:07,10.1.51.1,identificationSkills,ArthropodIDGuide.pdf,
980,2019-05-17,14:31:32,10.1.51.1,resources,VisualSurveyTestBranch.pdf,
981,2019-05-18,12:53:15,10.1.50.1,resources,ManageMySurveysGuide.pdf,
982,2019-05-20,23:51:13,10.1.49.1,faq,ArthropodIDGuide.pdf,
983,2019-05-21,08:39:49,10.1.50.1,identificationSkills,ArthropodIDGuide.pdf,
984,2019-05-21,17:59:17,10.1.51.1,conductASurvey,paperDataSheet.pdf,
985,2019-05-21,21:05:55,10.1.50.1,resources,GettingStarted.pdf,
986,2019-05-21,21:07:44,10.1.50.1,resources,TrainingParticipants.pdf,
987,2019-05-21,22:44:18,10.1.50.1,identificationSkills/index.html,,
988,2019-05-21,22:49:04,10.1.50.1,identificationSkills/index.html,,
989,2019-05-22,05:02:11,10.1.50.1,identificationSkills,ArthropodIDGuide.pdf,
990,2019-05-22,05:03:53,10.1.50.1,identificationSkills,ArthropodIDGuide.pdf,
991,2019-05-22,05:03:58,10.1.50.1,identificationSkills,"Dichotomous Keys to Arthropod Orders.pdf",
992,2019-05-22,07:43:01,10.1.51.1,identificationSkills/index.html,,
993,2019-05-22,07:49:58,10.1.51.1,conductASurvey,paperDataSheet.pdf,
994,2019-05-22,18:37:27,10.1.50.1,identificationSkills,ArthropodIDGuide.pdf,
995,2019-05-22,18:37:33,10.1.50.1,identificationSkills,"Dichotomous Keys to Arthropod Orders.pdf",
996,2019-05-22,18:49:09,10.1.50.1,resources,Caterpillars.pdf,
997,2019-05-22,18:49:51,10.1.50.1,resources,"Arthropod Food Web lesson plan.pdf",
998,2019-05-22,18:52:13,10.1.50.1,resources,"Arthropod Food Web lesson plan.pdf",
999,2019-05-22,19:20:52,10.1.50.1,resources,ArthropodIDslides.pdf,
1000,2019-05-22,19:25:39,10.1.50.1,resources,"Arthropod Food Web lesson plan.pdf",
1001,2019-05-22,19:36:26,10.1.50.1,resources,ArthropodIDslides.pdf,
1002,2019-05-22,19:43:27,10.1.50.1,resources,ArthropodIDslides.pdf,
1003,2019-05-23,19:33:32,10.1.49.1,identificationSkills/index.html,,
1004,2019-05-23,19:36:42,10.1.49.1,identificationSkills/index.html,,
1005,2019-05-23,19:46:56,10.1.50.1,resources,ManageMySurveysGuide.pdf,
1006,2019-05-23,19:47:46,10.1.50.1,resources,VisualSurveyTestBranch.pdf,
1007,2019-05-23,19:48:54,10.1.49.1,identificationSkills/index.html,,
1008,2019-05-24,04:25:15,10.1.49.1,identificationSkills,"Dichotomous Keys to Arthropod Orders.pdf",
1009,2019-05-24,13:50:19,10.1.49.1,identificationSkills/index.html,,
1010,2019-05-24,14:31:17,10.1.51.1,identificationSkills/index.html,,
1011,2019-05-24,14:32:56,10.1.51.1,identificationSkills/index.html,,
1012,2019-05-24,14:33:10,10.1.51.1,identificationSkills,ArthropodIDGuide.pdf,
1013,2019-05-24,14:33:20,10.1.51.1,identificationSkills,"Dichotomous Keys to Arthropod Orders.pdf",
1014,2019-05-24,14:48:18,10.1.51.1,conductASurvey,paperDataSheet.pdf,
1015,2019-05-24,14:53:07,10.1.51.1,identificationSkills,ArthropodIDGuide.pdf,
1016,2019-05-24,16:39:18,10.1.51.1,identificationSkills,"Dichotomous Keys to Arthropod Orders.pdf",
1017,2019-05-24,16:39:45,10.1.51.1,identificationSkills,ArthropodIDGuide.pdf,
1018,2019-05-24,19:08:57,10.1.50.1,resources,GettingStarted.pdf,
1019,2019-05-24,22:55:02,10.1.49.1,resources,GettingStarted.pdf,
1020,2019-05-24,23:01:27,10.1.49.1,identificationSkills/index.html,,
1021,2019-05-25,21:19:27,10.1.50.1,identificationSkills,ArthropodIDGuide.pdf,
1022,2019-05-25,21:21:37,10.1.50.1,resources,ArthropodIDslides.pdf,
1023,2019-05-26,10:17:23,10.1.51.1,identificationSkills,ArthropodIDGuide.pdf,
1024,2019-05-26,14:43:02,10.1.51.1,identificationSkills,"Dichotomous Keys to Arthropod Orders.pdf",
1025,2019-05-26,14:43:13,10.1.51.1,identificationSkills,ArthropodIDGuide.pdf,
1026,2019-05-26,16:05:47,10.1.51.1,identificationSkills/index.html,,
1027,2019-05-27,18:14:13,10.1.49.1,identificationSkills/index.html,,
1028,2019-05-28,12:01:23,10.1.49.1,identificationSkills/index.html,,
1029,2019-05-28,14:31:20,10.1.49.1,identificationSkills/index.html,,
1030,2019-05-28,15:56:25,10.1.49.1,identificationSkills/index.html,,
1031,2019-05-28,16:13:28,10.1.51.1,resources,ArthropodIDslides.pdf,
1032,2019-05-28,17:42:51,10.1.50.1,resources,GettingStarted.pdf,
1033,2019-05-28,21:25:31,10.1.49.1,identificationSkills,"Dichotomous Keys to Arthropod Orders.pdf",
1034,2019-05-29,01:39:32,10.1.51.1,identificationSkills/index.html,,
1035,2019-05-29,01:56:41,10.1.51.1,identificationSkills/index.html,,
1036,2019-05-29,02:09:54,10.1.50.1,identificationSkills/index.html,,
1037,2019-05-29,16:19:59,10.1.49.1,resources,paperDataSheet.pdf,
1038,2019-05-29,16:22:34,10.1.49.1,resources,ManageMySurveysGuide.pdf,
1039,2019-05-29,16:26:05,10.1.49.1,resources,paperDataSheet.pdf,
1040,2019-05-29,16:27:23,10.1.49.1,resources,GettingStarted.pdf,
1041,2019-05-29,16:41:36,10.1.49.1,resources,ArthropodIDslides.pdf,
1042,2019-05-29,16:43:06,10.1.49.1,resources,TrainingParticipants.pdf,
1043,2019-05-29,17:26:56,10.1.51.1,identificationSkills/index.html,,
1044,2019-05-29,20:15:02,10.1.51.1,identificationSkills,ArthropodIDGuide.pdf,
1045,2019-05-29,21:53:05,10.1.49.1,identificationSkills/index.html,,
1046,2019-05-29,21:57:53,10.1.51.1,resources,ArthropodIDslides.pdf,
1047,2019-05-29,22:02:04,10.1.49.1,identificationSkills/index.html,,
1048,2019-05-29,22:52:53,10.1.49.1,conductASurvey,paperDataSheet.pdf,
1049,2019-05-30,16:07:06,10.1.50.1,identificationSkills/index.html,,
1050,2019-05-30,20:45:16,10.1.49.1,identificationSkills,ArthropodIDGuide.pdf,
1051,2019-05-30,20:55:00,10.1.51.1,dataDownload,"Dynamically Generated CSV","Site: 56, YearStart: 2018, YearEnd: 2019, Arthropod: All"
1052,2019-05-30,22:19:21,10.1.49.1,identificationSkills/index.html,,
1053,2019-06-01,18:59:56,10.1.49.1,identificationSkills,ArthropodIDGuide.pdf,
1054,2019-06-01,19:00:14,10.1.49.1,identificationSkills,"Dichotomous Keys to Arthropod Orders.pdf",
1055,2019-06-02,00:34:09,10.1.51.1,conductASurvey,paperDataSheet.pdf,
1056,2019-06-02,19:55:50,10.1.49.1,resources,BugBlitz_ProjectInfo.pdf,
1057,2019-06-04,09:43:52,10.1.49.1,identificationSkills/index.html,,
1058,2019-06-04,10:58:27,10.1.49.1,resources,paperDataSheet.pdf,
1059,2019-06-04,18:36:07,10.1.51.1,mapsAndGraphs,"Dynamically Generated Composition CSV","X-Axis: site, Y-Axis: Percent of Arthropods, Sites Included: Stage Nature Center"
1060,2019-06-04,20:34:33,10.1.50.1,identificationSkills,ArthropodIDGuide.pdf,
1061,2019-06-04,22:05:45,10.1.49.1,identificationSkills,ArthropodIDGuide.pdf,
1062,2019-06-05,00:18:44,10.1.49.1,identificationSkills,ArthropodIDGuide.pdf,
1063,2019-06-05,00:19:36,10.1.49.1,identificationSkills,"Dichotomous Keys to Arthropod Orders.pdf",
1064,2019-06-05,00:20:28,10.1.49.1,identificationSkills,ArthropodIDGuide.pdf,
1065,2019-06-05,01:32:57,10.1.49.1,identificationSkills,"Dichotomous Keys to Arthropod Orders.pdf",
1066,2019-06-05,01:34:18,10.1.49.1,conductASurvey,paperDataSheet.pdf,
1067,2019-06-05,01:38:38,10.1.51.1,resources,paperDataSheet.pdf,
1068,2019-06-05,14:05:14,10.1.49.1,identificationSkills,ArthropodIDGuide.pdf,
1069,2019-06-05,14:07:39,10.1.49.1,conductASurvey,paperDataSheet.pdf,
1070,2019-06-05,14:08:09,10.1.51.1,identificationSkills/index.html,,
1071,2019-06-05,14:14:45,10.1.50.1,conductASurvey,paperDataSheet.pdf,
1072,2019-06-05,14:19:40,10.1.49.1,identificationSkills/index.html,,
1073,2019-06-05,16:43:24,10.1.49.1,mapsAndGraphs,"Dynamically Generated Composition CSV","X-Axis: site, Y-Axis: Percent of Arthropods, Sites Included: Appalachian State University"
1074,2019-06-05,16:43:41,10.1.49.1,mapsAndGraphs,"Dynamically Generated Phenology CSV","Y-Axis: Percent of Surveys, Lines: Caterpillars at Appalachian State University in 2019;"
1075,2019-06-05,16:46:41,10.1.49.1,resources,ManageMySurveysGuide.pdf,
1076,2019-06-05,16:47:23,10.1.49.1,resources,"Building A Beat Sheet.pdf",
1077,2019-06-05,16:50:51,10.1.49.1,dataDownload,"Dynamically Generated CSV","Site: 182, YearStart: 2019, YearEnd: 2019, Arthropod: All"
1078,2019-06-05,21:26:29,10.1.49.1,resources,ArthropodIDslides.pdf,
1079,2019-06-05,22:11:56,10.1.51.1,identificationSkills/index.html,,
1080,2019-06-05,22:12:34,10.1.51.1,identificationSkills/index.html,,
1081,2019-06-06,15:46:37,10.1.51.1,identificationSkills,ArthropodIDGuide.pdf,
1082,2019-06-06,18:19:33,10.1.50.1,mapsAndGraphs,"Dynamically Generated Composition CSV","X-Axis: plant species, Y-Axis: Percent of Arthropods"
1083,2019-06-06,18:46:58,10.1.50.1,identificationSkills,ArthropodIDGuide.pdf,
1084,2019-06-06,18:58:24,10.1.50.1,identificationSkills,"Dichotomous Keys to Arthropod Orders.pdf",
1085,2019-06-06,18:59:22,10.1.50.1,identificationSkills,"Dichotomous Keys to Arthropod Orders.pdf",
1086,2019-06-06,19:09:08,10.1.50.1,identificationSkills,"Dichotomous Keys to Arthropod Orders.pdf",
1087,2019-06-06,19:30:03,10.1.50.1,resources,ArthropodIDslides.pdf,
1088,2019-06-06,19:31:14,10.1.50.1,resources,TrainingParticipants.pdf,
1089,2019-06-06,21:09:46,10.1.50.1,dataDownload,"Dynamically Generated CSV","Site: 93, YearStart: 2018, YearEnd: 2019, Arthropod: All"
1090,2019-06-07,13:56:33,10.1.51.1,conductASurvey,paperDataSheet.pdf,
1091,2019-06-07,14:08:58,10.1.51.1,identificationSkills/index.html,,
1092,2019-06-07,14:10:11,10.1.51.1,identificationSkills/index.html,,
1093,2019-06-07,14:12:25,10.1.51.1,identificationSkills/index.html,,
1094,2019-06-07,14:13:15,10.1.51.1,conductASurvey,paperDataSheet.pdf,
1095,2019-06-07,18:01:53,10.1.49.1,dataDownload,"Dynamically Generated CSV","Site: 182, YearStart: 2019, YearEnd: 2019, Arthropod: All"
1096,2019-06-08,23:03:04,10.1.50.1,identificationSkills,"Dichotomous Keys to Arthropod Orders.pdf",
1097,2019-06-08,23:03:45,10.1.51.1,identificationSkills,"Dichotomous Keys to Arthropod Orders.pdf",
1098,2019-06-08,23:04:04,10.1.50.1,identificationSkills,"Dichotomous Keys to Arthropod Orders.pdf",
1099,2019-06-10,12:17:07,10.1.49.1,identificationSkills/index.html,,
1100,2019-06-10,12:17:57,10.1.49.1,identificationSkills/index.html,,
1101,2019-06-10,12:18:08,10.1.49.1,identificationSkills/index.html,,
1102,2019-06-10,12:43:48,10.1.51.1,conductASurvey,paperDataSheet.pdf,
1103,2019-06-10,12:44:07,10.1.51.1,identificationSkills,"Dichotomous Keys to Arthropod Orders.pdf",
1104,2019-06-10,12:44:23,10.1.51.1,identificationSkills,ArthropodIDGuide.pdf,
1105,2019-06-10,13:59:25,10.1.51.1,identificationSkills,ArthropodIDGuide.pdf,
1106,2019-06-10,19:09:00,10.1.49.1,mapsAndGraphs,"Dynamically Generated Phenology CSV","Y-Axis: Percent of Surveys, Lines: Caterpillars at Prairie Ridge Ecostation in 2019; Caterpillars at Prairie Ridge Ecostation in 2018;"
1107,2019-06-10,19:09:28,10.1.49.1,mapsAndGraphs,"Dynamically Generated Composition CSV","X-Axis: site, Y-Axis: Percent of Arthropods, Sites Included: Prairie Ridge Ecostation"
1108,2019-06-11,14:55:10,10.1.51.1,identificationSkills,ArthropodIDGuide.pdf,
1109,2019-06-11,16:28:16,10.1.49.1,identificationSkills,"Dichotomous Keys to Arthropod Orders.pdf",
1110,2019-06-11,17:39:42,10.1.50.1,identificationSkills,"Dichotomous Keys to Arthropod Orders.pdf",
1111,2019-06-11,20:38:28,10.1.51.1,dataDownload,"Dynamically Generated CSV","Site: 182, YearStart: 2019, YearEnd: 2019, Arthropod: All"
1112,2019-06-12,02:57:54,10.1.51.1,resources,ManageMySurveysGuide.pdf,
1113,2019-06-12,03:03:26,10.1.51.1,mapsAndGraphs,"Dynamically Generated Phenology CSV","Y-Axis: Percent of Surveys, Lines: Caterpillars at EwA at Fresh Pond in 2019;"
1114,2019-06-12,03:45:30,10.1.49.1,mapsAndGraphs,"Dynamically Generated Composition CSV","X-Axis: year, Y-Axis: Percent of Arthropods"
1115,2019-06-12,12:28:08,10.1.49.1,identificationSkills/index.html,,
1116,2019-06-12,12:33:21,10.1.49.1,identificationSkills/index.html,,
1117,2019-06-12,13:16:18,10.1.50.1,conductASurvey,paperDataSheet.pdf,
1118,2019-06-12,13:21:34,10.1.50.1,identificationSkills/index.html,,
1119,2019-06-12,13:21:52,10.1.50.1,identificationSkills/index.html,,
1120,2019-06-12,15:04:39,10.1.51.1,mapsAndGraphs,"Dynamically Generated Composition CSV","X-Axis: site, Y-Axis: Percent of Arthropods, Sites Included: EwA at the Fells"
1121,2019-06-12,19:24:03,10.1.50.1,dataDownload,"Dynamically Generated CSV","Site: 182, YearStart: 2019, YearEnd: 2019, Arthropod: All"
1122,2019-06-12,20:14:23,10.1.51.1,mapsAndGraphs,"Dynamically Generated Composition CSV","X-Axis: site, Y-Axis: Percent of Arthropods, Sites Included: EwA at the Fells, EwA at Fresh Pond, EwA at Habitat"
1123,2019-06-12,21:17:12,10.1.50.1,dataDownload,"Dynamically Generated CSV","Site: 182, YearStart: 2019, YearEnd: 2019, Arthropod: All"
1124,2019-06-12,23:18:18,10.1.51.1,identificationSkills,ArthropodIDGuide.pdf,
1125,2019-06-13,15:20:01,10.1.51.1,mapsAndGraphs,"Dynamically Generated Phenology CSV","Y-Axis: Percent of Surveys, Lines: Caterpillars at EwA at the Fells in 2019;"
1126,2019-06-13,15:21:00,10.1.51.1,mapsAndGraphs,"Dynamically Generated Phenology CSV","Y-Axis: Percent of Surveys, Lines: Caterpillars at EwA at the Fells in 2019; All arthropods at EwA at the Fells in 2019;"
1127,2019-06-14,15:05:40,10.1.49.1,conductASurvey,paperDataSheet.pdf,
1128,2019-06-14,17:31:46,10.1.49.1,resources,"Data Exploration.pdf",
1129,2019-06-14,18:54:12,10.1.49.1,dataDownload,"Dynamically Generated CSV","Site: 77, YearStart: 2014, YearEnd: 2019, Arthropod: caterpillar"
1130,2019-06-14,19:46:40,10.1.50.1,identificationSkills,ArthropodIDGuide.pdf,
1131,2019-06-14,19:46:45,10.1.50.1,identificationSkills,ArthropodIDGuide.pdf,
1132,2019-06-14,20:24:02,10.1.50.1,identificationSkills,ArthropodIDGuide.pdf,
1133,2019-06-14,20:25:35,10.1.50.1,identificationSkills,"Dichotomous Keys to Arthropod Orders.pdf",
1134,2019-06-15,02:06:34,10.1.50.1,resources,"Data Exploration.pdf",
1135,2019-06-15,15:22:44,10.1.49.1,identificationSkills/index.html,,
1136,2019-06-15,15:30:21,10.1.49.1,identificationSkills/index.html,,
1137,2019-06-15,20:04:54,10.1.51.1,identificationSkills,ArthropodIDGuide.pdf,
1138,2019-06-15,20:05:58,10.1.51.1,identificationSkills,"Dichotomous Keys to Arthropod Orders.pdf",
1139,2019-06-15,23:54:52,10.1.51.1,dataDownload,"Dynamically Generated CSV","Site: All, YearStart: 2002, YearEnd: 2019, Arthropod: All"
1140,2019-06-16,00:22:17,10.1.49.1,,,
1141,2019-06-16,18:59:01,10.1.50.1,conductASurvey,paperDataSheet.pdf,
1142,2019-06-17,15:33:58,10.1.49.1,dataDownload,"Dynamically Generated CSV","Site: 182, YearStart: 2019, YearEnd: 2019, Arthropod: All"
1143,2019-06-17,21:23:07,10.1.50.1,resources,paperDataSheet.pdf,
1144,2019-06-18,13:03:26,10.1.50.1,identificationSkills,ArthropodIDGuide.pdf,
1145,2019-06-18,13:03:28,10.1.50.1,identificationSkills,"Dichotomous Keys to Arthropod Orders.pdf",
1146,2019-06-18,19:21:10,10.1.51.1,identificationSkills/index.html,,
1147,2019-06-18,21:04:36,10.1.49.1,identificationSkills,ArthropodIDGuide.pdf,
1148,2019-06-18,21:04:53,10.1.49.1,identificationSkills,"Dichotomous Keys to Arthropod Orders.pdf",
1149,2019-06-19,12:46:00,10.1.50.1,conductASurvey,paperDataSheet.pdf,
1150,2019-06-19,14:13:21,10.1.50.1,mapsAndGraphs,"Dynamically Generated Composition CSV","X-Axis: plant species, Y-Axis: Percent of Arthropods"
1151,2019-06-19,14:30:38,10.1.51.1,mapsAndGraphs,"Dynamically Generated Composition CSV","X-Axis: plant species, Y-Axis: Percent of Arthropods"
1152,2019-06-19,18:07:54,10.1.49.1,mapsAndGraphs,"Dynamically Generated Composition CSV","X-Axis: plant species, Y-Axis: Percent of Arthropods"
1153,2019-06-19,18:08:10,10.1.49.1,mapsAndGraphs,"Dynamically Generated Composition CSV","X-Axis: plant species, Y-Axis: Percent of Arthropods"
1154,2019-06-20,14:34:22,10.1.50.1,resources,ManageMySurveysGuide.pdf,
1155,2019-06-20,14:40:49,10.1.50.1,resources,GettingStarted.pdf,
1156,2019-06-20,17:47:38,10.1.51.1,mapsAndGraphs,"Dynamically Generated Composition CSV","X-Axis: plant species, Y-Axis: Percent of Arthropods"
1157,2019-06-20,17:48:43,10.1.50.1,mapsAndGraphs,"Dynamically Generated Composition CSV","X-Axis: plant species, Y-Axis: Percent of Arthropods"
1158,2019-06-20,17:52:03,10.1.49.1,identificationSkills,"Dichotomous Keys to Arthropod Orders.pdf",
1159,2019-06-20,18:02:44,10.1.51.1,mapsAndGraphs,"Dynamically Generated Composition CSV","X-Axis: site, Y-Axis: Percent of Arthropods, Sites Included: Appalachian State University"
1160,2019-06-20,18:09:51,10.1.49.1,identificationSkills,"Dichotomous Keys to Arthropod Orders.pdf",
1161,2019-06-20,18:10:03,10.1.49.1,identificationSkills,ArthropodIDGuide.pdf,
1162,2019-06-20,19:21:19,10.1.50.1,identificationSkills,"Dichotomous Keys to Arthropod Orders.pdf",
1163,2019-06-21,04:07:30,10.1.49.1,identificationSkills,"Dichotomous Keys to Arthropod Orders.pdf",
1164,2019-06-21,06:20:05,10.1.51.1,resources,ManageMySurveysGuide.pdf,
1165,2019-06-21,12:08:19,10.1.51.1,mapsAndGraphs,"Dynamically Generated Composition CSV","X-Axis: site, Y-Axis: Percent of Arthropods, Sites Included: EwA at Habitat, EwA at Fresh Pond, EwA at the Fells"
1166,2019-06-21,14:29:36,10.1.51.1,resources,"Building A Beat Sheet.pdf",
1167,2019-06-21,14:44:40,10.1.51.1,resources,"Data Exploration.pdf",
1168,2019-06-21,15:08:53,10.1.51.1,conductASurvey,paperDataSheet.pdf,
1169,2019-06-22,04:14:23,10.1.49.1,resources,"Data Exploration.pdf",
1170,2019-06-22,14:08:20,10.1.51.1,identificationSkills,ArthropodIDGuide.pdf,
1171,2019-06-23,16:30:00,10.1.51.1,identificationSkills,ArthropodIDGuide.pdf,
1172,2019-06-24,16:22:21,10.1.49.1,identificationSkills,ArthropodIDGuide.pdf,
1173,2019-06-24,16:34:50,10.1.51.1,identificationSkills,ArthropodIDGuide.pdf,
1174,2019-06-24,16:37:20,10.1.51.1,identificationSkills,"Dichotomous Keys to Arthropod Orders.pdf",
1175,2019-06-24,17:13:35,10.1.51.1,identificationSkills,ArthropodIDGuide.pdf,
1176,2019-06-25,03:28:22,10.1.49.1,identificationSkills,"Dichotomous Keys to Arthropod Orders.pdf",
1177,2019-06-25,21:26:03,10.1.51.1,identificationSkills,ArthropodIDGuide.pdf,
1178,2019-06-26,12:20:24,10.1.50.1,conductASurvey,paperDataSheet.pdf,
1179,2019-06-26,13:55:00,10.1.51.1,identificationSkills/index.html,,
1180,2019-06-26,13:55:58,10.1.51.1,identificationSkills/index.html,,
1181,2019-06-26,20:39:42,10.1.49.1,resources,"Data Exploration.pdf",
1182,2019-06-26,20:40:34,10.1.49.1,resources,"Vernal Pool Ruggles 2007.pdf",
1183,2019-06-26,21:37:02,10.1.51.1,identificationSkills/index.html,,
1184,2019-06-27,12:45:21,10.1.49.1,identificationSkills,"Dichotomous Keys to Arthropod Orders.pdf",
1185,2019-06-27,12:53:57,10.1.49.1,identificationSkills,ArthropodIDGuide.pdf,
1186,2019-06-27,12:54:01,10.1.49.1,identificationSkills,ArthropodIDGuide.pdf,
1187,2019-06-27,12:56:20,10.1.49.1,identificationSkills,"Dichotomous Keys to Arthropod Orders.pdf",
1188,2019-06-27,16:38:40,10.1.51.1,conductASurvey,paperDataSheet.pdf,
1189,2019-06-27,17:44:12,10.1.51.1,resources,VisualSurveyTestBranch.pdf,
1190,2019-06-27,17:44:43,10.1.51.1,identificationSkills,"Dichotomous Keys to Arthropod Orders.pdf",
1191,2019-06-27,18:23:17,10.1.51.1,resources,GettingStarted.pdf,
1192,2019-06-27,18:23:31,10.1.51.1,resources,TrainingParticipants.pdf,
1193,2019-06-27,18:23:45,10.1.51.1,resources,paperDataSheet.pdf,
1194,2019-06-27,18:27:07,10.1.51.1,identificationSkills,ArthropodIDGuide.pdf,
1195,2019-06-28,01:58:19,10.1.49.1,mapsAndGraphs,"Dynamically Generated Phenology CSV","Y-Axis: Percent of Surveys, Lines: Caterpillars at EwA at Fresh Pond in 2019; All arthropods at EwA at Fresh Pond in 2019;"
1196,2019-06-29,13:43:48,10.1.49.1,identificationSkills,"Dichotomous Keys to Arthropod Orders.pdf",
1197,2019-06-29,19:19:26,10.1.51.1,identificationSkills,ArthropodIDGuide.pdf,
1198,2019-06-30,22:08:31,10.1.50.1,identificationSkills,ArthropodIDGuide.pdf,
1199,2019-06-30,22:08:59,10.1.50.1,identificationSkills,"Dichotomous Keys to Arthropod Orders.pdf",
1200,2019-07-02,14:20:22,10.1.50.1,conductASurvey,paperDataSheet.pdf,
1201,2019-07-02,14:21:39,10.1.50.1,resources,GettingStarted.pdf,
1202,2019-07-02,14:50:07,10.1.50.1,identificationSkills,ArthropodIDGuide.pdf,
1203,2019-07-02,16:01:05,10.1.50.1,resources,GettingStarted.pdf,
1204,2019-07-02,16:06:24,10.1.50.1,conductASurvey,paperDataSheet.pdf,
1205,2019-07-02,17:24:23,10.1.50.1,identificationSkills,"Dichotomous Keys to Arthropod Orders.pdf",
1206,2019-07-03,13:51:06,10.1.51.1,conductASurvey,paperDataSheet.pdf,
1207,2019-07-03,16:43:36,10.1.49.1,conductASurvey,paperDataSheet.pdf,
1208,2019-07-04,02:55:50,10.1.51.1,identificationSkills,"Dichotomous Keys to Arthropod Orders.pdf",
1209,2019-07-04,02:56:41,10.1.51.1,identificationSkills,ArthropodIDGuide.pdf,
1210,2019-07-07,01:42:38,10.1.49.1,conductASurvey,paperDataSheet.pdf,
1211,2019-07-07,10:50:20,10.1.51.1,identificationSkills,ArthropodIDGuide.pdf,
1212,2019-07-08,01:35:50,10.1.50.1,identificationSkills/index.html,,
1213,2019-07-08,13:50:43,10.1.51.1,resources,"Building A Beat Sheet.pdf",
1214,2019-07-08,19:00:01,10.1.50.1,resources,ManageMySurveysGuide.pdf,
1215,2019-07-09,13:39:01,10.1.50.1,conductASurvey,paperDataSheet.pdf,
1216,2019-07-09,17:00:03,10.1.51.1,resources,paperDataSheet.pdf,
1217,2019-07-09,19:20:35,10.1.50.1,identificationSkills,ArthropodIDGuide.pdf,
1218,2019-07-09,20:59:52,10.1.51.1,mapsAndGraphs,"Dynamically Generated Phenology CSV","Y-Axis: Percent of Surveys, Lines: Leaf hoppers and cicadas at Prairie Ridge Ecostation in 2019; Leaf hoppers and cicadas at Prairie Ridge Ecostation in 2018; Leaf hoppers and cicadas at Prairie Ridge Ecostation in 2017; Leaf hoppers and cicadas at Prairie Ridge Ecostation in 2015;"
1219,2019-07-10,16:11:56,10.1.50.1,dataDownload,"Dynamically Generated CSV","Site: 89, YearStart: 2018, YearEnd: 2019, Arthropod: All"
1220,2019-07-10,17:39:02,10.1.50.1,resources,MSPhenology.pdf,
1221,2019-07-10,17:39:39,10.1.50.1,resources,Caterpillars.pdf,
1222,2019-07-11,16:04:27,10.1.50.1,identificationSkills,ArthropodIDGuide.pdf,
1223,2019-07-11,17:05:52,10.1.49.1,identificationSkills,ArthropodIDGuide.pdf,
1224,2019-07-11,17:07:14,10.1.49.1,identificationSkills,ArthropodIDGuide.pdf,
1225,2019-07-12,13:57:20,10.1.49.1,identificationSkills,"Dichotomous Keys to Arthropod Orders.pdf",
1226,2019-07-12,17:00:54,10.1.49.1,resources,ManageMySurveysGuide.pdf,
1227,2019-07-12,17:01:50,10.1.49.1,resources,Caterpillars.pdf,
1228,2019-07-12,18:31:54,10.1.49.1,identificationSkills,ArthropodIDGuide.pdf,
1229,2019-07-13,01:59:38,10.1.50.1,identificationSkills/index.html,,
1230,2019-07-15,02:07:46,10.1.51.1,mapsAndGraphs,"Dynamically Generated Phenology CSV","Y-Axis: Percent of Surveys, Lines: Caterpillars at Mt. Auburn Cemetery in 2019;"
1231,2019-07-15,14:13:00,10.1.49.1,conductASurvey,paperDataSheet.pdf,
1232,2019-07-15,17:15:04,10.1.50.1,conductASurvey,paperDataSheet.pdf,
1233,2019-07-16,16:46:00,10.1.50.1,resources,Caterpillars.pdf,
1234,2019-07-16,16:47:21,10.1.50.1,resources,"Phenology Across Trophic Levels lesson plan.pdf",
1235,2019-07-17,00:13:31,10.1.50.1,identificationSkills,"Dichotomous Keys to Arthropod Orders.pdf",
1236,2019-07-17,18:37:55,10.1.50.1,dataDownload,"Dynamically Generated CSV","Site: 81, YearStart: 2017, YearEnd: 2017, Arthropod: All"
1237,2019-07-17,19:15:10,10.1.51.1,identificationSkills,ArthropodIDGuide.pdf,
1238,2019-07-18,12:24:45,10.1.51.1,identificationSkills,ArthropodIDGuide.pdf,
1239,2019-07-18,16:52:31,10.1.51.1,identificationSkills,ArthropodIDGuide.pdf,
1240,2019-07-18,16:55:43,10.1.51.1,mapsAndGraphs,"Dynamically Generated Phenology CSV","Y-Axis: Percent of Surveys, Lines: Caterpillars at Fernbank Forest in 2019; Caterpillars at NC Botanical Garden in 2019; Caterpillars at Prairie Ridge Ecostation in 2019; Caterpillars at Georgetown in 2019; Caterpillars at Mass Audubon's Broadmoor Wildlife Sanctuary in 2019;"
1241,2019-07-18,16:59:53,10.1.51.1,identificationSkills,"Dichotomous Keys to Arthropod Orders.pdf",
1242,2019-07-18,18:10:12,10.1.49.1,dataDownload,"Dynamically Generated CSV","Site: 93, YearStart: 2019, YearEnd: 2019, Arthropod: All"
1243,2019-07-18,19:45:51,10.1.50.1,resources,"Phenology Across Trophic Levels lesson plan.pdf",
1244,2019-07-18,19:50:01,10.1.50.1,resources,"Data Exploration.pdf",
1245,2019-07-18,20:21:22,10.1.50.1,dataDownload,"Dynamically Generated CSV","Site: 182, YearStart: 2019, YearEnd: 2019, Arthropod: All"
1246,2019-07-19,17:59:23,10.1.51.1,dataDownload,"Dynamically Generated CSV","Site: 93, YearStart: 2019, YearEnd: 2019, Arthropod: All"
1247,2019-07-19,18:21:53,10.1.49.1,resources,"Phenology Across Trophic Levels lesson plan.pdf",
1248,2019-07-19,18:22:15,10.1.49.1,dataDownload,"Dynamically Generated CSV","Site: All, YearStart: 2002, YearEnd: 2019, Arthropod: All"
1249,2019-07-19,20:37:34,10.1.49.1,conductASurvey,paperDataSheet.pdf,
1250,2019-07-19,20:54:41,10.1.49.1,identificationSkills/index.html,,
1251,2019-07-19,20:55:00,10.1.49.1,identificationSkills/index.html,,
1252,2019-07-19,20:55:34,10.1.49.1,identificationSkills/index.html,,
1253,2019-07-20,15:11:34,10.1.50.1,identificationSkills,"Dichotomous Keys to Arthropod Orders.pdf",
1254,2019-07-22,00:26:22,10.1.51.1,identificationSkills,ArthropodIDGuide.pdf,
1255,2019-07-22,00:27:01,10.1.51.1,identificationSkills,ArthropodIDGuide.pdf,
1256,2019-07-22,09:47:06,10.1.50.1,identificationSkills,ArthropodIDGuide.pdf,
1257,2019-07-22,09:47:33,10.1.50.1,identificationSkills,"Dichotomous Keys to Arthropod Orders.pdf",
1258,2019-07-22,15:07:35,10.1.49.1,resources,"Arthropod Food Web lesson plan.pdf",
1259,2019-07-22,15:07:42,10.1.49.1,resources,"Data Exploration.pdf",
1260,2019-07-22,19:54:43,10.1.51.1,resources,VisualSurveyTestBranch.pdf,
1261,2019-07-22,19:54:54,10.1.51.1,resources,TrainingParticipants.pdf,
1262,2019-07-22,23:49:37,10.1.51.1,identificationSkills,ArthropodIDGuide.pdf,
1263,2019-07-22,23:50:40,10.1.51.1,identificationSkills,"Dichotomous Keys to Arthropod Orders.pdf",
1264,2019-07-22,23:56:42,10.1.51.1,mapsAndGraphs,"Dynamically Generated Composition CSV","X-Axis: site, Y-Axis: Percent of Arthropods, Sites Included: Schuylkill Center"
1265,2019-07-22,23:58:28,10.1.51.1,mapsAndGraphs,"Dynamically Generated Phenology CSV","Y-Axis: Percent of Surveys, Lines: Caterpillars at Schuylkill Center in 2019;"
1266,2019-07-24,14:16:09,10.1.50.1,identificationSkills/index.html,,
1267,2019-07-25,00:09:56,10.1.51.1,resources,"Data Exploration.pdf",
1268,2019-07-25,04:21:20,10.1.51.1,identificationSkills,"Dichotomous Keys to Arthropod Orders.pdf",
1269,2019-07-25,21:14:15,10.1.50.1,identificationSkills,ArthropodIDGuide.pdf,
1270,2019-07-26,15:02:33,10.1.49.1,dataDownload,"Dynamically Generated CSV","Site: 182, YearStart: 2019, YearEnd: 2019, Arthropod: All"
1271,2019-07-26,19:59:51,10.1.49.1,identificationSkills,ArthropodIDGuide.pdf,
1272,2019-07-26,20:00:11,10.1.49.1,identificationSkills,"Dichotomous Keys to Arthropod Orders.pdf",
1273,2019-07-27,17:25:36,10.1.51.1,identificationSkills,"Dichotomous Keys to Arthropod Orders.pdf",
1274,2019-07-28,13:43:14,10.1.51.1,identificationSkills,ArthropodIDGuide.pdf,
1275,2019-07-30,00:06:13,10.1.50.1,conductASurvey,paperDataSheet.pdf,
1276,2019-07-30,00:09:22,10.1.50.1,identificationSkills,ArthropodIDGuide.pdf,
1277,2019-07-30,00:12:19,10.1.50.1,identificationSkills,"Dichotomous Keys to Arthropod Orders.pdf",
1278,2019-07-30,00:14:00,10.1.50.1,identificationSkills,ArthropodIDGuide.pdf,
1279,2019-07-30,17:12:40,10.1.51.1,dataDownload,"Dynamically Generated CSV","Site: 182, YearStart: 2019, YearEnd: 2019, Arthropod: All"
1280,2019-07-30,18:30:02,10.1.51.1,identificationSkills,ArthropodIDGuide.pdf,
1281,2019-07-30,18:30:52,10.1.51.1,identificationSkills,"Dichotomous Keys to Arthropod Orders.pdf",
1282,2019-07-31,10:53:55,10.1.50.1,identificationSkills,ArthropodIDGuide.pdf,
1283,2019-07-31,10:54:15,10.1.50.1,identificationSkills,"Dichotomous Keys to Arthropod Orders.pdf",
1284,2019-07-31,17:15:01,10.1.51.1,mapsAndGraphs,"Dynamically Generated Composition CSV","X-Axis: plant species, Y-Axis: Percent of Arthropods"
1285,2019-07-31,17:40:16,10.1.50.1,dataDownload,"Dynamically Generated CSV","Site: 182, YearStart: 2019, YearEnd: 2019, Arthropod: All"
1286,2019-07-31,17:50:16,10.1.50.1,mapsAndGraphs,"Dynamically Generated Composition CSV","X-Axis: plant species, Y-Axis: Percent of Arthropods"
1287,2019-07-31,17:56:01,10.1.51.1,mapsAndGraphs,"Dynamically Generated Composition CSV","X-Axis: plant species, Y-Axis: Percent of Arthropods"
1288,2019-07-31,18:19:04,10.1.49.1,mapsAndGraphs,"Dynamically Generated Composition CSV","X-Axis: plant species, Y-Axis: Percent of Arthropods"
1289,2019-07-31,22:13:48,10.1.49.1,identificationSkills,"Dichotomous Keys to Arthropod Orders.pdf",
1290,2019-07-31,22:15:18,10.1.49.1,identificationSkills,"Dichotomous Keys to Arthropod Orders.pdf",
1291,2019-08-01,06:51:15,10.1.51.1,dataDownload,"Dynamically Generated CSV","Site: All, YearStart: 2002, YearEnd: 2019, Arthropod: All"
1292,2019-08-01,14:03:26,10.1.49.1,identificationSkills/index.html,,
1293,2019-08-01,16:16:44,10.1.49.1,identificationSkills,ArthropodIDGuide.pdf,
1294,2019-08-01,16:17:02,10.1.49.1,identificationSkills,"Dichotomous Keys to Arthropod Orders.pdf",
1295,2019-08-01,18:09:25,10.1.49.1,resources,VisualSurveyTestBranch.pdf,
1296,2019-08-01,18:09:37,10.1.49.1,resources,TrainingParticipants.pdf,
1297,2019-08-03,15:52:54,10.1.50.1,identificationSkills,"Dichotomous Keys to Arthropod Orders.pdf",
1298,2019-08-05,18:52:30,10.1.51.1,mapsAndGraphs,"Dynamically Generated Phenology CSV","Y-Axis: Percent of Surveys, Lines: Caterpillars at Riverbanks in 2019;"
1299,2019-08-05,18:52:44,10.1.51.1,mapsAndGraphs,"Dynamically Generated Phenology CSV","Y-Axis: Percent of Surveys, Lines: Caterpillars at Riverbanks in 2019;"
1300,2019-08-05,18:52:57,10.1.51.1,mapsAndGraphs,"Dynamically Generated Composition CSV","X-Axis: site, Y-Axis: Percent of Arthropods, Sites Included: Riverbanks"
1301,2019-08-05,18:55:41,10.1.51.1,mapsAndGraphs,"Dynamically Generated Phenology CSV","Y-Axis: Percent of Surveys, Lines: Caterpillars at Riverbanks in 2019; All arthropods at Riverbanks in 2019;"
1302,2019-08-05,18:55:43,10.1.51.1,mapsAndGraphs,"Dynamically Generated Phenology CSV","Y-Axis: Percent of Surveys, Lines: Caterpillars at Riverbanks in 2019; All arthropods at Riverbanks in 2019;"
1303,2019-08-05,18:55:43,10.1.51.1,mapsAndGraphs,"Dynamically Generated Phenology CSV","Y-Axis: Percent of Surveys, Lines: Caterpillars at Riverbanks in 2019; All arthropods at Riverbanks in 2019;"
1304,2019-08-06,02:00:13,10.1.51.1,identificationSkills,ArthropodIDGuide.pdf,
1305,2019-08-06,17:12:05,10.1.49.1,conductASurvey,paperDataSheet.pdf,
1306,2019-08-07,13:56:05,10.1.50.1,identificationSkills/index.html,,
1307,2019-08-07,13:56:39,10.1.50.1,conductASurvey,paperDataSheet.pdf,
1308,2019-08-07,15:30:29,10.1.50.1,identificationSkills,"Dichotomous Keys to Arthropod Orders.pdf",
1309,2019-08-07,19:54:09,10.1.50.1,identificationSkills,ArthropodIDGuide.pdf,
1310,2019-08-07,19:54:22,10.1.50.1,identificationSkills,"Dichotomous Keys to Arthropod Orders.pdf",
1311,2019-08-07,20:11:41,10.1.50.1,dataDownload,"Dynamically Generated CSV","Site: 93, YearStart: 2018, YearEnd: 2019, Arthropod: caterpillar"
1312,2019-08-08,01:00:18,10.1.51.1,identificationSkills,ArthropodIDGuide.pdf,
1313,2019-08-08,01:00:48,10.1.51.1,identificationSkills,"Dichotomous Keys to Arthropod Orders.pdf",
1314,2019-08-08,13:35:27,10.1.51.1,mapsAndGraphs,"Dynamically Generated Phenology CSV","Y-Axis: Percent of Surveys, Lines: Caterpillars at Riverbanks in 2019; All arthropods at Riverbanks in 2019;"
1315,2019-08-08,13:35:32,10.1.51.1,mapsAndGraphs,"Dynamically Generated Phenology CSV","Y-Axis: Percent of Surveys, Lines: Caterpillars at Riverbanks in 2019; All arthropods at Riverbanks in 2019;"
1316,2019-08-08,13:37:10,10.1.51.1,mapsAndGraphs,"Dynamically Generated Phenology CSV","Y-Axis: Percent of Surveys, Lines: Caterpillars at Riverbanks in 2019; All arthropods at Riverbanks in 2019;"
1317,2019-08-08,13:37:15,10.1.51.1,mapsAndGraphs,"Dynamically Generated Phenology CSV","Y-Axis: Percent of Surveys, Lines: Caterpillars at Riverbanks in 2019; All arthropods at Riverbanks in 2019;"
1318,2019-08-08,13:49:43,10.1.51.1,dataDownload,"Dynamically Generated CSV","Site: All, YearStart: 2019, YearEnd: 2019, Arthropod: All"
1319,2019-08-08,14:51:48,10.1.51.1,mapsAndGraphs,"Dynamically Generated Phenology CSV","Y-Axis: Percent of Surveys, Lines: Caterpillars at Riverbanks in 2019;"
1320,2019-08-08,18:51:07,10.1.49.1,identificationSkills,"Dichotomous Keys to Arthropod Orders.pdf",
1321,2019-08-08,19:13:36,10.1.50.1,resources,GettingStarted.pdf,
1322,2019-08-08,20:17:10,10.1.50.1,resources,GettingStarted.pdf,
1323,2019-08-08,20:49:13,10.1.49.1,identificationSkills,ArthropodIDGuide.pdf,
1324,2019-08-10,16:58:34,10.1.51.1,identificationSkills,ArthropodIDGuide.pdf,
1325,2019-08-11,14:04:33,10.1.49.1,identificationSkills,ArthropodIDGuide.pdf,
1326,2019-08-12,01:38:19,10.1.51.1,resources,TrainingParticipants.pdf,
1327,2019-08-13,20:54:57,10.1.49.1,mapsAndGraphs,"Dynamically Generated Composition CSV","X-Axis: site, Y-Axis: Arthropods Per Survey, Sites Included: EwA at the Fells, EwA at Fresh Pond, EwA at Habitat, EwA at the Growing Center"
1328,2019-08-14,02:24:41,10.1.49.1,identificationSkills,ArthropodIDGuide.pdf,
1329,2019-08-14,18:20:25,10.1.49.1,identificationSkills,ArthropodIDGuide.pdf,
1330,2019-08-14,19:43:32,10.1.51.1,identificationSkills,ArthropodIDGuide.pdf,
1331,2019-08-14,19:44:03,10.1.51.1,identificationSkills,"Dichotomous Keys to Arthropod Orders.pdf",
1332,2019-08-14,19:44:49,10.1.51.1,identificationSkills,ArthropodIDGuide.pdf,
1333,2019-08-14,19:59:49,10.1.50.1,identificationSkills,"Dichotomous Keys to Arthropod Orders.pdf",
1334,2019-08-14,19:59:59,10.1.50.1,identificationSkills,ArthropodIDGuide.pdf,
1335,2019-08-15,22:43:39,10.1.49.1,identificationSkills,"Dichotomous Keys to Arthropod Orders.pdf",
1336,2019-08-16,13:16:25,10.1.51.1,mapsAndGraphs,"Dynamically Generated Phenology CSV","Y-Axis: Percent of Surveys, Lines: Caterpillars at Site A in 2019;"
1337,2019-08-16,13:17:26,10.1.51.1,mapsAndGraphs,"Dynamically Generated Composition CSV","X-Axis: site, Y-Axis: Percent of Arthropods, Sites Included: Site A"
1338,2019-08-16,13:55:25,10.1.51.1,mapsAndGraphs,"Dynamically Generated Phenology CSV","Y-Axis: Percent of Surveys, Lines: Caterpillars at Woodland Site B in 2019;"
1339,2019-08-16,13:55:44,10.1.51.1,mapsAndGraphs,"Dynamically Generated Composition CSV","X-Axis: site, Y-Axis: Percent of Arthropods, Sites Included: Woodland Site B"
1340,2019-08-16,16:54:12,10.1.49.1,mapsAndGraphs,"Dynamically Generated Composition CSV","X-Axis: plant species, Y-Axis: Percent of Arthropods"
1341,2019-08-16,16:54:33,10.1.49.1,mapsAndGraphs,"Dynamically Generated Phenology CSV","Y-Axis: Percent of Surveys, Lines: Caterpillars at Marin Municipal Water District in 2019; All arthropods at Marin Municipal Water District in 2019;"
1342,2019-08-17,16:02:44,10.1.49.1,identificationSkills,ArthropodIDGuide.pdf,
1343,2019-08-17,17:35:06,10.1.50.1,identificationSkills,ArthropodIDGuide.pdf,
1344,2019-08-17,22:31:15,10.1.51.1,identificationSkills,"Dichotomous Keys to Arthropod Orders.pdf",
1345,2019-08-17,22:32:43,10.1.51.1,identificationSkills,ArthropodIDGuide.pdf,
1346,2019-08-18,19:29:27,10.1.49.1,identificationSkills,ArthropodIDGuide.pdf,
1347,2019-08-19,17:46:52,10.1.51.1,identificationSkills,"Dichotomous Keys to Arthropod Orders.pdf",
1348,2019-08-19,17:46:56,10.1.51.1,identificationSkills,ArthropodIDGuide.pdf,
1349,2019-08-20,13:13:50,10.1.50.1,resources,TrainingParticipants.pdf,
1350,2019-08-20,13:14:57,10.1.50.1,resources,GettingStarted.pdf,
1351,2019-08-20,13:15:44,10.1.50.1,resources,ArthropodIDslides.pdf,
1352,2019-08-20,15:06:06,10.1.51.1,resources,VisualSurveyTestBranch.pdf,
1353,2019-08-20,15:07:13,10.1.51.1,resources,paperDataSheet.pdf,
1354,2019-08-20,15:52:02,10.1.50.1,identificationSkills,ArthropodIDGuide.pdf,
1355,2019-08-20,16:51:00,10.1.49.1,identificationSkills,ArthropodIDGuide.pdf,
1356,2019-08-20,18:51:05,10.1.49.1,resources,ArthropodIDslides.pdf,
1357,2019-08-20,18:51:41,10.1.49.1,identificationSkills,ArthropodIDGuide.pdf,
1358,2019-08-20,20:46:52,10.1.50.1,resources,GettingStarted.pdf,
1359,2019-08-20,20:46:58,10.1.50.1,resources,TrainingParticipants.pdf,
1360,2019-08-20,20:47:45,10.1.50.1,resources,ArthropodIDslides.pdf,
1361,2019-08-21,12:47:39,10.1.50.1,identificationSkills/index.html,,
1362,2019-08-21,13:48:17,10.1.49.1,identificationSkills/index.html,,
1363,2019-08-21,13:51:51,10.1.49.1,identificationSkills/index.html,,
1364,2019-08-21,17:10:43,10.1.49.1,identificationSkills,ArthropodIDGuide.pdf,
1365,2019-08-21,20:14:16,10.1.51.1,identificationSkills/index.html,,
1366,2019-08-21,20:14:18,10.1.51.1,identificationSkills/index.html,,
1367,2019-08-21,20:15:17,10.1.51.1,identificationSkills/index.html,,
1368,2019-08-21,20:19:02,10.1.51.1,identificationSkills,ArthropodIDGuide.pdf,
1369,2019-08-21,22:51:39,10.1.49.1,identificationSkills,"Dichotomous Keys to Arthropod Orders.pdf",
1370,2019-08-22,00:25:37,10.1.49.1,identificationSkills,ArthropodIDGuide.pdf,
1371,2019-08-22,02:01:43,10.1.49.1,identificationSkills/index.html,,
1372,2019-08-22,12:43:11,10.1.49.1,identificationSkills,ArthropodIDGuide.pdf,
1373,2019-08-22,15:38:37,10.1.51.1,identificationSkills,ArthropodIDGuide.pdf,
1374,2019-08-22,15:50:40,10.1.49.1,identificationSkills/index.html,,
1375,2019-08-22,19:21:54,10.1.49.1,identificationSkills/index.html,,
1376,2019-08-22,21:15:02,10.1.51.1,identificationSkills,"Dichotomous Keys to Arthropod Orders.pdf",
1377,2019-08-22,21:15:07,10.1.51.1,identificationSkills,"Dichotomous Keys to Arthropod Orders.pdf",
1378,2019-08-22,21:38:22,10.1.50.1,identificationSkills/index.html,,
1379,2019-08-22,21:41:09,10.1.50.1,identificationSkills/index.html,,
1380,2019-08-24,19:26:57,10.1.49.1,dataDownload,"Dynamically Generated CSV","Site: All, YearStart: 2002, YearEnd: 2019, Arthropod: All"
1381,2019-08-24,23:25:11,10.1.50.1,identificationSkills,"Dichotomous Keys to Arthropod Orders.pdf",
1382,2019-08-24,23:25:39,10.1.50.1,identificationSkills,ArthropodIDGuide.pdf,
1383,2019-08-25,16:12:26,10.1.51.1,identificationSkills,"Dichotomous Keys to Arthropod Orders.pdf",
1384,2019-08-25,16:12:41,10.1.51.1,identificationSkills,"Dichotomous Keys to Arthropod Orders.pdf",
1385,2019-08-25,16:12:45,10.1.51.1,identificationSkills,"Dichotomous Keys to Arthropod Orders.pdf",
1386,2019-08-26,05:56:17,10.1.50.1,identificationSkills/index.html,,
1387,2019-08-26,14:35:02,10.1.51.1,identificationSkills/index.html,,
1388,2019-08-26,16:26:23,10.1.51.1,mapsAndGraphs,"Dynamically Generated Phenology CSV","Y-Axis: Percent of Surveys, Lines: Caterpillars at Fernbank Forest in 2019; Caterpillars at NC Botanical Garden in 2019; Caterpillars at Prairie Ridge Ecostation in 2019; Caterpillars at Georgetown in 2019; Caterpillars at Georgetown in 2019; Caterpillars at Mass Audubon's Broadmoor Wildlife Sanctuary in 2019;"
1389,2019-08-27,15:37:10,10.1.50.1,mapsAndGraphs,"Dynamically Generated Phenology CSV","Y-Axis: Percent of Surveys, Lines: Caterpillars at Schuylkill Center in 2019; Caterpillars at Schuylkill Center in 2019;"
1390,2019-08-27,15:37:27,10.1.50.1,mapsAndGraphs,"Dynamically Generated Phenology CSV","Y-Axis: Percent of Surveys, Lines: Caterpillars at Schuylkill Center in 2019; Caterpillars at Schuylkill Center in 2019;"
1391,2019-08-27,15:38:00,10.1.51.1,identificationSkills,"Dichotomous Keys to Arthropod Orders.pdf",
1392,2019-08-27,15:41:35,10.1.50.1,dataDownload,"Dynamically Generated CSV","Site: 175, YearStart: 2019, YearEnd: 2019, Arthropod: All"
1393,2019-08-27,15:50:34,10.1.50.1,mapsAndGraphs,"Dynamically Generated Map CSV","Comparison Metric: Occurrence (%), Observation Method: All, Arthropod Group: Caterpillars, Minimum Length (mm): 0, Plant Species: All, Wet Leaves: true, Month Start: 1, Month End: 12, Year Start: 1980, YearEnd: 2019"
1394,2019-08-27,15:51:02,10.1.50.1,mapsAndGraphs,"Dynamically Generated Composition CSV","X-Axis: site, Y-Axis: Percent of Arthropods, Sites Included: Schuylkill Center"
1395,2019-08-27,15:51:05,10.1.50.1,mapsAndGraphs,"Dynamically Generated Phenology CSV","Y-Axis: Percent of Surveys, Lines: Caterpillars at Schuylkill Center in 2019; Caterpillars at Schuylkill Center in 2019;"
1396,2019-08-27,15:56:50,10.1.50.1,mapsAndGraphs,"Dynamically Generated Composition CSV","X-Axis: site, Y-Axis: Percent of Arthropods, Sites Included: Schuylkill Center"
1397,2019-08-27,16:04:40,10.1.50.1,identificationSkills/index.html,,
1398,2019-08-27,16:05:50,10.1.50.1,conductASurvey,paperDataSheet.pdf,
1399,2019-08-27,22:44:59,10.1.51.1,identificationSkills,ArthropodIDGuide.pdf,
1400,2019-08-27,22:45:15,10.1.51.1,identificationSkills,"Dichotomous Keys to Arthropod Orders.pdf",
1401,2019-08-28,14:03:03,10.1.50.1,identificationSkills,"Dichotomous Keys to Arthropod Orders.pdf",
1402,2019-08-28,14:04:50,10.1.50.1,identificationSkills,ArthropodIDGuide.pdf,
1403,2019-08-28,14:13:41,10.1.50.1,identificationSkills,ArthropodIDGuide.pdf,
1404,2019-08-28,14:13:45,10.1.50.1,identificationSkills,"Dichotomous Keys to Arthropod Orders.pdf",
1405,2019-08-29,15:30:37,10.1.51.1,identificationSkills,"Dichotomous Keys to Arthropod Orders.pdf",
1406,2019-08-29,16:06:56,10.1.50.1,identificationSkills/index.html,,
1407,2019-08-29,16:09:45,10.1.50.1,identificationSkills/index.html,,
1408,2019-08-29,17:40:21,10.1.49.1,identificationSkills,ArthropodIDGuide.pdf,
1409,2019-08-29,19:18:11,10.1.51.1,identificationSkills,ArthropodIDGuide.pdf,
1410,2019-08-29,19:19:03,10.1.51.1,identificationSkills,ArthropodIDGuide.pdf,
1411,2019-08-29,19:19:23,10.1.51.1,identificationSkills,"Dichotomous Keys to Arthropod Orders.pdf",
1412,2019-08-29,19:30:21,10.1.51.1,identificationSkills,"Dichotomous Keys to Arthropod Orders.pdf",
1413,2019-08-30,02:14:54,10.1.51.1,dataDownload,"Dynamically Generated CSV","Site: 68, YearStart: 2018, YearEnd: 2019, Arthropod: All"
1414,2019-08-30,12:41:33,10.1.51.1,resources,GettingStarted.pdf,
1415,2019-08-30,15:32:57,10.1.50.1,mapsAndGraphs,"Dynamically Generated Composition CSV","X-Axis: site, Y-Axis: Percent of Arthropods, Sites Included: Schuylkill Center"
1416,2019-08-30,16:30:28,10.1.49.1,identificationSkills,"Dichotomous Keys to Arthropod Orders.pdf",
1417,2019-08-30,23:38:30,10.1.51.1,identificationSkills,ArthropodIDGuide.pdf,
1418,2019-08-30,23:38:42,10.1.51.1,identificationSkills,"Dichotomous Keys to Arthropod Orders.pdf",
1419,2019-08-31,15:02:14,10.1.49.1,identificationSkills,"Dichotomous Keys to Arthropod Orders.pdf",
1420,2019-08-31,19:02:37,10.1.51.1,identificationSkills/index.html,,
1421,2019-08-31,19:02:59,10.1.51.1,identificationSkills/index.html,,
1422,2019-08-31,21:36:30,10.1.49.1,identificationSkills,ArthropodIDGuide.pdf,
1423,2019-08-31,21:36:47,10.1.49.1,identificationSkills,"Dichotomous Keys to Arthropod Orders.pdf",
1424,2019-09-01,18:42:18,10.1.51.1,identificationSkills,ArthropodIDGuide.pdf,
1425,2019-09-01,18:46:27,10.1.51.1,identificationSkills,"Dichotomous Keys to Arthropod Orders.pdf",
1426,2019-09-01,18:46:54,10.1.51.1,identificationSkills,ArthropodIDGuide.pdf,
1427,2019-09-01,20:09:58,10.1.51.1,identificationSkills,"Dichotomous Keys to Arthropod Orders.pdf",
1428,2019-09-01,23:22:42,10.1.51.1,identificationSkills,ArthropodIDGuide.pdf,
1429,2019-09-01,23:22:47,10.1.51.1,identificationSkills,"Dichotomous Keys to Arthropod Orders.pdf",
1430,2019-09-02,00:26:28,10.1.50.1,identificationSkills,ArthropodIDGuide.pdf,
1431,2019-09-02,00:27:15,10.1.50.1,identificationSkills,"Dichotomous Keys to Arthropod Orders.pdf",
1432,2019-09-02,09:58:48,10.1.50.1,identificationSkills,ArthropodIDGuide.pdf,
1433,2019-09-02,17:29:31,10.1.51.1,identificationSkills/index.html,,
1434,2019-09-02,17:41:27,10.1.51.1,identificationSkills/index.html,,
1435,2019-09-03,15:32:39,10.1.51.1,identificationSkills,"Dichotomous Keys to Arthropod Orders.pdf",
1436,2019-09-03,15:33:17,10.1.51.1,identificationSkills,ArthropodIDGuide.pdf,
1437,2019-09-03,18:41:33,10.1.49.1,identificationSkills,ArthropodIDGuide.pdf,
1438,2019-09-03,19:21:05,10.1.50.1,dataDownload,"Dynamically Generated CSV","Site: 106, YearStart: 2018, YearEnd: 2019, Arthropod: caterpillar"
1439,2019-09-03,19:54:20,10.1.49.1,identificationSkills,ArthropodIDGuide.pdf,
1440,2019-09-03,20:35:15,10.1.51.1,resources,GettingStarted.pdf,
1441,2019-09-03,20:35:24,10.1.51.1,resources,VisualSurveyTestBranch.pdf,
1442,2019-09-03,20:35:30,10.1.51.1,resources,ArthropodIDslides.pdf,
1443,2019-09-04,01:33:22,10.1.50.1,identificationSkills,ArthropodIDGuide.pdf,
1444,2019-09-04,13:51:00,10.1.50.1,identificationSkills,ArthropodIDGuide.pdf,
1445,2019-09-04,13:59:57,10.1.50.1,identificationSkills,ArthropodIDGuide.pdf,
1446,2019-09-04,14:00:12,10.1.50.1,identificationSkills,"Dichotomous Keys to Arthropod Orders.pdf",
1447,2019-09-04,14:48:03,10.1.50.1,resources,VisualSurveyTestBranch.pdf,
1448,2019-09-04,14:48:12,10.1.50.1,resources,paperDataSheet.pdf,
1449,2019-09-04,22:14:42,10.1.50.1,identificationSkills,ArthropodIDGuide.pdf,
1450,2019-09-05,00:27:35,10.1.49.1,identificationSkills,"Dichotomous Keys to Arthropod Orders.pdf",
1451,2019-09-05,00:29:09,10.1.49.1,identificationSkills,ArthropodIDGuide.pdf,
1452,2019-09-05,04:57:49,10.1.50.1,identificationSkills,"Dichotomous Keys to Arthropod Orders.pdf",
1453,2019-09-05,12:40:02,10.1.50.1,identificationSkills,ArthropodIDGuide.pdf,
1454,2019-09-05,14:48:57,10.1.51.1,identificationSkills,ArthropodIDGuide.pdf,
1455,2019-09-05,16:27:21,10.1.49.1,identificationSkills,ArthropodIDGuide.pdf,
1456,2019-09-05,16:30:43,10.1.49.1,identificationSkills,"Dichotomous Keys to Arthropod Orders.pdf",
1457,2019-09-05,16:36:57,10.1.49.1,identificationSkills,ArthropodIDGuide.pdf,
1458,2019-09-05,16:59:16,10.1.49.1,identificationSkills,ArthropodIDGuide.pdf,
1459,2019-09-05,18:50:15,10.1.51.1,identificationSkills,ArthropodIDGuide.pdf,
1460,2019-09-05,18:50:47,10.1.49.1,identificationSkills,"Dichotomous Keys to Arthropod Orders.pdf",
1461,2019-09-05,18:51:46,10.1.51.1,identificationSkills,ArthropodIDGuide.pdf,
1462,2019-09-06,01:29:59,10.1.49.1,identificationSkills,ArthropodIDGuide.pdf,
1463,2019-09-06,04:48:32,10.1.49.1,resources,"Data Exploration.pdf",
1464,2019-09-06,04:49:15,10.1.49.1,resources,ManageMySurveysGuide.pdf,
1465,2019-09-06,14:41:22,10.1.51.1,dataDownload,"Dynamically Generated CSV","Site: All, YearStart: 2002, YearEnd: 2019, Arthropod: All"
1466,2019-09-06,17:10:59,10.1.49.1,identificationSkills,ArthropodIDGuide.pdf,
1467,2019-09-06,17:11:10,10.1.49.1,identificationSkills,"Dichotomous Keys to Arthropod Orders.pdf",
1468,2019-09-06,17:12:38,10.1.49.1,identificationSkills,"Dichotomous Keys to Arthropod Orders.pdf",
1469,2019-09-06,23:57:00,10.1.51.1,identificationSkills/index.html,,
1470,2019-09-07,00:05:42,10.1.51.1,identificationSkills/index.html,,
1471,2019-09-07,00:08:10,10.1.51.1,identificationSkills/index.html,,
1472,2019-09-07,05:02:13,10.1.49.1,identificationSkills,"Dichotomous Keys to Arthropod Orders.pdf",
1473,2019-09-07,20:43:25,10.1.49.1,identificationSkills,ArthropodIDGuide.pdf,
1474,2019-09-07,20:43:51,10.1.49.1,identificationSkills,ArthropodIDGuide.pdf,
1475,2019-09-07,20:43:58,10.1.49.1,identificationSkills,"Dichotomous Keys to Arthropod Orders.pdf",
1476,2019-09-07,21:00:16,10.1.49.1,conductASurvey,paperDataSheet.pdf,
1477,2019-09-07,22:23:32,10.1.50.1,identificationSkills,ArthropodIDGuide.pdf,
1478,2019-09-08,16:21:13,10.1.50.1,identificationSkills,ArthropodIDGuide.pdf,
1479,2019-09-08,16:21:36,10.1.50.1,identificationSkills,"Dichotomous Keys to Arthropod Orders.pdf",
1480,2019-09-08,19:28:17,10.1.51.1,identificationSkills/index.html,,
1481,2019-09-08,19:29:01,10.1.51.1,identificationSkills/index.html,,
1482,2019-09-08,19:38:36,10.1.51.1,identificationSkills/index.html,,
1483,2019-09-08,20:04:38,10.1.51.1,resources,"Data Exploration.pdf",
1484,2019-09-08,20:22:48,10.1.50.1,identificationSkills,ArthropodIDGuide.pdf,
1485,2019-09-08,20:23:30,10.1.50.1,identificationSkills,"Dichotomous Keys to Arthropod Orders.pdf",
1486,2019-09-08,20:29:42,10.1.51.1,identificationSkills,ArthropodIDGuide.pdf,
1487,2019-09-08,21:24:10,10.1.49.1,identificationSkills,ArthropodIDGuide.pdf,
1488,2019-09-08,22:43:21,10.1.51.1,identificationSkills,ArthropodIDGuide.pdf,
1489,2019-09-08,22:43:57,10.1.51.1,identificationSkills,"Dichotomous Keys to Arthropod Orders.pdf",
1490,2019-09-08,23:31:38,10.1.50.1,identificationSkills/index.html,,
1491,2019-09-08,23:34:01,10.1.50.1,identificationSkills/index.html,,
1492,2019-09-09,01:09:55,10.1.50.1,identificationSkills,ArthropodIDGuide.pdf,
1493,2019-09-09,01:10:57,10.1.50.1,identificationSkills,"Dichotomous Keys to Arthropod Orders.pdf",
1494,2019-09-09,06:22:17,10.1.51.1,identificationSkills,"Dichotomous Keys to Arthropod Orders.pdf",
1495,2019-09-09,21:53:05,10.1.49.1,conductASurvey,paperDataSheet.pdf,
1496,2019-09-10,00:28:51,10.1.49.1,identificationSkills,ArthropodIDGuide.pdf,
1497,2019-09-10,00:34:26,10.1.49.1,identificationSkills,ArthropodIDGuide.pdf,
1498,2019-09-10,00:37:42,10.1.49.1,identificationSkills,ArthropodIDGuide.pdf,
1499,2019-09-10,01:25:14,10.1.49.1,identificationSkills,ArthropodIDGuide.pdf,
1500,2019-09-10,15:00:24,10.1.50.1,identificationSkills,ArthropodIDGuide.pdf,
1501,2019-09-10,15:01:00,10.1.50.1,identificationSkills,"Dichotomous Keys to Arthropod Orders.pdf",
1502,2019-09-10,15:01:45,10.1.50.1,identificationSkills,ArthropodIDGuide.pdf,
1503,2019-09-10,17:27:05,10.1.50.1,resources,GettingStarted.pdf,
1504,2019-09-10,17:27:37,10.1.50.1,resources,TrainingParticipants.pdf,
1505,2019-09-10,17:28:55,10.1.50.1,resources,VisualSurveyTestBranch.pdf,
1506,2019-09-10,17:28:59,10.1.50.1,resources,ArthropodIDslides.pdf,
1507,2019-09-10,17:35:22,10.1.50.1,resources,"Building A Beat Sheet.pdf",
1508,2019-09-10,18:32:27,10.1.49.1,identificationSkills,ArthropodIDGuide.pdf,
1509,2019-09-10,18:42:33,10.1.51.1,resources,TrainingParticipants.pdf,
1510,2019-09-10,19:02:58,10.1.50.1,conductASurvey,paperDataSheet.pdf,
1511,2019-09-10,19:47:52,10.1.49.1,identificationSkills,ArthropodIDGuide.pdf,
1512,2019-09-10,19:48:16,10.1.49.1,identificationSkills,ArthropodIDGuide.pdf,
1513,2019-09-10,19:48:29,10.1.49.1,identificationSkills,"Dichotomous Keys to Arthropod Orders.pdf",
1514,2019-09-10,19:48:49,10.1.49.1,identificationSkills,ArthropodIDGuide.pdf,
1515,2019-09-10,19:53:50,10.1.49.1,identificationSkills,ArthropodIDGuide.pdf,
1516,2019-09-10,22:15:37,10.1.51.1,identificationSkills/index.html,,
1517,2019-09-10,22:32:12,10.1.49.1,identificationSkills,ArthropodIDGuide.pdf,
1518,2019-09-10,22:36:28,10.1.49.1,identificationSkills,ArthropodIDGuide.pdf,
1519,2019-09-10,22:36:42,10.1.49.1,identificationSkills,ArthropodIDGuide.pdf,
1520,2019-09-10,22:36:47,10.1.49.1,identificationSkills,"Dichotomous Keys to Arthropod Orders.pdf",
1521,2019-09-10,22:57:25,10.1.50.1,identificationSkills,ArthropodIDGuide.pdf,
1522,2019-09-10,22:59:09,10.1.50.1,identificationSkills,ArthropodIDGuide.pdf,
1523,2019-09-10,22:59:14,10.1.50.1,identificationSkills,ArthropodIDGuide.pdf,
1524,2019-09-10,22:59:18,10.1.50.1,identificationSkills,"Dichotomous Keys to Arthropod Orders.pdf",
1525,2019-09-11,00:03:16,10.1.49.1,identificationSkills,ArthropodIDGuide.pdf,
1526,2019-09-11,00:10:16,10.1.49.1,identificationSkills,ArthropodIDGuide.pdf,
1527,2019-09-11,01:02:14,10.1.49.1,identificationSkills,ArthropodIDGuide.pdf,
1528,2019-09-11,01:14:16,10.1.50.1,identificationSkills,ArthropodIDGuide.pdf,
1529,2019-09-11,01:46:52,10.1.50.1,identificationSkills,ArthropodIDGuide.pdf,
1530,2019-09-11,01:56:14,10.1.49.1,identificationSkills,ArthropodIDGuide.pdf,
1531,2019-09-11,01:57:16,10.1.49.1,identificationSkills,"Dichotomous Keys to Arthropod Orders.pdf",
1532,2019-09-11,02:46:33,10.1.49.1,identificationSkills,ArthropodIDGuide.pdf,
1533,2019-09-11,03:11:48,10.1.50.1,identificationSkills,ArthropodIDGuide.pdf,
1534,2019-09-11,03:12:27,10.1.50.1,identificationSkills,"Dichotomous Keys to Arthropod Orders.pdf",
1535,2019-09-11,03:48:31,10.1.49.1,identificationSkills,ArthropodIDGuide.pdf,
1536,2019-09-11,03:48:56,10.1.49.1,identificationSkills,ArthropodIDGuide.pdf,
1537,2019-09-11,03:49:05,10.1.49.1,identificationSkills,"Dichotomous Keys to Arthropod Orders.pdf",
1538,2019-09-11,13:10:19,10.1.50.1,identificationSkills,ArthropodIDGuide.pdf,
1539,2019-09-11,13:18:47,10.1.51.1,identificationSkills,ArthropodIDGuide.pdf,
1540,2019-09-11,13:22:25,10.1.50.1,identificationSkills,"Dichotomous Keys to Arthropod Orders.pdf",
1541,2019-09-11,13:22:34,10.1.50.1,identificationSkills,ArthropodIDGuide.pdf,
1542,2019-09-11,14:46:59,10.1.51.1,identificationSkills,ArthropodIDGuide.pdf,
1543,2019-09-11,14:47:11,10.1.51.1,identificationSkills,ArthropodIDGuide.pdf,
1544,2019-09-11,15:00:53,10.1.49.1,identificationSkills,ArthropodIDGuide.pdf,
1545,2019-09-11,15:23:34,10.1.50.1,identificationSkills,ArthropodIDGuide.pdf,
1546,2019-09-11,15:32:50,10.1.50.1,identificationSkills,"Dichotomous Keys to Arthropod Orders.pdf",
1547,2019-09-11,15:38:05,10.1.49.1,identificationSkills,ArthropodIDGuide.pdf,
1548,2019-09-11,15:38:10,10.1.49.1,identificationSkills,"Dichotomous Keys to Arthropod Orders.pdf",
1549,2019-09-11,16:09:20,10.1.49.1,identificationSkills,ArthropodIDGuide.pdf,
1550,2019-09-11,16:10:27,10.1.49.1,identificationSkills,ArthropodIDGuide.pdf,
1551,2019-09-11,16:10:35,10.1.49.1,identificationSkills,"Dichotomous Keys to Arthropod Orders.pdf",
1552,2019-09-11,16:34:47,10.1.50.1,identificationSkills,"Dichotomous Keys to Arthropod Orders.pdf",
1553,2019-09-11,17:49:44,10.1.51.1,mapsAndGraphs,"Dynamically Generated Map CSV","Comparison Metric: Occurrence (%), Observation Method: All, Arthropod Group: Caterpillars, Minimum Length (mm): 0, Plant Species: All, Wet Leaves: true, Month Start: 1, Month End: 12, Year Start: 2002, YearEnd: 2019"
1554,2019-09-11,17:50:15,10.1.51.1,mapsAndGraphs,"Dynamically Generated Phenology CSV","Y-Axis: Percent of Surveys, Lines: Caterpillars at Camp Woods Survey in 2019;"
1555,2019-09-11,17:50:49,10.1.51.1,mapsAndGraphs,"Dynamically Generated Composition CSV","X-Axis: site, Y-Axis: Percent of Arthropods, Sites Included: Camp Woods Survey"
1556,2019-09-11,17:51:33,10.1.51.1,mapsAndGraphs,"Dynamically Generated Phenology CSV","Y-Axis: Percent of Surveys, Lines: Caterpillars at Crossways Survey in 2019;"
1557,2019-09-11,17:51:37,10.1.51.1,mapsAndGraphs,"Dynamically Generated Composition CSV","X-Axis: site, Y-Axis: Percent of Arthropods, Sites Included: Crossways Survey"
1558,2019-09-11,18:04:01,10.1.51.1,identificationSkills,ArthropodIDGuide.pdf,
1559,2019-09-11,18:04:39,10.1.50.1,identificationSkills,ArthropodIDGuide.pdf,
1560,2019-09-11,18:04:46,10.1.49.1,identificationSkills,ArthropodIDGuide.pdf,
1561,2019-09-11,18:04:49,10.1.49.1,identificationSkills,"Dichotomous Keys to Arthropod Orders.pdf",
1562,2019-09-11,18:05:09,10.1.51.1,identificationSkills,ArthropodIDGuide.pdf,
1563,2019-09-11,20:21:18,10.1.49.1,identificationSkills,ArthropodIDGuide.pdf,
1564,2019-09-11,21:25:55,10.1.51.1,dataDownload,"Dynamically Generated CSV","Site: All, YearStart: 2018, YearEnd: 2019, Arthropod: All"
1565,2019-09-12,05:00:28,10.1.49.1,identificationSkills,ArthropodIDGuide.pdf,
1566,2019-09-12,05:00:39,10.1.49.1,identificationSkills,"Dichotomous Keys to Arthropod Orders.pdf",
1567,2019-09-12,05:32:08,10.1.50.1,dataDownload,"Dynamically Generated CSV","Site: 100, YearStart: 2018, YearEnd: 2019, Arthropod: All"
1568,2019-09-12,05:34:04,10.1.50.1,mapsAndGraphs,"Dynamically Generated Phenology CSV","Y-Axis: Percent of Surveys, Lines: Caterpillars at RVCC in 2019;"
1569,2019-09-12,14:54:09,10.1.50.1,identificationSkills,ArthropodIDGuide.pdf,
1570,2019-09-12,15:01:06,10.1.50.1,identificationSkills,ArthropodIDGuide.pdf,
1571,2019-09-12,15:29:48,10.1.49.1,identificationSkills,ArthropodIDGuide.pdf,
1572,2019-09-12,15:31:35,10.1.49.1,identificationSkills,ArthropodIDGuide.pdf,
1573,2019-09-12,15:45:53,10.1.49.1,identificationSkills,"Dichotomous Keys to Arthropod Orders.pdf",
1574,2019-09-12,16:34:52,10.1.51.1,identificationSkills/index.html,,
1575,2019-09-12,16:45:26,10.1.50.1,resources,TrainingParticipants.pdf,
1576,2019-09-12,16:51:45,10.1.51.1,identificationSkills/index.html,,
1577,2019-09-12,18:45:29,10.1.51.1,identificationSkills,ArthropodIDGuide.pdf,
1578,2019-09-12,19:21:17,10.1.51.1,identificationSkills,ArthropodIDGuide.pdf,
1579,2019-09-13,01:37:20,10.1.50.1,dataDownload,"Dynamically Generated CSV","Site: 52, YearStart: 2017, YearEnd: 2019, Arthropod: All"
1580,2019-09-13,02:30:16,10.1.51.1,identificationSkills,ArthropodIDGuide.pdf,
1581,2019-09-13,13:14:55,10.1.51.1,identificationSkills,ArthropodIDGuide.pdf,
1582,2019-09-13,14:39:18,10.1.51.1,mapsAndGraphs,"Dynamically Generated Composition CSV","X-Axis: plant species, Y-Axis: Percent of Arthropods"
1583,2019-09-13,18:04:47,10.1.50.1,resources,TrainingParticipants.pdf,
1584,2019-09-13,18:06:17,10.1.50.1,resources,"Phenology Across Trophic Levels lesson plan.pdf",
1585,2019-09-13,18:07:00,10.1.49.1,conductASurvey,paperDataSheet.pdf,
1586,2019-09-13,18:12:17,10.1.50.1,resources,paperDataSheet.pdf,
1587,2019-09-13,18:16:33,10.1.50.1,conductASurvey,paperDataSheet.pdf,
1588,2019-09-13,18:16:59,10.1.50.1,resources,VisualSurveyTestBranch.pdf,
1589,2019-09-13,20:24:13,10.1.51.1,identificationSkills,"Dichotomous Keys to Arthropod Orders.pdf",
1590,2019-09-13,20:24:44,10.1.51.1,identificationSkills,ArthropodIDGuide.pdf,
1591,2019-09-14,15:47:26,10.1.49.1,identificationSkills,"Dichotomous Keys to Arthropod Orders.pdf",
1592,2019-09-14,15:47:42,10.1.49.1,identificationSkills,ArthropodIDGuide.pdf,
1593,2019-09-14,21:42:21,10.1.49.1,identificationSkills,ArthropodIDGuide.pdf,
1594,2019-09-14,21:42:28,10.1.49.1,identificationSkills,"Dichotomous Keys to Arthropod Orders.pdf",
1595,2019-09-15,18:41:07,10.1.50.1,identificationSkills,ArthropodIDGuide.pdf,
1596,2019-09-15,23:24:32,10.1.50.1,identificationSkills,ArthropodIDGuide.pdf,
1597,2019-09-16,00:03:07,10.1.51.1,identificationSkills/index.html,,
1598,2019-09-16,04:01:48,10.1.51.1,identificationSkills,ArthropodIDGuide.pdf,
1599,2019-09-16,15:55:51,10.1.50.1,identificationSkills,"Dichotomous Keys to Arthropod Orders.pdf",
1600,2019-09-16,15:58:19,10.1.50.1,identificationSkills,ArthropodIDGuide.pdf,
1601,2019-09-16,15:58:41,10.1.50.1,identificationSkills,"Dichotomous Keys to Arthropod Orders.pdf",
1602,2019-09-17,00:12:45,10.1.50.1,identificationSkills,ArthropodIDGuide.pdf,
1603,2019-09-17,00:12:49,10.1.50.1,identificationSkills,ArthropodIDGuide.pdf,
1604,2019-09-17,00:12:53,10.1.50.1,identificationSkills,ArthropodIDGuide.pdf,
1605,2019-09-17,00:12:59,10.1.50.1,identificationSkills,ArthropodIDGuide.pdf,
1606,2019-09-17,00:13:08,10.1.50.1,identificationSkills,ArthropodIDGuide.pdf,
1607,2019-09-17,00:13:14,10.1.50.1,identificationSkills,"Dichotomous Keys to Arthropod Orders.pdf",
1608,2019-09-17,00:37:59,10.1.50.1,identificationSkills,ArthropodIDGuide.pdf,
1609,2019-09-17,00:38:05,10.1.50.1,identificationSkills,"Dichotomous Keys to Arthropod Orders.pdf",
1610,2019-09-17,02:20:22,10.1.50.1,identificationSkills,ArthropodIDGuide.pdf,
1611,2019-09-17,09:53:52,10.1.51.1,identificationSkills/index.html,,
1612,2019-09-17,14:45:08,10.1.50.1,identificationSkills,ArthropodIDGuide.pdf,
1613,2019-09-17,14:45:58,10.1.51.1,identificationSkills,ArthropodIDGuide.pdf,
1614,2019-09-17,14:47:28,10.1.50.1,identificationSkills,ArthropodIDGuide.pdf,
1615,2019-09-17,14:47:35,10.1.50.1,identificationSkills,ArthropodIDGuide.pdf,
1616,2019-09-17,14:47:40,10.1.50.1,identificationSkills,ArthropodIDGuide.pdf,
1617,2019-09-17,14:47:44,10.1.50.1,identificationSkills,"Dichotomous Keys to Arthropod Orders.pdf",
1618,2019-09-17,14:50:48,10.1.50.1,identificationSkills,ArthropodIDGuide.pdf,
1619,2019-09-17,15:58:24,10.1.49.1,identificationSkills,ArthropodIDGuide.pdf,
1620,2019-09-17,16:00:08,10.1.49.1,identificationSkills,"Dichotomous Keys to Arthropod Orders.pdf",
1621,2019-09-17,16:44:21,10.1.49.1,identificationSkills,"Dichotomous Keys to Arthropod Orders.pdf",
1622,2019-09-17,16:57:46,10.1.50.1,identificationSkills,ArthropodIDGuide.pdf,
1623,2019-09-17,18:14:17,10.1.50.1,identificationSkills,ArthropodIDGuide.pdf,
1624,2019-09-17,18:17:11,10.1.50.1,identificationSkills,ArthropodIDGuide.pdf,
1625,2019-09-17,18:17:15,10.1.50.1,identificationSkills,"Dichotomous Keys to Arthropod Orders.pdf",
1626,2019-09-17,18:25:14,10.1.51.1,identificationSkills,ArthropodIDGuide.pdf,
1627,2019-09-17,18:25:29,10.1.51.1,identificationSkills,"Dichotomous Keys to Arthropod Orders.pdf",
1628,2019-09-17,18:27:23,10.1.51.1,identificationSkills,"Dichotomous Keys to Arthropod Orders.pdf",
1629,2019-09-17,18:33:08,10.1.50.1,identificationSkills,"Dichotomous Keys to Arthropod Orders.pdf",
1630,2019-09-17,18:34:15,10.1.50.1,identificationSkills,ArthropodIDGuide.pdf,
1631,2019-09-17,18:44:45,10.1.49.1,identificationSkills,ArthropodIDGuide.pdf,
1632,2019-09-17,20:12:17,10.1.50.1,identificationSkills/index.html,,
1633,2019-09-17,20:46:32,10.1.50.1,identificationSkills/index.html,,
1634,2019-09-17,20:52:05,10.1.50.1,identificationSkills,ArthropodIDGuide.pdf,
1635,2019-09-17,20:52:13,10.1.50.1,identificationSkills,"Dichotomous Keys to Arthropod Orders.pdf",
1636,2019-09-17,20:54:20,10.1.51.1,identificationSkills,ArthropodIDGuide.pdf,
1637,2019-09-18,03:33:23,10.1.51.1,identificationSkills,ArthropodIDGuide.pdf,
1638,2019-09-18,03:34:15,10.1.51.1,identificationSkills,ArthropodIDGuide.pdf,
1639,2019-09-18,03:34:23,10.1.51.1,identificationSkills,"Dichotomous Keys to Arthropod Orders.pdf",
1640,2019-09-18,03:41:13,10.1.51.1,identificationSkills/index.html,,
1641,2019-09-18,13:58:25,10.1.49.1,identificationSkills/index.html,,
1642,2019-09-18,13:58:41,10.1.51.1,identificationSkills,ArthropodIDGuide.pdf,
1643,2019-09-18,14:42:36,10.1.51.1,identificationSkills,ArthropodIDGuide.pdf,
1644,2019-09-18,14:43:14,10.1.51.1,identificationSkills,"Dichotomous Keys to Arthropod Orders.pdf",
1645,2019-09-18,15:06:08,10.1.49.1,identificationSkills,ArthropodIDGuide.pdf,
1646,2019-09-18,16:09:48,10.1.49.1,identificationSkills,ArthropodIDGuide.pdf,
1647,2019-09-18,16:23:27,10.1.49.1,identificationSkills,ArthropodIDGuide.pdf,
1648,2019-09-18,16:24:58,10.1.49.1,identificationSkills,"Dichotomous Keys to Arthropod Orders.pdf",
1649,2019-09-18,16:25:38,10.1.49.1,identificationSkills,ArthropodIDGuide.pdf,
1650,2019-09-18,16:31:26,10.1.49.1,identificationSkills,ArthropodIDGuide.pdf,
1651,2019-09-18,16:33:01,10.1.49.1,identificationSkills,"Dichotomous Keys to Arthropod Orders.pdf",
1652,2019-09-18,16:36:52,10.1.50.1,identificationSkills,ArthropodIDGuide.pdf,
1653,2019-09-18,16:59:08,10.1.49.1,identificationSkills,ArthropodIDGuide.pdf,
1654,2019-09-18,17:13:02,10.1.51.1,identificationSkills,ArthropodIDGuide.pdf,
1655,2019-09-18,17:19:38,10.1.49.1,identificationSkills,ArthropodIDGuide.pdf,
1656,2019-09-18,17:48:24,10.1.50.1,identificationSkills,ArthropodIDGuide.pdf,
1657,2019-09-18,17:48:45,10.1.50.1,identificationSkills,"Dichotomous Keys to Arthropod Orders.pdf",
1658,2019-09-18,17:59:47,10.1.51.1,identificationSkills,ArthropodIDGuide.pdf,
1659,2019-09-18,19:15:27,10.1.50.1,identificationSkills,ArthropodIDGuide.pdf,
1660,2019-09-18,19:16:08,10.1.49.1,identificationSkills/index.html,,
1661,2019-09-18,22:27:58,10.1.49.1,dataDownload,"Dynamically Generated CSV","Site: 182, YearStart: 2018, YearEnd: 2019, Arthropod: All"
1662,2019-09-19,01:22:35,10.1.51.1,identificationSkills,ArthropodIDGuide.pdf,
1663,2019-09-19,01:38:44,10.1.50.1,identificationSkills,ArthropodIDGuide.pdf,
1664,2019-09-19,02:13:43,10.1.50.1,identificationSkills,ArthropodIDGuide.pdf,
1665,2019-09-19,13:08:23,10.1.51.1,identificationSkills,ArthropodIDGuide.pdf,
1666,2019-09-19,14:26:27,10.1.51.1,identificationSkills,ArthropodIDGuide.pdf,
1667,2019-09-19,14:49:50,10.1.49.1,identificationSkills,ArthropodIDGuide.pdf,
1668,2019-09-19,14:54:40,10.1.49.1,identificationSkills,ArthropodIDGuide.pdf,
1669,2019-09-19,15:11:44,10.1.49.1,identificationSkills,ArthropodIDGuide.pdf,
1670,2019-09-19,15:27:12,10.1.50.1,identificationSkills,ArthropodIDGuide.pdf,
1671,2019-09-19,15:28:14,10.1.50.1,identificationSkills,ArthropodIDGuide.pdf,
1672,2019-09-19,15:45:19,10.1.49.1,identificationSkills,ArthropodIDGuide.pdf,
1673,2019-09-19,15:46:48,10.1.49.1,identificationSkills,"Dichotomous Keys to Arthropod Orders.pdf",
1674,2019-09-19,15:55:37,10.1.50.1,identificationSkills,ArthropodIDGuide.pdf,
1675,2019-09-19,16:15:20,10.1.51.1,identificationSkills,ArthropodIDGuide.pdf,
1676,2019-09-19,16:55:12,10.1.49.1,identificationSkills,ArthropodIDGuide.pdf,
1677,2019-09-19,17:12:29,10.1.50.1,identificationSkills,ArthropodIDGuide.pdf,
1678,2019-09-19,17:58:15,10.1.50.1,identificationSkills,ArthropodIDGuide.pdf,
1679,2019-09-19,18:26:52,10.1.51.1,dataDownload,"Dynamically Generated CSV","Site: 182, YearStart: 2018, YearEnd: 2019, Arthropod: All"
1680,2019-09-19,19:00:13,10.1.51.1,resources,GettingStarted.pdf,
1681,2019-09-19,19:00:29,10.1.51.1,resources,TrainingParticipants.pdf,
1682,2019-09-19,20:06:06,10.1.49.1,identificationSkills,ArthropodIDGuide.pdf,
1683,2019-09-20,01:44:08,10.1.50.1,identificationSkills/index.html,ArthropodIDGuide.pdf,
1684,2019-09-20,01:45:39,10.1.50.1,identificationSkills/index.html,"Dichotomous Keys to Arthropod Orders.pdf",
1685,2019-09-20,01:46:43,10.1.50.1,resources,GettingStarted.pdf,
1686,2019-09-20,01:46:56,10.1.50.1,resources,TrainingParticipants.pdf,
1687,2019-09-20,01:50:47,10.1.50.1,resources,ArthropodIDslides.pdf,
1688,2019-09-20,01:53:49,10.1.50.1,resources,TrainingParticipants.pdf,
1689,2019-09-20,01:54:35,10.1.50.1,resources,VisualSurveyTestBranch.pdf,
1690,2019-09-20,01:55:14,10.1.50.1,resources,Caterpillars.pdf,
1691,2019-09-20,01:58:23,10.1.50.1,resources,"Phenology Across Trophic Levels lesson plan.pdf",
1692,2019-09-20,02:00:24,10.1.50.1,resources,"Building A Beat Sheet.pdf",
1693,2019-09-23,02:03:35,10.1.50.1,identificationSkills,"Dichotomous Keys to Arthropod Orders.pdf",
1694,2019-09-23,22:40:00,10.1.50.1,dataDownload,"Dynamically Generated CSV","Site: 182, YearStart: 2018, YearEnd: 2019, Arthropod: All"
1695,2019-09-24,19:21:12,10.1.49.1,identificationSkills,ArthropodIDGuide.pdf,
1696,2019-09-25,14:40:05,10.1.50.1,identificationSkills,ArthropodIDGuide.pdf,
1697,2019-09-26,04:00:34,10.1.50.1,identificationSkills,ArthropodIDGuide.pdf,
1698,2019-09-26,04:00:57,10.1.50.1,identificationSkills,ArthropodIDGuide.pdf,
1699,2019-09-26,14:42:13,10.1.51.1,identificationSkills/index.html,,
1700,2019-09-26,14:43:03,10.1.51.1,conductASurvey,paperDataSheet.pdf,
1701,2019-09-26,22:27:59,10.1.51.1,resources,"Phenology Across Trophic Levels lesson plan.pdf",
1702,2019-09-29,19:05:08,10.1.51.1,identificationSkills,"Dichotomous Keys to Arthropod Orders.pdf",
1703,2019-09-30,09:20:02,10.1.50.1,identificationSkills,ArthropodIDGuide.pdf,
1704,2019-09-30,09:21:00,10.1.50.1,identificationSkills,"Dichotomous Keys to Arthropod Orders.pdf",
1705,2019-09-30,11:45:04,10.1.51.1,identificationSkills,ArthropodIDGuide.pdf,
1706,2019-09-30,11:46:41,10.1.51.1,identificationSkills,"Dichotomous Keys to Arthropod Orders.pdf",
1707,2019-09-30,12:21:40,10.1.50.1,mapsAndGraphs,"Dynamically Generated Composition CSV","X-Axis: plant species, Y-Axis: Percent of Arthropods"
1708,2019-09-30,12:29:46,10.1.50.1,identificationSkills,ArthropodIDGuide.pdf,
1709,2019-09-30,12:30:02,10.1.50.1,mapsAndGraphs,"Dynamically Generated Composition CSV","X-Axis: plant species, Y-Axis: Percent of Arthropods"
1710,2019-09-30,12:30:07,10.1.50.1,mapsAndGraphs,"Dynamically Generated Composition CSV","X-Axis: plant species, Y-Axis: Percent of Arthropods"
1711,2019-09-30,12:31:24,10.1.50.1,mapsAndGraphs,"Dynamically Generated Composition CSV","X-Axis: plant species, Y-Axis: Percent of Arthropods"
1712,2019-09-30,12:31:26,10.1.50.1,mapsAndGraphs,"Dynamically Generated Composition CSV","X-Axis: plant species, Y-Axis: Percent of Arthropods"
1713,2019-09-30,12:32:25,10.1.50.1,mapsAndGraphs,"Dynamically Generated Composition CSV","X-Axis: plant species, Y-Axis: Percent of Arthropods"
1714,2019-09-30,12:33:43,10.1.50.1,mapsAndGraphs,"Dynamically Generated Composition CSV","X-Axis: plant species, Y-Axis: Percent of Arthropods"
1715,2019-09-30,12:33:43,10.1.50.1,mapsAndGraphs,"Dynamically Generated Composition CSV","X-Axis: plant species, Y-Axis: Percent of Arthropods"
1716,2019-09-30,12:33:45,10.1.50.1,mapsAndGraphs,"Dynamically Generated Composition CSV","X-Axis: plant species, Y-Axis: Percent of Arthropods"
1717,2019-09-30,12:33:45,10.1.50.1,mapsAndGraphs,"Dynamically Generated Composition CSV","X-Axis: plant species, Y-Axis: Percent of Arthropods"
1718,2019-09-30,12:36:56,10.1.50.1,mapsAndGraphs,"Dynamically Generated Composition CSV","X-Axis: plant species, Y-Axis: Percent of Arthropods"
1719,2019-09-30,12:36:58,10.1.50.1,mapsAndGraphs,"Dynamically Generated Composition CSV","X-Axis: plant species, Y-Axis: Percent of Arthropods"
1720,2019-09-30,12:38:57,10.1.50.1,mapsAndGraphs,"Dynamically Generated Composition CSV","X-Axis: plant species, Y-Axis: Percent of Arthropods"
1721,2019-09-30,12:40:33,10.1.49.1,mapsAndGraphs,"Dynamically Generated Composition CSV","X-Axis: plant species, Y-Axis: Percent of Arthropods"
1722,2019-09-30,13:10:10,10.1.50.1,mapsAndGraphs,"Dynamically Generated Composition CSV","X-Axis: plant species, Y-Axis: Percent of Arthropods"
1723,2019-09-30,13:16:14,10.1.50.1,mapsAndGraphs,"Dynamically Generated Composition CSV","X-Axis: plant species, Y-Axis: Percent of Arthropods"
1724,2019-09-30,15:37:38,10.1.50.1,mapsAndGraphs,"Dynamically Generated Composition CSV","X-Axis: plant species, Y-Axis: Percent of Arthropods"
1725,2019-09-30,15:39:01,10.1.50.1,mapsAndGraphs,"Dynamically Generated Composition CSV","X-Axis: site, Y-Axis: Percent of Arthropods, Sites Included: Appalachian State University"
1726,2019-09-30,15:39:34,10.1.50.1,mapsAndGraphs,"Dynamically Generated Composition CSV","X-Axis: site, Y-Axis: Percent of Arthropods, Sites Included: Appalachian State University"
1727,2019-09-30,18:26:07,10.1.51.1,identificationSkills,ArthropodIDGuide.pdf,
1728,2019-09-30,18:31:53,10.1.51.1,identificationSkills,ArthropodIDGuide.pdf,
1729,2019-09-30,18:33:06,10.1.49.1,mapsAndGraphs,"Dynamically Generated Phenology CSV","Y-Axis: Percent of Surveys, Lines: Caterpillars at Appalachian State University in 2019; Caterpillars at Appalachian State University in 2019;"
1730,2019-09-30,18:34:21,10.1.50.1,mapsAndGraphs,"Dynamically Generated Phenology CSV","Y-Axis: Percent of Surveys, Lines: Caterpillars at Appalachian State University in 2019; Caterpillars at Appalachian State University in 2019; Aphids and psyllids at Appalachian State University in 2019; Aphids and psyllids at Appalachian State University in 2019;"
1731,2019-09-30,18:34:52,10.1.49.1,mapsAndGraphs,"Dynamically Generated Phenology CSV","Y-Axis: Percent of Surveys, Lines: Caterpillars at Appalachian State University in 2019; Caterpillars at Appalachian State University in 2019;"
1732,2019-09-30,18:39:35,10.1.49.1,mapsAndGraphs,"Dynamically Generated Phenology CSV","Y-Axis: Arthropods Per Survey, Lines: Caterpillars at Appalachian State University in 2019; Caterpillars at Appalachian State University in 2019;"
1733,2019-09-30,18:41:57,10.1.51.1,mapsAndGraphs,"Dynamically Generated Phenology CSV","Y-Axis: Arthropods Per Survey, Lines: Leaf hoppers and cicadas at EwA at the Fells in 2019; Bees and wasps at EwA at the Fells in 2019; True bugs at EwA at the Fells in 2019; Spiders at EwA at the Fells in 2019; All arthropods at EwA at the Fells in 2019; Caterpillars at EwA at the Fells in 2019;"
1734,2019-09-30,18:59:23,10.1.49.1,mapsAndGraphs,"Dynamically Generated Phenology CSV","Y-Axis: Percent of Surveys, Lines: Caterpillars at Appalachian State University in 2019; Caterpillars at Appalachian State University in 2019;"
1735,2019-09-30,19:00:46,10.1.50.1,mapsAndGraphs,"Dynamically Generated Phenology CSV","Y-Axis: Percent of Surveys, Lines: Aphids and psyllids at Appalachian State University in 2019; Aphids and psyllids at Appalachian State University in 2019;"
1736,2019-09-30,19:04:19,10.1.51.1,mapsAndGraphs,"Dynamically Generated Phenology CSV","Y-Axis: Percent of Surveys, Lines: Aphids and psyllids at Appalachian State University in 2019; Aphids and psyllids at Appalachian State University in 2019;"
1737,2019-09-30,19:29:01,10.1.51.1,mapsAndGraphs,"Dynamically Generated Phenology CSV","Y-Axis: Arthropods Per Survey, Lines: Caterpillars at Appalachian State University in 2019; Caterpillars at Appalachian State University in 2019; Aphids and psyllids at Appalachian State University in 2019; Aphids and psyllids at Appalachian State University in 2019;"
1738,2019-09-30,19:30:10,10.1.51.1,mapsAndGraphs,"Dynamically Generated Phenology CSV","Y-Axis: Arthropods Per Survey, Lines: Caterpillars at Appalachian State University in 2019; Caterpillars at Appalachian State University in 2019; Aphids and psyllids at Appalachian State University in 2019; Aphids and psyllids at Appalachian State University in 2019;"
1739,2019-09-30,21:29:30,10.1.51.1,mapsAndGraphs,"Dynamically Generated Phenology CSV","Y-Axis: Percent of Surveys, Lines: Caterpillars at Appalachian State University in 2019; Caterpillars at Appalachian State University in 2019;"
1740,2019-09-30,21:33:55,10.1.51.1,mapsAndGraphs,"Dynamically Generated Phenology CSV","Y-Axis: Percent of Surveys, Lines: Aphids and psyllids at Appalachian State University in 2019; Aphids and psyllids at Appalachian State University in 2019;"
1741,2019-09-30,21:36:16,10.1.50.1,mapsAndGraphs,"Dynamically Generated Composition CSV","X-Axis: plant species, Y-Axis: Arthropods Per Survey"
1742,2019-09-30,21:40:25,10.1.51.1,dataDownload,"Dynamically Generated CSV","Site: 182, YearStart: 2018, YearEnd: 2019, Arthropod: aphid"
1743,2019-09-30,21:42:19,10.1.50.1,mapsAndGraphs,"Dynamically Generated Composition CSV","X-Axis: site, Y-Axis: Percent of Arthropods, Sites Included: Appalachian State University"
1744,2019-09-30,21:45:05,10.1.51.1,mapsAndGraphs,"Dynamically Generated Phenology CSV","Y-Axis: Arthropods Per Survey, Lines: Aphids and psyllids at Appalachian State University in 2019; Aphids and psyllids at Appalachian State University in 2019;"
1745,2019-09-30,21:48:40,10.1.51.1,identificationSkills,ArthropodIDGuide.pdf,
1746,2019-09-30,21:56:17,10.1.50.1,mapsAndGraphs,"Dynamically Generated Phenology CSV","Y-Axis: Arthropods Per Survey, Lines: Aphids and psyllids at Appalachian State University in 2019; Aphids and psyllids at Appalachian State University in 2019;"
1747,2019-09-30,21:58:46,10.1.50.1,mapsAndGraphs,"Dynamically Generated Phenology CSV","Y-Axis: Arthropods Per Survey, Lines: Aphids and psyllids at Appalachian State University in 2019; Aphids and psyllids at Appalachian State University in 2019;"
1748,2019-09-30,22:11:17,10.1.50.1,mapsAndGraphs,"Dynamically Generated Composition CSV","X-Axis: plant species, Y-Axis: Percent of Surveys"
1749,2019-10-01,21:05:23,10.1.51.1,resources,"Data Exploration.pdf",
1750,2019-10-02,13:11:20,10.1.49.1,resources,"Arthropod Food Web lesson plan.pdf",
1751,2019-10-02,16:06:27,10.1.49.1,resources,ArthropodIDslides.pdf,
1752,2019-10-02,17:27:01,10.1.49.1,mapsAndGraphs,"Dynamically Generated Phenology CSV","Y-Axis: Percent of Surveys, Lines: Caterpillars at Camp Woods Survey in 2019;"
1753,2019-10-02,17:27:23,10.1.49.1,mapsAndGraphs,"Dynamically Generated Composition CSV","X-Axis: site, Y-Axis: Percent of Arthropods, Sites Included: Camp Woods Survey"
1754,2019-10-02,17:28:09,10.1.49.1,mapsAndGraphs,"Dynamically Generated Phenology CSV","Y-Axis: Percent of Surveys, Lines: Caterpillars at Crossways Survey in 2019;"
1755,2019-10-02,17:28:12,10.1.49.1,mapsAndGraphs,"Dynamically Generated Composition CSV","X-Axis: site, Y-Axis: Percent of Arthropods, Sites Included: Crossways Survey"
1756,2019-10-02,17:51:19,10.1.49.1,conductASurvey,paperDataSheet.pdf,
1757,2019-10-02,20:20:01,10.1.51.1,resources,ManageMySurveysGuide.pdf,
1758,2019-10-03,12:26:44,10.1.50.1,identificationSkills,ArthropodIDGuide.pdf,
1759,2019-10-03,21:03:28,10.1.51.1,identificationSkills,ArthropodIDGuide.pdf,
1760,2019-10-04,11:54:15,10.1.50.1,identificationSkills,"Dichotomous Keys to Arthropod Orders.pdf",
1761,2019-10-04,17:57:49,10.1.50.1,identificationSkills,"Dichotomous Keys to Arthropod Orders.pdf",
1762,2019-10-05,06:52:42,10.1.49.1,identificationSkills,"Dichotomous Keys to Arthropod Orders.pdf",
1763,2019-10-07,01:29:14,10.1.49.1,identificationSkills,"Dichotomous Keys to Arthropod Orders.pdf",
1764,2019-10-07,01:29:48,10.1.49.1,identificationSkills,ArthropodIDGuide.pdf,
1765,2019-10-08,13:44:48,10.1.50.1,identificationSkills,ArthropodIDGuide.pdf,
1766,2019-10-08,13:44:55,10.1.50.1,identificationSkills,"Dichotomous Keys to Arthropod Orders.pdf",
1767,2019-10-10,14:14:49,10.1.49.1,identificationSkills,"Dichotomous Keys to Arthropod Orders.pdf",
1768,2019-10-13,14:43:52,10.1.49.1,identificationSkills,"Dichotomous Keys to Arthropod Orders.pdf",
1769,2019-10-14,18:12:13,10.1.50.1,conductASurvey,paperDataSheet.pdf,
1770,2019-10-15,14:36:39,10.1.50.1,resources,TrainingParticipants.pdf,
1771,2019-10-15,17:14:46,10.1.51.1,dataDownload,"Dynamically Generated CSV","Site: All, YearStart: 2002, YearEnd: 2019, Arthropod: caterpillar"
1772,2019-10-15,17:34:46,10.1.50.1,dataDownload,"Dynamically Generated CSV","Site: 67, YearStart: 2018, YearEnd: 2019, Arthropod: All"
1773,2019-10-15,17:40:32,10.1.50.1,dataDownload,"Dynamically Generated CSV","Site: 67, YearStart: 2018, YearEnd: 2019, Arthropod: All"
1774,2019-10-15,18:28:06,10.1.49.1,resources,GettingStarted.pdf,
1775,2019-10-15,20:09:39,10.1.50.1,dataDownload,"Dynamically Generated CSV","Site: 67, YearStart: 2018, YearEnd: 2019, Arthropod: All"
1776,2019-10-15,21:13:18,10.1.49.1,identificationSkills,ArthropodIDGuide.pdf,
1777,2019-10-16,17:29:07,10.1.49.1,resources,"Data Exploration.pdf",
1778,2019-10-16,17:31:53,10.1.49.1,resources,"Phenology Across Trophic Levels lesson plan.pdf",
1779,2019-10-16,17:37:00,10.1.49.1,resources,Caterpillars.pdf,
1780,2019-10-16,17:44:12,10.1.49.1,identificationSkills,ArthropodIDGuide.pdf,
1781,2019-10-16,17:44:54,10.1.49.1,identificationSkills,ArthropodIDGuide.pdf,
1782,2019-10-16,17:45:07,10.1.49.1,identificationSkills,"Dichotomous Keys to Arthropod Orders.pdf",
1783,2019-10-16,19:44:06,10.1.49.1,identificationSkills,ArthropodIDGuide.pdf,
1784,2019-10-17,23:19:21,10.1.51.1,identificationSkills/index.html,,
1785,2019-10-18,01:50:20,10.1.50.1,dataDownload,"Dynamically Generated CSV","Site: All, YearStart: 2002, YearEnd: 2019, Arthropod: ant"
1786,2019-10-18,15:30:48,10.1.50.1,identificationSkills,ArthropodIDGuide.pdf,
1787,2019-10-18,19:05:40,10.1.49.1,identificationSkills,ArthropodIDGuide.pdf,
1788,2019-10-19,16:41:44,10.1.50.1,identificationSkills,"Dichotomous Keys to Arthropod Orders.pdf",
1789,2019-10-21,00:57:27,10.1.51.1,identificationSkills,ArthropodIDGuide.pdf,
1790,2019-10-21,18:30:53,10.1.51.1,identificationSkills/index.html,,
1791,2019-10-21,19:11:54,10.1.50.1,identificationSkills/index.html,,
1792,2019-10-21,20:24:11,10.1.49.1,dataDownload,"Dynamically Generated CSV","Site: All, YearStart: 2002, YearEnd: 2019, Arthropod: ant"
1793,2019-10-22,00:45:08,10.1.50.1,dataDownload,"Dynamically Generated CSV","Site: 78, YearStart: 2015, YearEnd: 2018, Arthropod: All"
1794,2019-10-22,00:45:46,10.1.49.1,dataDownload,"Dynamically Generated CSV","Site: All, YearStart: 2014, YearEnd: 2018, Arthropod: spider"
1795,2019-10-22,02:11:06,10.1.49.1,dataDownload,"Dynamically Generated CSV","Site: All, YearStart: 2018, YearEnd: 2018, Arthropod: All"
1796,2019-10-22,13:02:14,10.1.49.1,dataDownload,"Dynamically Generated CSV","Site: 67, YearStart: 2018, YearEnd: 2019, Arthropod: All"
1797,2019-10-22,13:20:31,10.1.49.1,dataDownload,"Dynamically Generated CSV","Site: All, YearStart: 2015, YearEnd: 2018, Arthropod: All"
1798,2019-10-22,19:46:38,10.1.50.1,identificationSkills,ArthropodIDGuide.pdf,
1799,2019-10-22,20:58:32,10.1.51.1,dataDownload,"Dynamically Generated CSV","Site: 182, YearStart: 2018, YearEnd: 2019, Arthropod: All"
1800,2019-10-23,00:55:35,10.1.51.1,identificationSkills,"Dichotomous Keys to Arthropod Orders.pdf",
1801,2019-10-23,00:56:36,10.1.51.1,identificationSkills,ArthropodIDGuide.pdf,
1802,2019-10-23,16:52:29,10.1.49.1,identificationSkills,ArthropodIDGuide.pdf,
1803,2019-10-23,17:16:36,10.1.50.1,dataDownload,"Dynamically Generated CSV","Site: 67, YearStart: 2018, YearEnd: 2019, Arthropod: caterpillar"
1804,2019-10-23,17:22:10,10.1.50.1,dataDownload,"Dynamically Generated CSV","Site: 67, YearStart: 2018, YearEnd: 2019, Arthropod: All"
1805,2019-10-23,17:41:54,10.1.50.1,dataDownload,"Dynamically Generated CSV","Site: 67, YearStart: 2018, YearEnd: 2019, Arthropod: All"
1806,2019-10-23,17:43:18,10.1.50.1,dataDownload,"Dynamically Generated CSV","Site: 68, YearStart: 2018, YearEnd: 2019, Arthropod: All"
1807,2019-10-23,17:47:30,10.1.50.1,dataDownload,"Dynamically Generated CSV","Site: 68, YearStart: 2018, YearEnd: 2018, Arthropod: All"
1808,2019-10-23,17:48:07,10.1.50.1,dataDownload,"Dynamically Generated CSV","Site: 67, YearStart: 2018, YearEnd: 2018, Arthropod: All"
1809,2019-10-23,18:22:53,10.1.50.1,dataDownload,"Dynamically Generated CSV","Site: 71, YearStart: 2018, YearEnd: 2019, Arthropod: All"
1810,2019-10-23,18:24:09,10.1.51.1,conductASurvey,paperDataSheet.pdf,
1811,2019-10-23,23:39:26,10.1.51.1,dataDownload,"Dynamically Generated CSV","Site: 67, YearStart: 2018, YearEnd: 2019, Arthropod: All"
1812,2019-10-24,04:39:12,10.1.49.1,dataDownload,"Dynamically Generated CSV","Site: 78, YearStart: 2015, YearEnd: 2018, Arthropod: All"
1813,2019-10-24,04:43:29,10.1.49.1,dataDownload,"Dynamically Generated CSV","Site: 67, YearStart: 2018, YearEnd: 2018, Arthropod: All"
1814,2019-10-24,04:49:02,10.1.49.1,dataDownload,"Dynamically Generated CSV","Site: All, YearStart: 2014, YearEnd: 2019, Arthropod: spider"
1815,2019-10-24,14:21:49,10.1.49.1,dataDownload,"Dynamically Generated CSV","Site: 71, YearStart: 2018, YearEnd: 2019, Arthropod: spider"
1816,2019-10-24,14:22:27,10.1.49.1,dataDownload,"Dynamically Generated CSV","Site: 71, YearStart: 2018, YearEnd: 2019, Arthropod: spider"
1817,2019-10-26,16:08:26,10.1.51.1,identificationSkills/index.html,,
1818,2019-10-26,21:07:30,10.1.51.1,identificationSkills,"Dichotomous Keys to Arthropod Orders.pdf",
1819,2019-10-27,21:17:48,10.1.49.1,identificationSkills,ArthropodIDGuide.pdf,
1820,2019-10-28,19:19:58,10.1.49.1,identificationSkills,ArthropodIDGuide.pdf,
1821,2019-10-29,14:21:36,10.1.49.1,dataDownload,"Dynamically Generated CSV","Site: All, YearStart: 2002, YearEnd: 2019, Arthropod: All"
1822,2019-10-29,15:59:35,10.1.50.1,dataDownload,"Dynamically Generated CSV","Site: 78, YearStart: 2015, YearEnd: 2019, Arthropod: All"
1823,2019-10-29,23:41:29,10.1.50.1,identificationSkills,ArthropodIDGuide.pdf,
1824,2019-10-30,18:06:09,10.1.50.1,identificationSkills/index.html,,
1825,2019-10-30,18:50:49,10.1.51.1,identificationSkills/index.html,,
1826,2019-10-30,22:01:17,10.1.50.1,identificationSkills,ArthropodIDGuide.pdf,
1827,2019-10-31,18:08:49,10.1.50.1,dataDownload,"Dynamically Generated CSV","Site: All, YearStart: 2002, YearEnd: 2019, Arthropod: All"
1828,2019-11-01,15:22:06,10.1.49.1,identificationSkills,"Dichotomous Keys to Arthropod Orders.pdf",
1829,2019-11-02,03:58:21,10.1.50.1,conductASurvey,paperDataSheet.pdf,
1830,2019-11-02,04:39:55,10.1.50.1,dataDownload,"Dynamically Generated CSV","Site: 78, YearStart: 2015, YearEnd: 2019, Arthropod: All"
1831,2019-11-02,04:50:07,10.1.50.1,dataDownload,"Dynamically Generated CSV","Site: 78, YearStart: 2015, YearEnd: 2019, Arthropod: caterpillar"
1832,2019-11-02,04:51:12,10.1.50.1,dataDownload,"Dynamically Generated CSV","Site: 78, YearStart: 2018, YearEnd: 2019, Arthropod: caterpillar"
1833,2019-11-02,18:34:21,10.1.51.1,identificationSkills/index.html,,
1834,2019-11-02,18:57:34,10.1.51.1,mapsAndGraphs,"Dynamically Generated Composition CSV","X-Axis: site, Y-Axis: Percent of Arthropods, Sites Included: NC Botanical Garden, UNC Chapel Hill Campus"
1835,2019-11-02,19:33:36,10.1.50.1,identificationSkills,ArthropodIDGuide.pdf,
1836,2019-11-03,03:42:47,10.1.49.1,identificationSkills,ArthropodIDGuide.pdf,
1837,2019-11-03,07:43:46,10.1.50.1,identificationSkills/index.html,,
1838,2019-11-03,12:54:03,10.1.51.1,identificationSkills,"Dichotomous Keys to Arthropod Orders.pdf",
1839,2019-11-03,14:56:44,10.1.51.1,conductASurvey,paperDataSheet.pdf,
1840,2019-11-03,17:05:04,10.1.51.1,identificationSkills,ArthropodIDGuide.pdf,
1841,2019-11-03,17:05:39,10.1.51.1,identificationSkills,"Dichotomous Keys to Arthropod Orders.pdf",
1842,2019-11-03,18:10:50,10.1.50.1,identificationSkills,ArthropodIDGuide.pdf,
1843,2019-11-03,19:47:39,10.1.51.1,dataDownload,"Dynamically Generated CSV","Site: All, YearStart: 2017, YearEnd: 2018, Arthropod: All"
1844,2019-11-03,20:50:30,10.1.51.1,mapsAndGraphs,"Dynamically Generated Map CSV","Comparison Metric: Occurrence (%), Observation Method: All, Arthropod Group: Caterpillars, Minimum Length (mm): 0, Plant Species: All, Wet Leaves: true, Month Start: 1, Month End: 12, Year Start: 2002, YearEnd: 2019"
1845,2019-11-03,20:51:44,10.1.51.1,conductASurvey,paperDataSheet.pdf,
1846,2019-11-03,21:08:33,10.1.50.1,mapsAndGraphs,"Dynamically Generated Phenology CSV","Y-Axis: Arthropods Per Survey, Lines: Caterpillars at NC Botanical Garden in 2018;"
1847,2019-11-04,01:13:37,10.1.51.1,identificationSkills,ArthropodIDGuide.pdf,
1848,2019-11-04,01:59:20,10.1.50.1,conductASurvey,paperDataSheet.pdf,
1849,2019-11-04,04:25:55,10.1.51.1,dataDownload,"Dynamically Generated CSV","Site: 78, YearStart: 2015, YearEnd: 2019, Arthropod: All"
1850,2019-11-04,04:29:09,10.1.50.1,identificationSkills,ArthropodIDGuide.pdf,
1851,2019-11-04,04:29:56,10.1.50.1,identificationSkills,ArthropodIDGuide.pdf,
1852,2019-11-04,04:32:18,10.1.51.1,mapsAndGraphs,"Dynamically Generated Composition CSV","X-Axis: site, Y-Axis: Percent of Arthropods, Sites Included: NC Botanical Garden"
1853,2019-11-04,13:43:45,10.1.50.1,identificationSkills,ArthropodIDGuide.pdf,
1854,2019-11-04,20:20:18,10.1.50.1,dataDownload,"Dynamically Generated CSV","Site: 182, YearStart: 2018, YearEnd: 2019, Arthropod: All"
1855,2019-11-04,21:55:52,10.1.51.1,identificationSkills/index.html,,
1856,2019-11-04,22:12:10,10.1.49.1,identificationSkills,ArthropodIDGuide.pdf,
1857,2019-11-04,22:25:30,10.1.51.1,identificationSkills,ArthropodIDGuide.pdf,
1858,2019-11-04,22:34:53,10.1.51.1,dataDownload,"Dynamically Generated CSV","Site: 78, YearStart: 2015, YearEnd: 2019, Arthropod: All"
1859,2019-11-04,22:37:41,10.1.51.1,dataDownload,"Dynamically Generated CSV","Site: 78, YearStart: 2015, YearEnd: 2019, Arthropod: caterpillar"
1860,2019-11-04,22:39:13,10.1.51.1,mapsAndGraphs,"Dynamically Generated Map CSV","Comparison Metric: Occurrence (%), Observation Method: All, Arthropod Group: Caterpillars, Minimum Length (mm): 0, Plant Species: All, Wet Leaves: true, Month Start: 1, Month End: 12, Year Start: 2002, YearEnd: 2019"
1861,2019-11-04,22:39:29,10.1.51.1,dataDownload,"Dynamically Generated CSV","Site: 78, YearStart: 2017, YearEnd: 2018, Arthropod: caterpillar"
1862,2019-11-04,22:47:14,10.1.51.1,dataDownload,"Dynamically Generated CSV","Site: 74, YearStart: 2017, YearEnd: 2017, Arthropod: caterpillar"
1863,2019-11-04,22:48:34,10.1.51.1,dataDownload,"Dynamically Generated CSV","Site: 78, YearStart: 2017, YearEnd: 2018, Arthropod: caterpillar"
1864,2019-11-05,02:17:14,10.1.49.1,identificationSkills,ArthropodIDGuide.pdf,
1865,2019-11-05,02:17:30,10.1.49.1,identificationSkills,ArthropodIDGuide.pdf,
1866,2019-11-05,03:00:36,10.1.49.1,identificationSkills,ArthropodIDGuide.pdf,
1867,2019-11-05,04:09:31,10.1.50.1,identificationSkills/index.html,,
1868,2019-11-05,04:21:44,10.1.49.1,dataDownload,"Dynamically Generated CSV","Site: 78, YearStart: 2015, YearEnd: 2019, Arthropod: All"
1869,2019-11-05,04:23:44,10.1.49.1,dataDownload,"Dynamically Generated CSV","Site: 78, YearStart: 2015, YearEnd: 2019, Arthropod: caterpillar"
1870,2019-11-05,04:24:01,10.1.49.1,dataDownload,"Dynamically Generated CSV","Site: 78, YearStart: 2015, YearEnd: 2019, Arthropod: caterpillar"
1871,2019-11-05,04:25:37,10.1.49.1,dataDownload,"Dynamically Generated CSV","Site: 78, YearStart: 2015, YearEnd: 2019, Arthropod: caterpillar"
1872,2019-11-05,16:53:52,10.1.49.1,mapsAndGraphs,"Dynamically Generated Phenology CSV","Y-Axis: Percent of Surveys, Lines: Caterpillars at NC Botanical Garden in 2019;"
1873,2019-11-07,14:12:15,10.1.49.1,identificationSkills/index.html,,
1874,2019-11-07,16:34:31,10.1.50.1,conductASurvey,paperDataSheet.pdf,
1875,2019-11-10,17:59:17,10.1.51.1,resources,BugBlitz_ProjectInfo.pdf,
1876,2019-11-10,18:00:04,10.1.51.1,identificationSkills,"Dichotomous Keys to Arthropod Orders.pdf",
1877,2019-11-10,18:00:13,10.1.51.1,identificationSkills,"Dichotomous Keys to Arthropod Orders.pdf",
1878,2019-11-10,18:00:17,10.1.51.1,identificationSkills,"Dichotomous Keys to Arthropod Orders.pdf",
1879,2019-11-10,18:04:25,10.1.51.1,resources,TrainingParticipants.pdf,
1880,2019-11-10,18:04:28,10.1.51.1,resources,GettingStarted.pdf,
1881,2019-11-10,18:05:52,10.1.51.1,resources,GettingStarted.pdf,
1882,2019-11-10,18:05:56,10.1.51.1,resources,TrainingParticipants.pdf,
1883,2019-11-12,13:55:08,10.1.50.1,mapsAndGraphs,"Dynamically Generated Composition CSV","X-Axis: plant species, Y-Axis: Percent of Arthropods"
1884,2019-11-12,13:55:09,10.1.50.1,mapsAndGraphs,"Dynamically Generated Composition CSV","X-Axis: plant species, Y-Axis: Percent of Arthropods"
1885,2019-11-12,14:00:22,10.1.49.1,mapsAndGraphs,"Dynamically Generated Composition CSV","X-Axis: plant species, Y-Axis: Percent of Arthropods"
1886,2019-11-12,14:01:22,10.1.49.1,mapsAndGraphs,"Dynamically Generated Composition CSV","X-Axis: plant species, Y-Axis: Percent of Arthropods"
1887,2019-11-12,16:20:52,10.1.49.1,mapsAndGraphs,"Dynamically Generated Composition CSV","X-Axis: site, Y-Axis: Percent of Arthropods, Sites Included: Appalachian State University"
1888,2019-11-12,16:21:10,10.1.50.1,dataDownload,"Dynamically Generated CSV","Site: 182, YearStart: 2018, YearEnd: 2019, Arthropod: All"
1889,2019-11-12,16:21:41,10.1.51.1,dataDownload,"Dynamically Generated CSV","Site: 182, YearStart: 2018, YearEnd: 2019, Arthropod: All"
1890,2019-11-12,16:22:12,10.1.49.1,dataDownload,"Dynamically Generated CSV","Site: 182, YearStart: 2018, YearEnd: 2019, Arthropod: All"
1891,2019-11-12,16:23:33,10.1.49.1,dataDownload,"Dynamically Generated CSV","Site: 182, YearStart: 2018, YearEnd: 2019, Arthropod: All"
1892,2019-11-12,16:23:36,10.1.50.1,dataDownload,"Dynamically Generated CSV","Site: 182, YearStart: 2018, YearEnd: 2019, Arthropod: All"
1893,2019-11-12,16:23:37,10.1.51.1,dataDownload,"Dynamically Generated CSV","Site: 182, YearStart: 2018, YearEnd: 2019, Arthropod: All"
1894,2019-11-12,16:23:50,10.1.49.1,mapsAndGraphs,"Dynamically Generated Composition CSV","X-Axis: plant species, Y-Axis: Percent of Arthropods"
1895,2019-11-12,16:23:53,10.1.50.1,dataDownload,"Dynamically Generated CSV","Site: 182, YearStart: 2019, YearEnd: 2019, Arthropod: All"
1896,2019-11-12,16:24:11,10.1.49.1,dataDownload,"Dynamically Generated CSV","Site: 182, YearStart: 2018, YearEnd: 2019, Arthropod: caterpillar"
1897,2019-11-12,16:27:13,10.1.49.1,dataDownload,"Dynamically Generated CSV","Site: 182, YearStart: 2018, YearEnd: 2019, Arthropod: spider"
1898,2019-11-12,16:27:59,10.1.51.1,dataDownload,"Dynamically Generated CSV","Site: 182, YearStart: 2018, YearEnd: 2019, Arthropod: All"
1899,2019-11-12,16:35:12,10.1.50.1,mapsAndGraphs,"Dynamically Generated Composition CSV","X-Axis: plant species, Y-Axis: Percent of Arthropods"
1900,2019-11-12,16:35:16,10.1.50.1,mapsAndGraphs,"Dynamically Generated Composition CSV","X-Axis: plant species, Y-Axis: Percent of Arthropods"
1901,2019-11-12,16:35:16,10.1.50.1,mapsAndGraphs,"Dynamically Generated Composition CSV","X-Axis: plant species, Y-Axis: Percent of Arthropods"
1902,2019-11-12,16:37:47,10.1.50.1,identificationSkills,ArthropodIDGuide.pdf,
1903,2019-11-12,16:39:38,10.1.49.1,mapsAndGraphs,"Dynamically Generated Composition CSV","X-Axis: plant species, Y-Axis: Percent of Arthropods"
1904,2019-11-12,16:46:39,10.1.51.1,identificationSkills,"Dichotomous Keys to Arthropod Orders.pdf",
1905,2019-11-12,16:46:46,10.1.51.1,identificationSkills,ArthropodIDGuide.pdf,
1906,2019-11-12,16:57:23,10.1.51.1,mapsAndGraphs,"Dynamically Generated Composition CSV","X-Axis: plant species, Y-Axis: Percent of Arthropods"
1907,2019-11-12,17:05:57,10.1.49.1,dataDownload,"Dynamically Generated CSV","Site: All, YearStart: 2002, YearEnd: 2019, Arthropod: beetle"
1908,2019-11-12,17:07:04,10.1.50.1,mapsAndGraphs,"Dynamically Generated Composition CSV","X-Axis: plant species, Y-Axis: Percent of Arthropods"
1909,2019-11-12,17:09:27,10.1.50.1,mapsAndGraphs,"Dynamically Generated Composition CSV","X-Axis: plant species, Y-Axis: Percent of Arthropods"
1910,2019-11-12,17:26:52,10.1.51.1,mapsAndGraphs,"Dynamically Generated Composition CSV","X-Axis: site, Y-Axis: Percent of Arthropods, Sites Included: Appalachian State University"
1911,2019-11-12,17:27:12,10.1.49.1,dataDownload,"Dynamically Generated CSV","Site: 182, YearStart: 2018, YearEnd: 2019, Arthropod: spider"
1912,2019-11-12,17:28:20,10.1.51.1,mapsAndGraphs,"Dynamically Generated Composition CSV","X-Axis: site, Y-Axis: Percent of Arthropods, Sites Included: Appalachian State University"
1913,2019-11-12,17:32:46,10.1.51.1,identificationSkills,"Dichotomous Keys to Arthropod Orders.pdf",
1914,2019-11-12,17:32:49,10.1.51.1,identificationSkills,ArthropodIDGuide.pdf,
1915,2019-11-12,17:36:23,10.1.51.1,mapsAndGraphs,"Dynamically Generated Composition CSV","X-Axis: plant species, Y-Axis: Percent of Arthropods"
1916,2019-11-12,17:40:36,10.1.49.1,dataDownload,"Dynamically Generated CSV","Site: 182, YearStart: 2018, YearEnd: 2019, Arthropod: All"
1917,2019-11-12,18:28:04,10.1.50.1,identificationSkills,ArthropodIDGuide.pdf,
1918,2019-11-12,19:07:40,10.1.50.1,identificationSkills,ArthropodIDGuide.pdf,
1919,2019-11-12,19:19:39,10.1.49.1,mapsAndGraphs,"Dynamically Generated Composition CSV","X-Axis: plant species, Y-Axis: Percent of Arthropods"
1920,2019-11-12,19:23:45,10.1.49.1,mapsAndGraphs,"Dynamically Generated Composition CSV","X-Axis: plant species, Y-Axis: Percent of Arthropods"
1921,2019-11-12,19:32:22,10.1.50.1,identificationSkills,ArthropodIDGuide.pdf,
1922,2019-11-12,19:33:13,10.1.50.1,identificationSkills/index.html,,
1923,2019-11-12,19:33:19,10.1.49.1,mapsAndGraphs,"Dynamically Generated Composition CSV","X-Axis: plant species, Y-Axis: Percent of Arthropods"
1924,2019-11-12,19:34:07,10.1.50.1,identificationSkills/index.html,,
1925,2019-11-12,19:46:37,10.1.49.1,identificationSkills/index.html,,
1926,2019-11-12,19:46:41,10.1.49.1,identificationSkills/index.html,,
1927,2019-11-12,19:56:35,10.1.51.1,mapsAndGraphs,"Dynamically Generated Composition CSV","X-Axis: plant species, Y-Axis: Percent of Arthropods"
1928,2019-11-12,19:57:24,10.1.50.1,dataDownload,"Dynamically Generated CSV","Site: 182, YearStart: 2018, YearEnd: 2019, Arthropod: All"
1929,2019-11-12,19:57:33,10.1.49.1,dataDownload,"Dynamically Generated CSV","Site: 182, YearStart: 2018, YearEnd: 2019, Arthropod: aphid"
1930,2019-11-12,19:58:50,10.1.50.1,mapsAndGraphs,"Dynamically Generated Composition CSV","X-Axis: plant species, Y-Axis: Percent of Arthropods"
1931,2019-11-12,20:00:38,10.1.49.1,mapsAndGraphs,"Dynamically Generated Composition CSV","X-Axis: plant species, Y-Axis: Percent of Arthropods"
1932,2019-11-12,20:00:41,10.1.50.1,mapsAndGraphs,"Dynamically Generated Composition CSV","X-Axis: plant species, Y-Axis: Percent of Arthropods"
1933,2019-11-12,20:01:08,10.1.51.1,mapsAndGraphs,"Dynamically Generated Composition CSV","X-Axis: plant species, Y-Axis: Percent of Arthropods"
1934,2019-11-12,20:05:19,10.1.50.1,mapsAndGraphs,"Dynamically Generated Composition CSV","X-Axis: plant species, Y-Axis: Percent of Arthropods"
1935,2019-11-12,20:10:18,10.1.49.1,mapsAndGraphs,"Dynamically Generated Composition CSV","X-Axis: plant species, Y-Axis: Percent of Arthropods"
1936,2019-11-12,20:10:20,10.1.49.1,mapsAndGraphs,"Dynamically Generated Composition CSV","X-Axis: plant species, Y-Axis: Percent of Arthropods"
1937,2019-11-12,22:37:14,10.1.51.1,mapsAndGraphs,"Dynamically Generated Composition CSV","X-Axis: plant species, Y-Axis: Percent of Arthropods"
1938,2019-11-12,23:06:37,10.1.49.1,mapsAndGraphs,"Dynamically Generated Composition CSV","X-Axis: plant species, Y-Axis: Percent of Arthropods"
1939,2019-11-12,23:07:23,10.1.49.1,mapsAndGraphs,"Dynamically Generated Composition CSV","X-Axis: plant species, Y-Axis: Percent of Arthropods"
1940,2019-11-12,23:07:34,10.1.50.1,mapsAndGraphs,"Dynamically Generated Composition CSV","X-Axis: site, Y-Axis: Percent of Arthropods, Sites Included: Appalachian State University"
1941,2019-11-12,23:28:51,10.1.51.1,mapsAndGraphs,"Dynamically Generated Composition CSV","X-Axis: plant species, Y-Axis: Percent of Arthropods"
1942,2019-11-13,13:22:43,10.1.50.1,dataDownload,"Dynamically Generated CSV","Site: 182, YearStart: 2019, YearEnd: 2019, Arthropod: All"
1943,2019-11-13,13:25:54,10.1.49.1,identificationSkills,ArthropodIDGuide.pdf,
1944,2019-11-13,13:35:29,10.1.50.1,identificationSkills,ArthropodIDGuide.pdf,
1945,2019-11-13,13:36:30,10.1.50.1,mapsAndGraphs,"Dynamically Generated Composition CSV","X-Axis: plant species, Y-Axis: Percent of Arthropods"
1946,2019-11-13,13:44:26,10.1.50.1,mapsAndGraphs,"Dynamically Generated Composition CSV","X-Axis: plant species, Y-Axis: Percent of Arthropods"
1947,2019-11-13,13:45:34,10.1.50.1,identificationSkills,ArthropodIDGuide.pdf,
1948,2019-11-13,13:47:15,10.1.49.1,identificationSkills,ArthropodIDGuide.pdf,
1949,2019-11-13,13:47:47,10.1.50.1,identificationSkills,"Dichotomous Keys to Arthropod Orders.pdf",
1950,2019-11-13,13:49:10,10.1.49.1,identificationSkills,ArthropodIDGuide.pdf,
1951,2019-11-13,13:55:00,10.1.49.1,mapsAndGraphs,"Dynamically Generated Composition CSV","X-Axis: plant species, Y-Axis: Arthropods Per Survey"
1952,2019-11-13,13:57:14,10.1.49.1,identificationSkills,"Dichotomous Keys to Arthropod Orders.pdf",
1953,2019-11-13,13:58:48,10.1.50.1,identificationSkills,ArthropodIDGuide.pdf,
1954,2019-11-13,14:05:28,10.1.49.1,mapsAndGraphs,"Dynamically Generated Composition CSV","X-Axis: plant species, Y-Axis: Percent of Arthropods"
1955,2019-11-13,14:11:27,10.1.50.1,mapsAndGraphs,"Dynamically Generated Phenology CSV","Y-Axis: Arthropods Per Survey, Lines: Aphids and psyllids at Appalachian State University in 2019; Aphids and psyllids at Appalachian State University in 2019;"
1956,2019-11-13,14:22:42,10.1.50.1,mapsAndGraphs,"Dynamically Generated Composition CSV","X-Axis: plant species, Y-Axis: Percent of Arthropods"
1957,2019-11-13,14:29:22,10.1.50.1,mapsAndGraphs,"Dynamically Generated Composition CSV","X-Axis: plant species, Y-Axis: Percent of Arthropods"
1958,2019-11-13,16:40:20,10.1.51.1,identificationSkills,ArthropodIDGuide.pdf,
1959,2019-11-13,16:41:04,10.1.49.1,mapsAndGraphs,"Dynamically Generated Composition CSV","X-Axis: plant species, Y-Axis: Percent of Arthropods"
1960,2019-11-13,16:51:43,10.1.49.1,identificationSkills,ArthropodIDGuide.pdf,
1961,2019-11-13,16:52:22,10.1.49.1,mapsAndGraphs,"Dynamically Generated Composition CSV","X-Axis: plant species, Y-Axis: Percent of Arthropods"
1962,2019-11-13,16:56:47,10.1.51.1,mapsAndGraphs,"Dynamically Generated Composition CSV","X-Axis: plant species, Y-Axis: Percent of Arthropods"
1963,2019-11-13,16:57:18,10.1.51.1,mapsAndGraphs,"Dynamically Generated Composition CSV","X-Axis: plant species, Y-Axis: Percent of Arthropods"
1964,2019-11-13,17:00:26,10.1.49.1,mapsAndGraphs,"Dynamically Generated Composition CSV","X-Axis: site, Y-Axis: Percent of Arthropods, Sites Included: Appalachian State University"
1965,2019-11-13,17:04:56,10.1.49.1,mapsAndGraphs,"Dynamically Generated Composition CSV","X-Axis: plant species, Y-Axis: Percent of Arthropods"
1966,2019-11-13,17:05:39,10.1.51.1,mapsAndGraphs,"Dynamically Generated Composition CSV","X-Axis: plant species, Y-Axis: Percent of Arthropods"
1967,2019-11-13,17:17:25,10.1.51.1,mapsAndGraphs,"Dynamically Generated Composition CSV","X-Axis: plant species, Y-Axis: Percent of Arthropods"
1968,2019-11-13,17:34:50,10.1.49.1,identificationSkills,ArthropodIDGuide.pdf,
1969,2019-11-13,17:35:22,10.1.51.1,dataDownload,"Dynamically Generated CSV","Site: 182, YearStart: 2018, YearEnd: 2019, Arthropod: moths"
1970,2019-11-13,19:14:04,10.1.50.1,mapsAndGraphs,"Dynamically Generated Composition CSV","X-Axis: plant species, Y-Axis: Percent of Arthropods"
1971,2019-11-13,19:15:47,10.1.50.1,mapsAndGraphs,"Dynamically Generated Composition CSV","X-Axis: plant species, Y-Axis: Percent of Arthropods"
1972,2019-11-13,19:16:11,10.1.50.1,mapsAndGraphs,"Dynamically Generated Composition CSV","X-Axis: plant species, Y-Axis: Percent of Arthropods"
1973,2019-11-13,19:47:58,10.1.49.1,identificationSkills,ArthropodIDGuide.pdf,
1974,2019-11-13,19:51:25,10.1.50.1,mapsAndGraphs,"Dynamically Generated Composition CSV","X-Axis: plant species, Y-Axis: Percent of Arthropods"
1975,2019-11-13,20:08:21,10.1.49.1,mapsAndGraphs,"Dynamically Generated Composition CSV","X-Axis: plant species, Y-Axis: Percent of Arthropods"
1976,2019-11-13,20:09:22,10.1.49.1,mapsAndGraphs,"Dynamically Generated Composition CSV","X-Axis: plant species, Y-Axis: Percent of Arthropods"
1977,2019-11-13,20:15:51,10.1.49.1,mapsAndGraphs,"Dynamically Generated Composition CSV","X-Axis: plant species, Y-Axis: Percent of Arthropods"
1978,2019-11-13,20:18:03,10.1.50.1,mapsAndGraphs,"Dynamically Generated Composition CSV","X-Axis: plant species, Y-Axis: Percent of Arthropods"
1979,2019-11-13,22:23:12,10.1.50.1,dataDownload,"Dynamically Generated CSV","Site: 182, YearStart: 2018, YearEnd: 2019, Arthropod: All"
1980,2019-11-13,22:58:26,10.1.51.1,mapsAndGraphs,"Dynamically Generated Composition CSV","X-Axis: plant species, Y-Axis: Percent of Arthropods"
1981,2019-11-14,13:22:03,10.1.49.1,identificationSkills,ArthropodIDGuide.pdf,
1982,2019-11-14,13:22:14,10.1.49.1,identificationSkills,ArthropodIDGuide.pdf,
1983,2019-11-14,13:59:56,10.1.50.1,mapsAndGraphs,"Dynamically Generated Composition CSV","X-Axis: plant species, Y-Axis: Percent of Arthropods"
1984,2019-11-14,14:06:08,10.1.49.1,mapsAndGraphs,"Dynamically Generated Composition CSV","X-Axis: plant species, Y-Axis: Percent of Arthropods"
1985,2019-11-14,14:11:32,10.1.49.1,identificationSkills,ArthropodIDGuide.pdf,
1986,2019-11-14,16:47:41,10.1.51.1,mapsAndGraphs,"Dynamically Generated Composition CSV","X-Axis: plant species, Y-Axis: Percent of Arthropods"
1987,2019-11-14,17:14:20,10.1.50.1,mapsAndGraphs,"Dynamically Generated Composition CSV","X-Axis: site, Y-Axis: Percent of Arthropods, Sites Included: Appalachian State University"
1988,2019-11-14,17:15:38,10.1.50.1,mapsAndGraphs,"Dynamically Generated Composition CSV","X-Axis: plant species, Y-Axis: Percent of Arthropods"
1989,2019-11-14,19:25:13,10.1.50.1,mapsAndGraphs,"Dynamically Generated Composition CSV","X-Axis: plant species, Y-Axis: Percent of Arthropods"
1990,2019-11-14,19:25:41,10.1.50.1,mapsAndGraphs,"Dynamically Generated Composition CSV","X-Axis: plant species, Y-Axis: Percent of Arthropods"
1991,2019-11-14,19:36:12,10.1.51.1,mapsAndGraphs,"Dynamically Generated Composition CSV","X-Axis: site, Y-Axis: Percent of Arthropods, Sites Included: Appalachian State University"
1992,2019-11-14,19:37:00,10.1.50.1,mapsAndGraphs,"Dynamically Generated Composition CSV","X-Axis: plant species, Y-Axis: Percent of Arthropods"
1993,2019-11-14,19:39:47,10.1.51.1,mapsAndGraphs,"Dynamically Generated Composition CSV","X-Axis: plant species, Y-Axis: Percent of Arthropods"
1994,2019-11-14,22:53:57,10.1.49.1,mapsAndGraphs,"Dynamically Generated Composition CSV","X-Axis: plant species, Y-Axis: Percent of Arthropods"
1995,2019-11-14,22:53:59,10.1.51.1,mapsAndGraphs,"Dynamically Generated Composition CSV","X-Axis: plant species, Y-Axis: Percent of Arthropods"
1996,2019-11-14,22:54:41,10.1.49.1,mapsAndGraphs,"Dynamically Generated Composition CSV","X-Axis: plant species, Y-Axis: Percent of Arthropods"
1997,2019-11-14,22:55:53,10.1.49.1,mapsAndGraphs,"Dynamically Generated Composition CSV","X-Axis: plant species, Y-Axis: Percent of Arthropods"
1998,2019-11-14,23:12:36,10.1.50.1,mapsAndGraphs,"Dynamically Generated Composition CSV","X-Axis: plant species, Y-Axis: Percent of Arthropods"
1999,2019-11-14,23:14:00,10.1.50.1,mapsAndGraphs,"Dynamically Generated Composition CSV","X-Axis: plant species, Y-Axis: Percent of Arthropods"
2000,2019-11-14,23:14:00,10.1.50.1,mapsAndGraphs,"Dynamically Generated Composition CSV","X-Axis: plant species, Y-Axis: Percent of Arthropods"
2001,2019-11-14,23:26:01,10.1.50.1,mapsAndGraphs,"Dynamically Generated Composition CSV","X-Axis: plant species, Y-Axis: Percent of Arthropods"
2002,2019-11-14,23:26:02,10.1.50.1,mapsAndGraphs,"Dynamically Generated Composition CSV","X-Axis: plant species, Y-Axis: Percent of Arthropods"
2003,2019-11-14,23:26:02,10.1.50.1,mapsAndGraphs,"Dynamically Generated Composition CSV","X-Axis: plant species, Y-Axis: Percent of Arthropods"
2004,2019-11-14,23:26:04,10.1.50.1,mapsAndGraphs,"Dynamically Generated Composition CSV","X-Axis: plant species, Y-Axis: Percent of Arthropods"
2005,2019-11-14,23:26:04,10.1.50.1,mapsAndGraphs,"Dynamically Generated Composition CSV","X-Axis: plant species, Y-Axis: Percent of Arthropods"
2006,2019-11-17,00:42:22,10.1.51.1,mapsAndGraphsWithBiomass,"Dynamically Generated Phenology CSV","Y-Axis: Mean Biomass Per Survey, Lines: Caterpillars at Prairie Ridge Ecostation in 2019;"
2007,2019-11-17,00:43:16,10.1.51.1,mapsAndGraphsWithBiomass,"Dynamically Generated Phenology CSV","Y-Axis: Mean Biomass Per Survey, Lines: Caterpillars at Prairie Ridge Ecostation in 2019; All arthropods at Prairie Ridge Ecostation in 2019;"
2008,2019-11-17,00:44:42,10.1.51.1,mapsAndGraphsWithBiomass,"Dynamically Generated Composition CSV","X-Axis: year, Y-Axis: Mean Biomass Per Survey"
2009,2019-11-17,00:45:42,10.1.51.1,mapsAndGraphsWithBiomass,"Dynamically Generated Map CSV","Comparison Metric: Mean Biomass, Observation Method: All, Arthropod Group: Caterpillars, Minimum Length (mm): 0, Plant Species: All, Wet Leaves: true, Month Start: 1, Month End: 12, Year Start: 2002, YearEnd: 2019"
2010,2019-11-19,09:21:36,10.1.49.1,identificationSkills,"Dichotomous Keys to Arthropod Orders.pdf",
2011,2019-11-19,09:22:16,10.1.49.1,identificationSkills,ArthropodIDGuide.pdf,
2012,2019-11-19,09:23:04,10.1.49.1,identificationSkills,ArthropodIDGuide.pdf,
2013,2019-11-19,13:31:05,10.1.50.1,mapsAndGraphs,"Dynamically Generated Composition CSV","X-Axis: plant species, Y-Axis: Percent of Arthropods"
2014,2019-11-19,13:32:29,10.1.49.1,mapsAndGraphs,"Dynamically Generated Composition CSV","X-Axis: plant species, Y-Axis: Percent of Arthropods"
2015,2019-11-19,13:38:27,10.1.51.1,mapsAndGraphs,"Dynamically Generated Composition CSV","X-Axis: plant species, Y-Axis: Percent of Arthropods"
2016,2019-11-19,13:49:40,10.1.51.1,mapsAndGraphs,"Dynamically Generated Composition CSV","X-Axis: plant species, Y-Axis: Percent of Arthropods"
2017,2019-11-19,13:56:13,10.1.51.1,identificationSkills,ArthropodIDGuide.pdf,
2018,2019-11-19,13:58:24,10.1.50.1,mapsAndGraphs,"Dynamically Generated Composition CSV","X-Axis: plant species, Y-Axis: Percent of Arthropods"
2019,2019-11-19,14:06:03,10.1.51.1,mapsAndGraphs,"Dynamically Generated Composition CSV","X-Axis: plant species, Y-Axis: Arthropods Per Survey"
2020,2019-11-19,14:06:46,10.1.51.1,mapsAndGraphs,"Dynamically Generated Composition CSV","X-Axis: plant species, Y-Axis: Percent of Surveys"
2021,2019-11-19,14:40:31,10.1.50.1,mapsAndGraphs,"Dynamically Generated Composition CSV","X-Axis: plant species, Y-Axis: Percent of Arthropods"
2022,2019-11-19,14:50:43,10.1.49.1,mapsAndGraphs,"Dynamically Generated Composition CSV","X-Axis: plant species, Y-Axis: Percent of Arthropods"
2023,2019-11-19,15:45:45,10.1.49.1,dataDownload,"Dynamically Generated CSV","Site: 54, YearStart: 2019, YearEnd: 2019, Arthropod: All"
2024,2019-11-19,16:23:53,10.1.50.1,identificationSkills,ArthropodIDGuide.pdf,
2025,2019-11-19,16:23:57,10.1.49.1,mapsAndGraphs,"Dynamically Generated Composition CSV","X-Axis: plant species, Y-Axis: Percent of Arthropods"
2026,2019-11-19,16:29:12,10.1.49.1,mapsAndGraphs,"Dynamically Generated Composition CSV","X-Axis: plant species, Y-Axis: Percent of Arthropods"
2027,2019-11-19,16:29:40,10.1.50.1,mapsAndGraphs,"Dynamically Generated Composition CSV","X-Axis: plant species, Y-Axis: Percent of Arthropods"
2028,2019-11-19,16:31:03,10.1.50.1,mapsAndGraphs,"Dynamically Generated Composition CSV","X-Axis: plant species, Y-Axis: Percent of Arthropods"
2029,2019-11-19,16:31:56,10.1.50.1,identificationSkills,ArthropodIDGuide.pdf,
2030,2019-11-19,16:46:18,10.1.51.1,mapsAndGraphs,"Dynamically Generated Composition CSV","X-Axis: plant species, Y-Axis: Percent of Arthropods"
2031,2019-11-19,16:51:43,10.1.50.1,identificationSkills,"Dichotomous Keys to Arthropod Orders.pdf",
2032,2019-11-19,17:07:45,10.1.51.1,mapsAndGraphs,"Dynamically Generated Composition CSV","X-Axis: plant species, Y-Axis: Percent of Arthropods"
2033,2019-11-19,17:12:44,10.1.51.1,identificationSkills,ArthropodIDGuide.pdf,
2034,2019-11-19,19:06:49,10.1.51.1,identificationSkills,ArthropodIDGuide.pdf,
2035,2019-11-19,19:32:56,10.1.49.1,identificationSkills,ArthropodIDGuide.pdf,
2036,2019-11-19,19:33:10,10.1.49.1,mapsAndGraphs,"Dynamically Generated Composition CSV","X-Axis: plant species, Y-Axis: Percent of Arthropods"
2037,2019-11-19,19:33:10,10.1.49.1,identificationSkills,"Dichotomous Keys to Arthropod Orders.pdf",
2038,2019-11-19,19:33:17,10.1.49.1,identificationSkills,ArthropodIDGuide.pdf,
2039,2019-11-19,19:35:54,10.1.49.1,mapsAndGraphs,"Dynamically Generated Composition CSV","X-Axis: plant species, Y-Axis: Percent of Arthropods"
2040,2019-11-19,19:48:15,10.1.49.1,mapsAndGraphs,"Dynamically Generated Composition CSV","X-Axis: plant species, Y-Axis: Percent of Arthropods"
2041,2019-11-19,19:50:50,10.1.49.1,mapsAndGraphs,"Dynamically Generated Composition CSV","X-Axis: plant species, Y-Axis: Percent of Arthropods"
2042,2019-11-19,20:17:04,10.1.50.1,mapsAndGraphs,"Dynamically Generated Composition CSV","X-Axis: plant species, Y-Axis: Percent of Arthropods"
2043,2019-11-19,22:16:13,10.1.51.1,mapsAndGraphs,"Dynamically Generated Composition CSV","X-Axis: plant species, Y-Axis: Percent of Arthropods"
2044,2019-11-19,22:21:09,10.1.51.1,mapsAndGraphs,"Dynamically Generated Composition CSV","X-Axis: plant species, Y-Axis: Percent of Arthropods"
2045,2019-11-19,22:26:27,10.1.49.1,mapsAndGraphs,"Dynamically Generated Phenology CSV","Y-Axis: Percent of Surveys, Lines: Caterpillars at Appalachian State University in 2019; Caterpillars at Appalachian State University in 2019;"
2046,2019-11-19,23:27:48,10.1.49.1,identificationSkills,ArthropodIDGuide.pdf,
2047,2019-11-19,23:32:03,10.1.50.1,mapsAndGraphs,"Dynamically Generated Composition CSV","X-Axis: plant species, Y-Axis: Percent of Arthropods"
2048,2019-11-20,14:16:04,10.1.50.1,mapsAndGraphs,"Dynamically Generated Composition CSV","X-Axis: plant species, Y-Axis: Percent of Arthropods"
2049,2019-11-20,14:16:45,10.1.50.1,mapsAndGraphs,"Dynamically Generated Composition CSV","X-Axis: plant species, Y-Axis: Percent of Arthropods"
2050,2019-11-20,14:20:17,10.1.50.1,identificationSkills,ArthropodIDGuide.pdf,
2051,2019-11-20,14:24:03,10.1.50.1,identificationSkills,ArthropodIDGuide.pdf,
2052,2019-11-20,14:34:11,10.1.51.1,mapsAndGraphs,"Dynamically Generated Composition CSV","X-Axis: plant species, Y-Axis: Percent of Arthropods"
2053,2019-11-20,16:28:31,10.1.50.1,mapsAndGraphs,"Dynamically Generated Composition CSV","X-Axis: site, Y-Axis: Percent of Arthropods, Sites Included: Appalachian State University"
2054,2019-11-20,16:33:18,10.1.49.1,mapsAndGraphs,"Dynamically Generated Composition CSV","X-Axis: plant species, Y-Axis: Percent of Arthropods"
2055,2019-11-20,16:38:27,10.1.49.1,identificationSkills,ArthropodIDGuide.pdf,
2056,2019-11-20,16:39:07,10.1.49.1,identificationSkills,"Dichotomous Keys to Arthropod Orders.pdf",
2057,2019-11-20,16:39:17,10.1.51.1,identificationSkills,"Dichotomous Keys to Arthropod Orders.pdf",
2058,2019-11-20,16:39:29,10.1.51.1,mapsAndGraphs,"Dynamically Generated Composition CSV","X-Axis: plant species, Y-Axis: Percent of Arthropods"
2059,2019-11-20,16:44:21,10.1.49.1,resources,"Data Exploration.pdf",
2060,2019-11-20,16:44:47,10.1.49.1,identificationSkills,"Dichotomous Keys to Arthropod Orders.pdf",
2061,2019-11-20,16:45:43,10.1.49.1,identificationSkills,ArthropodIDGuide.pdf,
2062,2019-11-20,16:45:59,10.1.49.1,identificationSkills,ArthropodIDGuide.pdf,
2063,2019-11-20,16:49:55,10.1.50.1,mapsAndGraphs,"Dynamically Generated Composition CSV","X-Axis: site, Y-Axis: Percent of Arthropods, Sites Included: Appalachian State University"
2064,2019-11-20,17:09:41,10.1.50.1,mapsAndGraphs,"Dynamically Generated Composition CSV","X-Axis: plant species, Y-Axis: Percent of Arthropods"
2065,2019-11-20,17:09:41,10.1.50.1,mapsAndGraphs,"Dynamically Generated Composition CSV","X-Axis: plant species, Y-Axis: Percent of Arthropods"
2066,2019-11-20,17:09:41,10.1.50.1,mapsAndGraphs,"Dynamically Generated Composition CSV","X-Axis: plant species, Y-Axis: Percent of Arthropods"
2067,2019-11-20,17:40:45,10.1.49.1,identificationSkills,ArthropodIDGuide.pdf,
2068,2019-11-20,17:41:53,10.1.49.1,identificationSkills,"Dichotomous Keys to Arthropod Orders.pdf",
2069,2019-11-20,19:17:18,10.1.49.1,identificationSkills,ArthropodIDGuide.pdf,
2070,2019-11-20,19:24:31,10.1.50.1,mapsAndGraphs,"Dynamically Generated Composition CSV","X-Axis: plant species, Y-Axis: Percent of Arthropods"
2071,2019-11-20,19:30:47,10.1.51.1,mapsAndGraphs,"Dynamically Generated Composition CSV","X-Axis: plant species, Y-Axis: Percent of Arthropods"
2072,2019-11-20,19:31:25,10.1.51.1,mapsAndGraphs,"Dynamically Generated Composition CSV","X-Axis: plant species, Y-Axis: Percent of Arthropods"
2073,2019-11-20,19:32:22,10.1.50.1,identificationSkills,ArthropodIDGuide.pdf,
2074,2019-11-20,19:45:44,10.1.50.1,identificationSkills/index.html,,
2075,2019-11-20,19:46:05,10.1.50.1,mapsAndGraphs,"Dynamically Generated Composition CSV","X-Axis: plant species, Y-Axis: Percent of Arthropods"
2076,2019-11-20,23:00:27,10.1.51.1,identificationSkills/index.html,,
2077,2019-11-20,23:00:58,10.1.51.1,identificationSkills,ArthropodIDGuide.pdf,
2078,2019-11-20,23:03:37,10.1.49.1,mapsAndGraphs,"Dynamically Generated Composition CSV","X-Axis: plant species, Y-Axis: Percent of Arthropods"
2079,2019-11-20,23:04:19,10.1.49.1,mapsAndGraphs,"Dynamically Generated Composition CSV","X-Axis: plant species, Y-Axis: Percent of Arthropods"
2080,2019-11-20,23:08:44,10.1.51.1,mapsAndGraphs,"Dynamically Generated Composition CSV","X-Axis: site, Y-Axis: Percent of Arthropods, Sites Included: Appalachian State University"
2081,2019-11-20,23:08:55,10.1.51.1,mapsAndGraphs,"Dynamically Generated Composition CSV","X-Axis: plant species, Y-Axis: Percent of Arthropods"
2082,2019-11-20,23:21:37,10.1.51.1,mapsAndGraphs,"Dynamically Generated Composition CSV","X-Axis: plant species, Y-Axis: Percent of Arthropods"
2083,2019-11-21,13:31:21,10.1.49.1,mapsAndGraphs,"Dynamically Generated Composition CSV","X-Axis: site, Y-Axis: Percent of Arthropods, Sites Included: Appalachian State University"
2084,2019-11-21,16:36:39,10.1.49.1,mapsAndGraphs,"Dynamically Generated Composition CSV","X-Axis: plant species, Y-Axis: Percent of Arthropods"
2085,2019-11-21,16:36:45,10.1.49.1,mapsAndGraphs,"Dynamically Generated Composition CSV","X-Axis: plant species, Y-Axis: Percent of Arthropods"
2086,2019-11-21,16:36:47,10.1.49.1,mapsAndGraphs,"Dynamically Generated Composition CSV","X-Axis: plant species, Y-Axis: Percent of Arthropods"
2087,2019-11-21,19:37:30,10.1.49.1,identificationSkills,ArthropodIDGuide.pdf,
2088,2019-11-21,19:38:43,10.1.51.1,identificationSkills,ArthropodIDGuide.pdf,
2089,2019-11-21,19:39:16,10.1.49.1,identificationSkills,ArthropodIDGuide.pdf,
2090,2019-11-21,19:45:02,10.1.51.1,dataDownload,"Dynamically Generated CSV","Site: 182, YearStart: 2018, YearEnd: 2019, Arthropod: aphid"
2091,2019-11-21,19:45:42,10.1.50.1,mapsAndGraphs,"Dynamically Generated Composition CSV","X-Axis: plant species, Y-Axis: Percent of Arthropods"
2092,2019-11-21,19:46:28,10.1.49.1,mapsAndGraphs,"Dynamically Generated Phenology CSV","Y-Axis: Percent of Surveys, Lines: Caterpillars at Appalachian State University in 2019; Caterpillars at Appalachian State University in 2019;"
2093,2019-11-21,19:50:48,10.1.49.1,mapsAndGraphs,"Dynamically Generated Composition CSV","X-Axis: plant species, Y-Axis: Percent of Arthropods"
2094,2019-11-21,19:56:20,10.1.51.1,mapsAndGraphs,"Dynamically Generated Composition CSV","X-Axis: plant species, Y-Axis: Percent of Arthropods"
2095,2019-11-21,19:56:36,10.1.51.1,mapsAndGraphs,"Dynamically Generated Composition CSV","X-Axis: plant species, Y-Axis: Percent of Arthropods"
2096,2019-11-21,20:02:22,10.1.50.1,mapsAndGraphs,"Dynamically Generated Composition CSV","X-Axis: plant species, Y-Axis: Percent of Arthropods"
2097,2019-11-21,22:28:39,10.1.51.1,mapsAndGraphs,"Dynamically Generated Composition CSV","X-Axis: plant species, Y-Axis: Percent of Arthropods"
2098,2019-11-21,22:48:46,10.1.49.1,mapsAndGraphs,"Dynamically Generated Composition CSV","X-Axis: plant species, Y-Axis: Percent of Arthropods"
2099,2019-11-21,23:03:25,10.1.51.1,identificationSkills,ArthropodIDGuide.pdf,
2100,2019-11-21,23:03:30,10.1.49.1,mapsAndGraphs,"Dynamically Generated Phenology CSV","Y-Axis: Percent of Surveys, Lines: Caterpillars at Appalachian State University in 2019; Caterpillars at Appalachian State University in 2019;"
2101,2019-11-21,23:03:40,10.1.50.1,mapsAndGraphs,"Dynamically Generated Composition CSV","X-Axis: plant species, Y-Axis: Percent of Arthropods"
2102,2019-11-21,23:03:46,10.1.49.1,mapsAndGraphs,"Dynamically Generated Composition CSV","X-Axis: site, Y-Axis: Percent of Arthropods, Sites Included: Appalachian State University"
2103,2019-11-21,23:07:01,10.1.51.1,resources,"Data Exploration.pdf",
2104,2019-11-21,23:09:19,10.1.51.1,mapsAndGraphs,"Dynamically Generated Composition CSV","X-Axis: plant species, Y-Axis: Percent of Arthropods"
2105,2019-11-22,07:13:27,10.1.50.1,identificationSkills,ArthropodIDGuide.pdf,
2106,2019-11-23,02:13:24,10.1.49.1,identificationSkills/index.html,,
2107,2019-11-23,02:17:01,10.1.49.1,identificationSkills/index.html,,
2108,2019-11-24,19:27:15,10.1.49.1,identificationSkills/index.html,,
2109,2019-11-24,19:28:00,10.1.49.1,identificationSkills/index.html,,
2110,2019-11-24,19:31:38,10.1.49.1,resources,MSPhenology.pdf,
2111,2019-11-24,19:47:55,10.1.49.1,resources,GettingStarted.pdf,
2112,2019-11-25,16:47:14,10.1.51.1,mapsAndGraphs,"Dynamically Generated Composition CSV","X-Axis: site, Y-Axis: Percent of Arthropods, Sites Included: Walker Nature Center"
2113,2019-11-28,17:03:42,10.1.49.1,identificationSkills,"Dichotomous Keys to Arthropod Orders.pdf",
2114,2019-11-29,06:02:34,10.1.51.1,identificationSkills,"Dichotomous Keys to Arthropod Orders.pdf",
2115,2019-11-29,10:44:07,10.1.51.1,identificationSkills,ArthropodIDGuide.pdf,
2116,2019-11-29,10:46:18,10.1.51.1,identificationSkills,"Dichotomous Keys to Arthropod Orders.pdf",
2117,2019-12-01,18:40:26,10.1.49.1,resources,GettingStarted.pdf,
2118,2019-12-01,19:32:36,10.1.49.1,resources,ArthropodIDslides.pdf,
2119,2019-12-01,19:41:26,10.1.49.1,identificationSkills/index.html,,
2120,2019-12-01,19:43:42,10.1.49.1,identificationSkills/index.html,,
2121,2019-12-02,18:52:18,10.1.50.1,conductASurvey,paperDataSheet.pdf,
2122,2019-12-03,17:40:11,10.1.50.1,mapsAndGraphs,"Dynamically Generated Composition CSV","X-Axis: site, Y-Axis: Percent of Arthropods, Sites Included: UNCW"
2123,2019-12-04,05:31:58,10.1.50.1,identificationSkills,ArthropodIDGuide.pdf,
2124,2019-12-05,17:15:12,10.1.50.1,dataDownload,"Dynamically Generated CSV","Site: 181, YearStart: 2019, YearEnd: 2019, Arthropod: All"
2125,2019-12-05,18:28:07,10.1.51.1,identificationSkills,ArthropodIDGuide.pdf,
2126,2019-12-05,19:47:34,10.1.49.1,identificationSkills,ArthropodIDGuide.pdf,
2127,2019-12-05,19:49:06,10.1.49.1,identificationSkills,ArthropodIDGuide.pdf,
2128,2019-12-06,03:02:25,10.1.51.1,identificationSkills,ArthropodIDGuide.pdf,
2129,2019-12-06,03:02:52,10.1.51.1,identificationSkills,"Dichotomous Keys to Arthropod Orders.pdf",
2130,2019-12-08,21:06:00,10.1.49.1,conductASurvey,paperDataSheet.pdf,
2131,2019-12-08,21:44:44,10.1.49.1,identificationSkills,ArthropodIDGuide.pdf,
2132,2019-12-08,22:23:43,10.1.49.1,resources,ArthropodIDslides.pdf,
2133,2019-12-09,12:52:11,10.1.50.1,identificationSkills,ArthropodIDGuide.pdf,
2134,2019-12-09,13:14:09,10.1.49.1,identificationSkills,"Dichotomous Keys to Arthropod Orders.pdf",
2135,2019-12-12,00:31:46,10.1.51.1,identificationSkills,"Dichotomous Keys to Arthropod Orders.pdf",
2136,2019-12-12,00:32:04,10.1.51.1,identificationSkills,ArthropodIDGuide.pdf,
2137,2019-12-17,17:09:26,10.1.51.1,identificationSkills/index.html,,
2138,2019-12-17,17:12:22,10.1.51.1,resources,"Building A Beat Sheet.pdf",
2139,2019-12-25,16:25:53,10.1.49.1,identificationSkills/index.html,,
2140,2019-12-25,16:26:57,10.1.49.1,identificationSkills/index.html,,
2141,2019-12-25,16:27:03,10.1.49.1,identificationSkills/index.html,,
2142,2019-12-25,18:59:37,10.1.50.1,identificationSkills/index.html,,
2143,2019-12-25,19:07:30,10.1.50.1,identificationSkills/index.html,,
2144,2019-12-25,19:07:31,10.1.50.1,identificationSkills/index.html,,
2145,2019-12-25,19:07:42,10.1.50.1,identificationSkills/index.html,,
2146,2019-12-27,21:12:50,10.1.51.1,identificationSkills,ArthropodIDGuide.pdf,
2147,2019-12-27,21:13:14,10.1.51.1,identificationSkills,"Dichotomous Keys to Arthropod Orders.pdf",
2148,2019-12-29,08:27:05,10.1.49.1,identificationSkills,ArthropodIDGuide.pdf,
2149,2020-01-03,19:16:32,10.1.49.1,identificationSkills/index.html,,
2150,2020-01-04,01:31:00,10.1.50.1,faq,ArthropodIDGuide.pdf,
2151,2020-01-04,13:57:32,10.1.50.1,identificationSkills/index.html,,
2152,2020-01-04,17:34:32,10.1.50.1,conductASurvey,paperDataSheet.pdf,
2153,2020-01-09,02:27:47,10.1.49.1,identificationSkills/index.html,,
2154,2020-01-09,02:27:56,10.1.49.1,identificationSkills/index.html,,
2155,2020-01-13,11:59:23,10.1.50.1,identificationSkills/index.html,,
2156,2020-01-16,14:39:26,10.1.49.1,mapsAndGraphs,"Dynamically Generated Phenology CSV","Y-Axis: Percent of Surveys, Lines: Caterpillars at Azalea Repository (TNCA) in 2019;"
2157,2020-01-16,20:44:13,10.1.49.1,identificationSkills/index.html,,
2158,2020-01-17,18:00:16,10.1.51.1,identificationSkills,ArthropodIDGuide.pdf,
2159,2020-01-19,00:19:48,10.1.50.1,resources,"Arthropod Food Web lesson plan.pdf",
2160,2020-01-19,00:20:55,10.1.50.1,resources,"Phenology Across Trophic Levels lesson plan.pdf",
2161,2020-01-19,00:22:24,10.1.50.1,resources,MSPhenology.pdf,
2162,2020-01-19,00:22:57,10.1.50.1,resources,hotOrCold.pdf,
2163,2020-01-20,17:53:59,10.1.51.1,identificationSkills/index.html,,
2164,2020-01-22,14:11:11,10.1.51.1,resources,"Data Exploration.pdf",
2165,2020-01-22,14:34:16,10.1.51.1,identificationSkills,"Dichotomous Keys to Arthropod Orders.pdf",
2166,2020-01-22,14:34:25,10.1.51.1,identificationSkills,ArthropodIDGuide.pdf,
2167,2020-01-22,14:40:28,10.1.51.1,resources,"Building A Beat Sheet.pdf",
2168,2020-01-22,14:41:44,10.1.51.1,resources,VisualSurveyTestBranch.pdf,
2169,2020-01-22,17:58:10,10.1.51.1,resources,VisualSurveyTestBranch.pdf,
2170,2020-01-22,21:16:45,10.1.51.1,identificationSkills/index.html,,
2171,2020-01-24,16:30:54,10.1.51.1,resources,"Data Exploration.pdf",
2172,2020-01-24,23:45:43,10.1.49.1,identificationSkills/index.html,,
2173,2020-01-24,23:48:15,10.1.49.1,conductASurvey,paperDataSheet.pdf,
2174,2020-01-27,03:30:37,10.1.49.1,identificationSkills/index.html,,
2175,2020-01-27,04:07:30,10.1.49.1,dataDownload,"Dynamically Generated CSV","Site: All, YearStart: 2002, YearEnd: 2019, Arthropod: caterpillar"
2176,2020-01-27,18:44:10,10.1.51.1,conductASurvey,paperDataSheet.pdf,
2177,2020-01-28,02:16:44,10.1.50.1,identificationSkills/index.html,,
2178,2020-01-28,02:16:46,10.1.50.1,identificationSkills/index.html,,
2179,2020-01-28,02:16:49,10.1.50.1,identificationSkills/index.html,,
2180,2020-01-28,21:04:46,10.1.50.1,dataDownload,"Dynamically Generated CSV","Site: 52, YearStart: 2017, YearEnd: 2019, Arthropod: All"
2181,2020-01-29,19:54:10,10.1.51.1,identificationSkills,ArthropodIDGuide.pdf,
2182,2020-01-31,16:11:02,10.1.50.1,identificationSkills,ArthropodIDGuide.pdf,
2183,2020-01-31,16:11:07,10.1.50.1,identificationSkills,"Dichotomous Keys to Arthropod Orders.pdf",
2184,2020-01-31,16:12:58,10.1.50.1,conductASurvey,paperDataSheet.pdf,
2185,2020-02-01,20:43:54,10.1.49.1,resources,ManageMySurveysGuide.pdf,
2186,2020-02-01,20:44:05,10.1.49.1,resources,"Data Exploration.pdf",
2187,2020-02-01,23:02:30,10.1.49.1,identificationSkills,ArthropodIDGuide.pdf,
2188,2020-02-01,23:02:41,10.1.49.1,identificationSkills,"Dichotomous Keys to Arthropod Orders.pdf",
2189,2020-02-01,23:11:41,10.1.49.1,conductASurvey,paperDataSheet.pdf,
2190,2020-02-01,23:49:33,10.1.49.1,dataDownload,"Dynamically Generated CSV","Site: All, YearStart: 2002, YearEnd: 2019, Arthropod: All"
2191,2020-02-02,00:06:05,10.1.49.1,identificationSkills/index.html,,
2192,2020-02-02,00:17:07,10.1.49.1,conductASurvey,paperDataSheet.pdf,
2193,2020-02-02,17:49:41,10.1.51.1,identificationSkills/index.html,,
2194,2020-02-04,14:13:10,10.1.49.1,identificationSkills,ArthropodIDGuide.pdf,
2195,2020-02-04,16:07:11,10.1.49.1,identificationSkills,ArthropodIDGuide.pdf,
2196,2020-02-04,16:07:35,10.1.49.1,identificationSkills,"Dichotomous Keys to Arthropod Orders.pdf",
2197,2020-02-05,17:23:49,10.1.49.1,identificationSkills/index.html,,
2198,2020-02-06,12:22:42,10.1.50.1,identificationSkills,ArthropodIDGuide.pdf,
2199,2020-02-06,12:23:29,10.1.50.1,identificationSkills,"Dichotomous Keys to Arthropod Orders.pdf",
2200,2020-02-06,16:31:01,10.1.49.1,identificationSkills/index.html,,
2201,2020-02-09,01:07:08,10.1.51.1,identificationSkills,"Dichotomous Keys to Arthropod Orders.pdf",
2202,2020-02-09,15:24:53,10.1.50.1,identificationSkills,"Dichotomous Keys to Arthropod Orders.pdf",
2203,2020-02-10,17:33:10,10.1.51.1,conductASurvey,paperDataSheet.pdf,
2204,2020-02-11,18:19:42,10.1.51.1,identificationSkills/index.html,,
2205,2020-02-12,14:44:33,10.1.49.1,dataDownload,"Dynamically Generated CSV","Site: 52, YearStart: 2017, YearEnd: 2019, Arthropod: All"
2206,2020-02-12,16:37:08,10.1.51.1,identificationSkills/index.html,,
2207,2020-02-14,10:33:51,10.1.49.1,identificationSkills,"Dichotomous Keys to Arthropod Orders.pdf",
2208,2020-02-17,05:55:32,10.1.50.1,dataDownload,"Dynamically Generated CSV","Site: All, YearStart: 2002, YearEnd: 2019, Arthropod: All"
2209,2020-02-17,23:41:29,10.1.51.1,identificationSkills,"Dichotomous Keys to Arthropod Orders.pdf",
2210,2020-02-17,23:46:33,10.1.51.1,identificationSkills,"Dichotomous Keys to Arthropod Orders.pdf",
2211,2020-02-18,18:56:53,10.1.50.1,identificationSkills/index.html,,
2212,2020-02-18,20:46:45,10.1.51.1,identificationSkills/index.html,,
2213,2020-02-18,23:59:01,10.1.49.1,identificationSkills,ArthropodIDGuide.pdf,
2214,2020-02-19,00:00:07,10.1.49.1,identificationSkills,"Dichotomous Keys to Arthropod Orders.pdf",
2215,2020-02-19,00:52:38,10.1.51.1,conductASurvey,paperDataSheet.pdf,
2216,2020-02-19,13:28:45,10.1.49.1,identificationSkills,ArthropodIDGuide.pdf,
2217,2020-02-19,13:49:12,10.1.50.1,identificationSkills/index.html,,
2218,2020-02-19,13:49:13,10.1.50.1,identificationSkills/index.html,,
2219,2020-02-19,14:56:03,10.1.51.1,faq,ArthropodIDGuide.pdf,
2220,2020-02-19,20:48:55,10.1.51.1,identificationSkills/index.html,,
2221,2020-02-20,13:06:16,10.1.50.1,identificationSkills/index.html,,
2222,2020-02-20,14:22:22,10.1.50.1,conductASurvey,paperDataSheet.pdf,
2223,2020-02-22,04:02:25,10.1.51.1,identificationSkills/index.html,,
2224,2020-02-22,04:07:14,10.1.51.1,identificationSkills/index.html,,
2225,2020-02-25,01:48:57,10.1.51.1,identificationSkills,ArthropodIDGuide.pdf,
2226,2020-02-25,03:30:27,10.1.50.1,faq,ArthropodIDGuide.pdf,
2227,2020-02-25,03:48:55,10.1.50.1,identificationSkills/index.html,,
2228,2020-02-25,03:49:00,10.1.50.1,identificationSkills/index.html,,
2229,2020-02-25,20:26:33,10.1.50.1,mapsAndGraphs,"Dynamically Generated Map CSV","Comparison Metric: Percent of Surveys, Observation Method: All, Arthropod Group: Caterpillars, Minimum Length (mm): 0, Plant Species: All, Wet Leaves: true, Month Start: 1, Month End: 12, Year Start: 2002, YearEnd: 2020"
2230,2020-02-25,20:47:51,10.1.51.1,dataDownload,"Dynamically Generated CSV","Site: All, YearStart: 2002, YearEnd: 2019, Arthropod: All"
2231,2020-02-25,21:11:29,10.1.51.1,mapsAndGraphs,"Dynamically Generated Map CSV","Comparison Metric: Percent of Surveys, Observation Method: All, Arthropod Group: Caterpillars, Minimum Length (mm): 0, Plant Species: All, Wet Leaves: true, Month Start: 1, Month End: 12, Year Start: 2002, YearEnd: 2020"
2232,2020-02-26,14:17:23,10.1.50.1,mapsAndGraphs,"Dynamically Generated Map CSV","Comparison Metric: Percent of Surveys, Observation Method: All, Arthropod Group: Caterpillars, Minimum Length (mm): 0, Plant Species: All, Wet Leaves: true, Month Start: 1, Month End: 12, Year Start: 2002, YearEnd: 2020"
2233,2020-02-26,14:18:13,10.1.50.1,mapsAndGraphs,"Dynamically Generated Composition CSV","X-Axis: site, Y-Axis: Percent of Arthropods, Sites Included: Environmental Sciences Magnet School"
2234,2020-02-26,14:31:06,10.1.50.1,dataDownload,"Dynamically Generated CSV","Site: All, YearStart: 2019, YearEnd: 2019, Arthropod: caterpillar"
2235,2020-02-26,14:33:00,10.1.50.1,dataDownload,"Dynamically Generated CSV","Site: All, YearStart: 2019, YearEnd: 2019, Arthropod: moths"
2236,2020-02-26,17:00:58,10.1.51.1,faq,ArthropodIDGuide.pdf,
2237,2020-02-26,20:27:21,10.1.49.1,dataDownload,"Dynamically Generated CSV","Site: 71, YearStart: 2018, YearEnd: 2019, Arthropod: All"
2238,2020-02-26,21:03:27,10.1.49.1,dataDownload,"Dynamically Generated CSV","Site: 69, YearStart: 2019, YearEnd: 2019, Arthropod: All"
2239,2020-02-27,16:20:00,10.1.49.1,dataDownload,"Dynamically Generated CSV","Site: 70, YearStart: 2019, YearEnd: 2019, Arthropod: All"
2240,2020-02-27,16:43:51,10.1.49.1,mapsAndGraphs,"Dynamically Generated Phenology CSV","Y-Axis: Percent of Surveys, Lines: Caterpillars at Azalea Repository (TNCA) in 2019;"
2241,2020-02-28,13:07:03,10.1.51.1,conductASurvey,paperDataSheet.pdf,
2242,2020-02-28,13:38:28,10.1.49.1,identificationSkills/index.html,,
2243,2020-02-28,13:43:44,10.1.49.1,identificationSkills/index.html,,
2244,2020-02-28,19:41:05,10.1.51.1,identificationSkills/index.html,,
2245,2020-02-28,19:41:15,10.1.51.1,identificationSkills/index.html,,
2246,2020-02-28,19:45:36,10.1.51.1,identificationSkills/index.html,,
2247,2020-02-28,21:48:07,10.1.51.1,identificationSkills/index.html,,
2248,2020-02-29,17:32:18,10.1.50.1,identificationSkills/index.html,,
2249,2020-03-01,15:36:43,10.1.51.1,conductASurvey,paperDataSheet.pdf,
2250,2020-03-01,16:54:09,10.1.50.1,resources,GettingStarted.pdf,
2251,2020-03-01,16:55:05,10.1.50.1,resources,TrainingParticipants.pdf,
2252,2020-03-01,17:00:17,10.1.50.1,resources,VisualSurveyTestBranch.pdf,
2253,2020-03-02,19:07:43,10.1.50.1,resources,GettingStarted.pdf,
2254,2020-03-02,19:08:42,10.1.50.1,resources,TrainingParticipants.pdf,
2255,2020-03-03,21:49:42,10.1.51.1,conductASurvey,paperDataSheet.pdf,
2256,2020-03-03,21:53:37,10.1.51.1,identificationSkills,ArthropodIDGuide.pdf,
2257,2020-03-05,23:29:13,10.1.50.1,dataDownload,"Dynamically Generated CSV","Site: All, YearStart: 2002, YearEnd: 2019, Arthropod: caterpillar"
2258,2020-03-06,16:03:01,10.1.49.1,resources,GettingStarted.pdf,
2259,2020-03-06,16:03:17,10.1.49.1,resources,TrainingParticipants.pdf,
2260,2020-03-06,16:03:51,10.1.49.1,identificationSkills,ArthropodIDGuide.pdf,
2261,2020-03-06,16:04:40,10.1.49.1,resources,ArthropodIDslides.pdf,
2262,2020-03-06,16:14:27,10.1.49.1,identificationSkills/index.html,,
2263,2020-03-06,20:42:52,10.1.51.1,mapsAndGraphs,"Dynamically Generated Map CSV","Comparison Metric: Percent of Surveys, Observation Method: All, Arthropod Group: Caterpillars, Minimum Length (mm): 0, Plant Species: All, Wet Leaves: true, Month Start: 1, Month End: 12, Year Start: 2002, YearEnd: 2020"
2264,2020-03-06,21:31:34,10.1.50.1,dataDownload,"Dynamically Generated CSV","Site: All, YearStart: 2002, YearEnd: 2003, Arthropod: All"
2265,2020-03-09,18:59:25,10.1.50.1,identificationSkills/index.html,,
2266,2020-03-09,19:03:25,10.1.49.1,conductASurvey,paperDataSheet.pdf,
2267,2020-03-09,19:08:26,10.1.49.1,identificationSkills/index.html,,
2268,2020-03-10,03:24:41,10.1.50.1,identificationSkills/index.html,,
2269,2020-03-10,03:28:04,10.1.50.1,identificationSkills/index.html,,
2270,2020-03-10,15:56:01,10.1.50.1,identificationSkills,ArthropodIDGuide.pdf,
2271,2020-03-10,15:57:04,10.1.50.1,identificationSkills,"Dichotomous Keys to Arthropod Orders.pdf",
2272,2020-03-10,18:04:28,10.1.49.1,identificationSkills,ArthropodIDGuide.pdf,
2273,2020-03-10,18:33:23,10.1.49.1,identificationSkills/index.html,,
2274,2020-03-10,18:49:52,10.1.49.1,identificationSkills,ArthropodIDGuide.pdf,
2275,2020-03-10,18:51:57,10.1.49.1,identificationSkills,"Dichotomous Keys to Arthropod Orders.pdf",
2276,2020-03-10,22:39:06,10.1.51.1,identificationSkills/index.html,,
2277,2020-03-10,22:40:24,10.1.51.1,identificationSkills/index.html,,
2278,2020-03-10,23:16:49,10.1.51.1,resources,"Data Exploration.pdf",
2279,2020-03-10,23:21:46,10.1.51.1,resources,"Data Exploration.pdf",
2280,2020-03-10,23:22:08,10.1.51.1,resources,"Phenology Across Trophic Levels lesson plan.pdf",
2281,2020-03-12,13:48:15,10.1.50.1,identificationSkills/index.html,,
2282,2020-03-12,13:48:24,10.1.50.1,identificationSkills/index.html,,
2283,2020-03-12,23:32:47,10.1.51.1,identificationSkills,"Dichotomous Keys to Arthropod Orders.pdf",
2284,2020-03-13,16:47:25,10.1.50.1,identificationSkills,"Dichotomous Keys to Arthropod Orders.pdf",
2285,2020-03-15,21:46:31,10.1.49.1,conductASurvey,paperDataSheet.pdf,
2286,2020-03-16,13:38:07,10.1.51.1,dataDownload,"Dynamically Generated CSV","Site: All, YearStart: 2002, YearEnd: 2019, Arthropod: All"
2287,2020-03-16,19:50:24,10.1.50.1,conductASurvey,paperDataSheet.pdf,
2288,2020-03-17,19:16:44,10.1.50.1,identificationSkills,ArthropodIDGuide.pdf,
2289,2020-03-17,19:21:35,10.1.50.1,identificationSkills,"Dichotomous Keys to Arthropod Orders.pdf",
2290,2020-03-18,02:48:03,10.1.50.1,identificationSkills,ArthropodIDGuide.pdf,
2291,2020-03-18,04:43:01,10.1.49.1,identificationSkills,ArthropodIDGuide.pdf,
2292,2020-03-19,15:41:10,10.1.49.1,conductASurvey,paperDataSheet.pdf,
2293,2020-03-19,15:41:37,10.1.51.1,identificationSkills,ArthropodIDGuide.pdf,
2294,2020-03-19,22:10:50,10.1.49.1,identificationSkills,ArthropodIDGuide.pdf,
2295,2020-03-19,22:13:05,10.1.49.1,identificationSkills,"Dichotomous Keys to Arthropod Orders.pdf",
2296,2020-03-19,22:33:45,10.1.49.1,resources,GettingStarted.pdf,
2297,2020-03-19,22:34:37,10.1.49.1,resources,ArthropodIDslides.pdf,
2298,2020-03-19,22:40:43,10.1.49.1,resources,VisualSurveyTestBranch.pdf,
2299,2020-03-19,22:42:25,10.1.49.1,resources,GettingStarted.pdf,
2300,2020-03-19,22:42:34,10.1.49.1,resources,TrainingParticipants.pdf,
2301,2020-03-19,22:43:04,10.1.49.1,resources,ArthropodIDslides.pdf,
2302,2020-03-19,22:45:17,10.1.49.1,resources,ArthropodIDslides.pdf,
2303,2020-03-20,05:56:48,10.1.49.1,identificationSkills,ArthropodIDGuide.pdf,
2304,2020-03-20,05:57:36,10.1.49.1,resources,ArthropodIDslides.pdf,
2305,2020-03-20,05:59:47,10.1.49.1,identificationSkills,ArthropodIDGuide.pdf,
2306,2020-03-20,18:44:47,10.1.50.1,mapsAndGraphs,"Dynamically Generated Composition CSV","X-Axis: site, Y-Axis: Percent of Arthropods, Sites Included: Georgetown"
2307,2020-03-20,18:56:59,10.1.50.1,mapsAndGraphs,"Dynamically Generated Phenology CSV","Y-Axis: Percent of Surveys, Lines: Caterpillars at Georgetown in 2019; Caterpillars at Georgetown in 2019;"
2308,2020-03-20,18:57:49,10.1.50.1,mapsAndGraphs,"Dynamically Generated Map CSV","Comparison Metric: Percent of Surveys, Observation Method: All, Arthropod Group: Caterpillars, Minimum Length (mm): 0, Plant Species: All, Wet Leaves: true, Month Start: 1, Month End: 12, Year Start: 2002, YearEnd: 2020"
2309,2020-03-20,22:12:53,10.1.50.1,dataDownload,"Dynamically Generated CSV","Site: 78, YearStart: 2015, YearEnd: 2019, Arthropod: All"
2310,2020-03-20,22:19:30,10.1.50.1,dataDownload,"Dynamically Generated CSV","Site: 78, YearStart: 2017, YearEnd: 2018, Arthropod: All"
2311,2020-03-21,16:17:09,10.1.49.1,identificationSkills/index.html,,
2312,2020-03-21,18:34:33,10.1.50.1,identificationSkills/index.html,,
2313,2020-03-21,21:47:46,10.1.49.1,identificationSkills,ArthropodIDGuide.pdf,
2314,2020-03-21,21:55:23,10.1.49.1,identificationSkills,"Dichotomous Keys to Arthropod Orders.pdf",
2315,2020-03-22,17:59:09,10.1.50.1,identificationSkills,"Dichotomous Keys to Arthropod Orders.pdf",
2316,2020-03-23,18:50:22,10.1.49.1,identificationSkills,ArthropodIDGuide.pdf,
2317,2020-03-23,19:41:25,10.1.49.1,identificationSkills/index.html,,
2318,2020-03-23,21:33:31,10.1.51.1,resources,"Building A Beat Sheet.pdf",
2319,2020-03-24,01:24:30,10.1.51.1,resources,paperDataSheet.pdf,
2320,2020-03-24,01:30:08,10.1.51.1,resources,"Data Exploration.pdf",
2321,2020-03-24,02:38:54,10.1.51.1,resources,VisualSurveyTestBranch.pdf,
2322,2020-03-24,02:44:58,10.1.51.1,identificationSkills,ArthropodIDGuide.pdf,
2323,2020-03-24,02:46:03,10.1.51.1,identificationSkills,"Dichotomous Keys to Arthropod Orders.pdf",
2324,2020-03-24,03:01:28,10.1.51.1,resources,"Phenology Across Trophic Levels lesson plan.pdf",
2325,2020-03-24,03:05:04,10.1.51.1,resources,"Arthropod Food Web lesson plan.pdf",
2326,2020-03-24,03:05:26,10.1.51.1,resources,MSPhenology.pdf,
2327,2020-03-24,12:50:38,10.1.49.1,identificationSkills,ArthropodIDGuide.pdf,
2328,2020-03-24,17:56:47,10.1.51.1,identificationSkills,ArthropodIDGuide.pdf,
2329,2020-03-24,17:58:15,10.1.51.1,identificationSkills,"Dichotomous Keys to Arthropod Orders.pdf",
2330,2020-03-24,20:19:10,10.1.49.1,identificationSkills,ArthropodIDGuide.pdf,
2331,2020-03-24,20:20:26,10.1.49.1,identificationSkills,"Dichotomous Keys to Arthropod Orders.pdf",
2332,2020-03-25,20:05:30,10.1.51.1,dataDownload,"Dynamically Generated CSV","Site: All, YearStart: 2017, YearEnd: 2018, Arthropod: All"
2333,2020-03-26,03:46:37,10.1.49.1,identificationSkills,ArthropodIDGuide.pdf,
2334,2020-03-26,15:00:33,10.1.50.1,identificationSkills,ArthropodIDGuide.pdf,
2335,2020-03-26,17:30:13,10.1.51.1,identificationSkills,ArthropodIDGuide.pdf,
2336,2020-03-26,17:30:31,10.1.51.1,identificationSkills,"Dichotomous Keys to Arthropod Orders.pdf",
2337,2020-03-26,22:32:24,10.1.49.1,identificationSkills,"Dichotomous Keys to Arthropod Orders.pdf",
2338,2020-03-27,02:23:56,10.1.51.1,identificationSkills,ArthropodIDGuide.pdf,
2339,2020-03-27,02:24:12,10.1.51.1,identificationSkills,"Dichotomous Keys to Arthropod Orders.pdf",
2340,2020-03-27,02:24:17,10.1.51.1,identificationSkills,ArthropodIDGuide.pdf,
2341,2020-03-27,15:24:49,10.1.51.1,conductASurvey,paperDataSheet.pdf,
2342,2020-03-27,16:02:45,10.1.50.1,identificationSkills,"Dichotomous Keys to Arthropod Orders.pdf",
2343,2020-03-27,16:18:04,10.1.50.1,identificationSkills,ArthropodIDGuide.pdf,
2344,2020-03-27,16:18:07,10.1.50.1,identificationSkills,"Dichotomous Keys to Arthropod Orders.pdf",
2345,2020-03-27,16:59:56,10.1.51.1,identificationSkills,ArthropodIDGuide.pdf,
2346,2020-03-27,17:11:08,10.1.51.1,identificationSkills,ArthropodIDGuide.pdf,
2347,2020-03-27,17:39:42,10.1.50.1,conductASurvey,paperDataSheet.pdf,
2348,2020-03-27,18:43:47,10.1.49.1,identificationSkills/index.html,,
2349,2020-03-27,23:23:50,10.1.50.1,identificationSkills/index.html,,
2350,2020-03-27,23:55:19,10.1.51.1,resources,ArthropodIDslides.pdf,
2351,2020-03-27,23:56:41,10.1.51.1,resources,TrainingParticipants.pdf,
2352,2020-03-27,23:57:02,10.1.51.1,resources,paperDataSheet.pdf,
2353,2020-03-28,02:26:04,10.1.51.1,resources,TrainingParticipants.pdf,
2354,2020-03-28,02:26:20,10.1.51.1,identificationSkills,ArthropodIDGuide.pdf,
2355,2020-03-28,03:43:52,10.1.49.1,dataDownload,"Dynamically Generated CSV","Site: All, YearStart: 2002, YearEnd: 2019, Arthropod: All"
2356,2020-03-28,21:35:19,10.1.50.1,dataDownload,"Dynamically Generated CSV","Site: 78, YearStart: 2015, YearEnd: 2019, Arthropod: caterpillar"
2357,2020-03-29,00:07:21,10.1.50.1,dataDownload,"Dynamically Generated CSV","Site: 78, YearStart: 2015, YearEnd: 2019, Arthropod: All"
2358,2020-03-29,12:19:21,10.1.50.1,identificationSkills,ArthropodIDGuide.pdf,
2359,2020-03-29,12:20:02,10.1.50.1,identificationSkills,"Dichotomous Keys to Arthropod Orders.pdf",
2360,2020-03-29,15:44:28,10.1.49.1,identificationSkills,"Dichotomous Keys to Arthropod Orders.pdf",
2361,2020-03-29,17:01:58,10.1.50.1,mapsAndGraphs,"Dynamically Generated Map CSV","Comparison Metric: Percent of Surveys, Observation Method: All, Arthropod Group: Caterpillars, Minimum Length (mm): 0, Plant Species: All, Wet Leaves: true, Month Start: 1, Month End: 12, Year Start: 2002, YearEnd: 2020"
2362,2020-03-29,17:19:53,10.1.49.1,dataDownload,"Dynamically Generated CSV","Site: 60, YearStart: 2018, YearEnd: 2019, Arthropod: caterpillar"
2363,2020-03-29,17:57:05,10.1.50.1,dataDownload,"Dynamically Generated CSV","Site: 78, YearStart: 2015, YearEnd: 2019, Arthropod: All"
2364,2020-03-29,20:00:22,10.1.49.1,identificationSkills,ArthropodIDGuide.pdf,
2365,2020-03-29,20:04:21,10.1.51.1,dataDownload,"Dynamically Generated CSV","Site: 78, YearStart: 2015, YearEnd: 2019, Arthropod: caterpillar"
2366,2020-03-29,21:14:38,10.1.50.1,resources,TrainingParticipants.pdf,
2367,2020-03-29,21:14:40,10.1.50.1,resources,ArthropodIDslides.pdf,
2368,2020-03-29,21:14:51,10.1.50.1,resources,"Building A Beat Sheet.pdf",
2369,2020-03-29,21:15:06,10.1.50.1,resources,"Arthropod Food Web lesson plan.pdf",
2370,2020-03-29,21:15:10,10.1.50.1,resources,"Vernal Pool Ruggles 2007.pdf",
2371,2020-03-29,21:15:11,10.1.50.1,resources,MSPhenology.pdf,
2372,2020-03-29,21:15:13,10.1.50.1,resources,"Phenology Across Trophic Levels lesson plan.pdf",
2373,2020-03-29,21:15:24,10.1.50.1,resources,"Data Exploration.pdf",
2374,2020-03-29,23:26:15,10.1.51.1,dataDownload,"Dynamically Generated CSV","Site: All, YearStart: 2017, YearEnd: 2018, Arthropod: caterpillar"
2375,2020-03-29,23:42:52,10.1.49.1,dataDownload,"Dynamically Generated CSV","Site: All, YearStart: 2017, YearEnd: 2018, Arthropod: caterpillar"
2376,2020-03-30,00:33:38,10.1.51.1,dataDownload,"Dynamically Generated CSV","Site: 78, YearStart: 2017, YearEnd: 2018, Arthropod: All"
2377,2020-03-30,01:03:44,10.1.49.1,dataDownload,"Dynamically Generated CSV","Site: 78, YearStart: 2015, YearEnd: 2019, Arthropod: All"
2378,2020-03-30,01:04:25,10.1.49.1,dataDownload,"Dynamically Generated CSV","Site: 174, YearStart: 2019, YearEnd: 2019, Arthropod: All"
2379,2020-03-30,01:50:03,10.1.51.1,identificationSkills/index.html,,
2380,2020-03-30,13:58:07,10.1.51.1,dataDownload,"Dynamically Generated CSV","Site: 78, YearStart: 2015, YearEnd: 2019, Arthropod: caterpillar"
2381,2020-03-30,15:14:31,10.1.49.1,conductASurvey,paperDataSheet.pdf,
2382,2020-03-30,16:13:11,10.1.49.1,mapsAndGraphs,"Dynamically Generated Map CSV","Comparison Metric: Percent of Surveys, Observation Method: All, Arthropod Group: Caterpillars, Minimum Length (mm): 0, Plant Species: All, Wet Leaves: true, Month Start: 1, Month End: 12, Year Start: 2002, YearEnd: 2020"
2383,2020-03-30,17:17:26,10.1.49.1,dataDownload,"Dynamically Generated CSV","Site: 78, YearStart: 2015, YearEnd: 2019, Arthropod: All"
2384,2020-03-30,17:45:49,10.1.49.1,dataDownload,"Dynamically Generated CSV","Site: All, YearStart: 2017, YearEnd: 2018, Arthropod: caterpillar"
2385,2020-03-30,17:46:03,10.1.50.1,dataDownload,"Dynamically Generated CSV","Site: 78, YearStart: 2015, YearEnd: 2019, Arthropod: caterpillar"
2386,2020-03-30,17:50:24,10.1.49.1,dataDownload,"Dynamically Generated CSV","Site: 78, YearStart: 2015, YearEnd: 2019, Arthropod: caterpillar"
2387,2020-03-30,17:55:43,10.1.50.1,identificationSkills,"Dichotomous Keys to Arthropod Orders.pdf",
2388,2020-03-30,17:57:09,10.1.51.1,dataDownload,"Dynamically Generated CSV","Site: 78, YearStart: 2017, YearEnd: 2018, Arthropod: caterpillar"
2389,2020-03-30,18:32:10,10.1.51.1,dataDownload,"Dynamically Generated CSV","Site: 78, YearStart: 2017, YearEnd: 2018, Arthropod: caterpillar"
2390,2020-03-30,18:56:48,10.1.50.1,identificationSkills/index.html,,
2391,2020-03-30,19:14:19,10.1.50.1,identificationSkills,ArthropodIDGuide.pdf,
2392,2020-03-30,19:34:40,10.1.49.1,identificationSkills,ArthropodIDGuide.pdf,
2393,2020-03-30,20:57:14,10.1.49.1,dataDownload,"Dynamically Generated CSV","Site: All, YearStart: 2017, YearEnd: 2018, Arthropod: All"
2394,2020-03-30,21:48:09,10.1.49.1,dataDownload,"Dynamically Generated CSV","Site: 78, YearStart: 2015, YearEnd: 2019, Arthropod: caterpillar"
2395,2020-03-30,22:51:57,10.1.51.1,dataDownload,"Dynamically Generated CSV","Site: 78, YearStart: 2017, YearEnd: 2018, Arthropod: caterpillar"
2396,2020-03-30,23:11:00,10.1.51.1,dataDownload,"Dynamically Generated CSV","Site: 78, YearStart: 2017, YearEnd: 2018, Arthropod: caterpillar"
2397,2020-03-30,23:11:49,10.1.51.1,dataDownload,"Dynamically Generated CSV","Site: 78, YearStart: 2017, YearEnd: 2018, Arthropod: caterpillar"
2398,2020-03-30,23:51:11,10.1.51.1,dataDownload,"Dynamically Generated CSV","Site: 60, YearStart: 2018, YearEnd: 2019, Arthropod: caterpillar"
2399,2020-03-31,00:07:07,10.1.50.1,dataDownload,"Dynamically Generated CSV","Site: All, YearStart: 2017, YearEnd: 2018, Arthropod: caterpillar"
2400,2020-03-31,00:30:08,10.1.50.1,mapsAndGraphs,"Dynamically Generated Map CSV","Comparison Metric: Percent of Surveys, Observation Method: All, Arthropod Group: Caterpillars, Minimum Length (mm): 5, Plant Species: All, Wet Leaves: true, Month Start: 4, Month End: 9, Year Start: 2017, YearEnd: 2018"
2401,2020-03-31,00:53:14,10.1.49.1,identificationSkills,ArthropodIDGuide.pdf,
2402,2020-03-31,01:24:52,10.1.50.1,dataDownload,"Dynamically Generated CSV","Site: All, YearStart: 2002, YearEnd: 2019, Arthropod: caterpillar"
2403,2020-03-31,01:36:22,10.1.49.1,conductASurvey,paperDataSheet.pdf,
2404,2020-03-31,02:02:50,10.1.49.1,identificationSkills,ArthropodIDGuide.pdf,
2405,2020-03-31,02:13:04,10.1.49.1,identificationSkills,ArthropodIDGuide.pdf,
2406,2020-03-31,02:34:42,10.1.49.1,dataDownload,"Dynamically Generated CSV","Site: 78, YearStart: 2015, YearEnd: 2019, Arthropod: caterpillar"
2407,2020-03-31,02:36:07,10.1.49.1,dataDownload,"Dynamically Generated CSV","Site: 91, YearStart: 2020, YearEnd: 2020, Arthropod: caterpillar"
2408,2020-03-31,02:36:27,10.1.49.1,dataDownload,"Dynamically Generated CSV","Site: 91, YearStart: 2020, YearEnd: 2020, Arthropod: caterpillar"
2409,2020-03-31,02:44:23,10.1.51.1,dataDownload,"Dynamically Generated CSV","Site: All, YearStart: 2002, YearEnd: 2019, Arthropod: caterpillar"
2410,2020-03-31,03:24:09,10.1.51.1,identificationSkills,ArthropodIDGuide.pdf,
2411,2020-03-31,03:26:27,10.1.49.1,dataDownload,"Dynamically Generated CSV","Site: All, YearStart: 2002, YearEnd: 2019, Arthropod: caterpillar"
2412,2020-03-31,05:00:33,10.1.49.1,dataDownload,"Dynamically Generated CSV","Site: All, YearStart: 2015, YearEnd: 2015, Arthropod: caterpillar"
2413,2020-03-31,14:08:35,10.1.49.1,dataDownload,"Dynamically Generated CSV","Site: 78, YearStart: 2015, YearEnd: 2015, Arthropod: caterpillar"
2414,2020-03-31,14:20:37,10.1.50.1,dataDownload,"Dynamically Generated CSV","Site: 78, YearStart: 2015, YearEnd: 2015, Arthropod: caterpillar"
2415,2020-03-31,15:53:33,10.1.51.1,identificationSkills,ArthropodIDGuide.pdf,
2416,2020-03-31,16:02:59,10.1.50.1,resources,"Data Exploration.pdf",
2417,2020-03-31,16:49:23,10.1.51.1,mapsAndGraphs,"Dynamically Generated Phenology CSV","Y-Axis: Percent of Surveys, Lines: Caterpillars at UNC Chapel Hill Campus in 2019;"
2418,2020-03-31,18:22:23,10.1.49.1,mapsAndGraphs,"Dynamically Generated Composition CSV","X-Axis: site, Y-Axis: Percent of Arthropods, Sites Included: NC Botanical Garden"
2419,2020-03-31,20:48:08,10.1.50.1,dataDownload,"Dynamically Generated CSV","Site: 78, YearStart: 2015, YearEnd: 2015, Arthropod: caterpillar"
2420,2020-03-31,22:03:48,10.1.50.1,dataDownload,"Dynamically Generated CSV","Site: 78, YearStart: 2015, YearEnd: 2019, Arthropod: All"
2421,2020-03-31,22:32:47,10.1.49.1,identificationSkills,ArthropodIDGuide.pdf,
2422,2020-03-31,22:44:34,10.1.49.1,dataDownload,"Dynamically Generated CSV","Site: All, YearStart: 2017, YearEnd: 2018, Arthropod: caterpillar"
2423,2020-03-31,23:48:59,10.1.49.1,resources,"Data Exploration.pdf",
2424,2020-03-31,23:49:27,10.1.49.1,resources,ManageMySurveysGuide.pdf,
2425,2020-03-31,23:50:18,10.1.49.1,resources,ManageMySurveysGuide.pdf,
2426,2020-04-01,00:03:58,10.1.51.1,identificationSkills/index.html,,
2427,2020-04-01,00:05:10,10.1.51.1,identificationSkills/index.html,,
2428,2020-04-01,00:05:14,10.1.51.1,identificationSkills/index.html,,
2429,2020-04-01,00:07:43,10.1.50.1,dataDownload,"Dynamically Generated CSV","Site: 60, YearStart: 2018, YearEnd: 2019, Arthropod: caterpillar"
2430,2020-04-01,00:15:09,10.1.49.1,dataDownload,"Dynamically Generated CSV","Site: 60, YearStart: 2018, YearEnd: 2019, Arthropod: caterpillar"
2431,2020-04-01,01:17:11,10.1.50.1,dataDownload,"Dynamically Generated CSV","Site: 78, YearStart: 2015, YearEnd: 2015, Arthropod: caterpillar"
2432,2020-04-01,01:57:15,10.1.50.1,mapsAndGraphs,"Dynamically Generated Map CSV","Comparison Metric: Percent of Surveys, Observation Method: All, Arthropod Group: Caterpillars, Minimum Length (mm): 0, Plant Species: All, Wet Leaves: true, Month Start: 1, Month End: 12, Year Start: 2002, YearEnd: 2020"
2433,2020-04-01,02:06:21,10.1.49.1,dataDownload,"Dynamically Generated CSV","Site: All, YearStart: 2015, YearEnd: 2015, Arthropod: caterpillar"
2434,2020-04-01,03:39:52,10.1.51.1,mapsAndGraphs,"Dynamically Generated Phenology CSV","Y-Axis: Percent of Surveys, Lines: Caterpillars at NC Botanical Garden in 2019;"
2435,2020-04-01,14:18:41,10.1.49.1,dataDownload,"Dynamically Generated CSV","Site: All, YearStart: 2015, YearEnd: 2015, Arthropod: caterpillar"
2436,2020-04-01,17:38:36,10.1.50.1,identificationSkills,ArthropodIDGuide.pdf,
2437,2020-04-01,18:31:46,10.1.49.1,conductASurvey,paperDataSheet.pdf,
2438,2020-04-01,19:05:33,10.1.49.1,dataDownload,"Dynamically Generated CSV","Site: 78, YearStart: 2015, YearEnd: 2015, Arthropod: caterpillar"
2439,2020-04-01,20:19:42,10.1.49.1,resources,GettingStarted.pdf,
2440,2020-04-01,20:24:48,10.1.49.1,resources,paperDataSheet.pdf,
2441,2020-04-01,20:24:58,10.1.49.1,resources,"Building A Beat Sheet.pdf",
2442,2020-04-01,20:28:26,10.1.49.1,resources,ManageMySurveysGuide.pdf,
2443,2020-04-01,20:29:58,10.1.49.1,resources,TrainingParticipants.pdf,
2444,2020-04-01,20:31:11,10.1.49.1,resources,ArthropodIDslides.pdf,
2445,2020-04-01,20:37:21,10.1.49.1,resources,ArthropodIDslides.pdf,
2446,2020-04-01,20:37:25,10.1.49.1,resources,VisualSurveyTestBranch.pdf,
2447,2020-04-02,15:16:00,10.1.49.1,resources,"Data Exploration.pdf",
2448,2020-04-02,15:19:48,10.1.49.1,resources,"Data Exploration.pdf",
2449,2020-04-02,16:16:34,10.1.51.1,identificationSkills,ArthropodIDGuide.pdf,
2450,2020-04-02,16:17:30,10.1.51.1,identificationSkills,"Dichotomous Keys to Arthropod Orders.pdf",
2451,2020-04-02,16:18:06,10.1.51.1,identificationSkills,"Dichotomous Keys to Arthropod Orders.pdf",
2452,2020-04-02,17:13:24,10.1.50.1,mapsAndGraphs,"Dynamically Generated Phenology CSV","Y-Axis: Number Per Survey, Lines: Caterpillars at NC Botanical Garden in 2015;"
2453,2020-04-02,18:10:30,10.1.49.1,identificationSkills,ArthropodIDGuide.pdf,
2454,2020-04-02,20:13:13,10.1.50.1,dataDownload,"Dynamically Generated CSV","Site: 169, YearStart: 2020, YearEnd: 2020, Arthropod: All"
2455,2020-04-03,03:08:35,10.1.51.1,dataDownload,"Dynamically Generated CSV","Site: 176, YearStart: 2003, YearEnd: 2018, Arthropod: All"
2456,2020-04-03,15:39:56,10.1.50.1,identificationSkills/index.html,,
2457,2020-04-03,15:41:18,10.1.49.1,dataDownload,"Dynamically Generated CSV","Site: All, YearStart: 2002, YearEnd: 2020, Arthropod: All"
2458,2020-04-03,16:00:30,10.1.49.1,dataDownload,"Dynamically Generated CSV","Site: 78, YearStart: 2015, YearEnd: 2015, Arthropod: caterpillar"
2459,2020-04-03,22:02:06,10.1.51.1,identificationSkills,"Dichotomous Keys to Arthropod Orders.pdf",
2460,2020-04-04,01:04:07,10.1.49.1,identificationSkills,"Dichotomous Keys to Arthropod Orders.pdf",
2461,2020-04-05,13:22:17,10.1.50.1,resources,GettingStarted.pdf,
2462,2020-04-05,18:52:11,10.1.49.1,dataDownload,"Dynamically Generated CSV","Site: All, YearStart: 2002, YearEnd: 2020, Arthropod: All"
2463,2020-04-05,19:04:55,10.1.49.1,dataDownload,"Dynamically Generated CSV","Site: All, YearStart: 2002, YearEnd: 2020, Arthropod: All"
2464,2020-04-05,20:39:06,10.1.49.1,dataDownload,"Dynamically Generated CSV","Site: All, YearStart: 2002, YearEnd: 2020, Arthropod: All"
2465,2020-04-05,20:44:41,10.1.49.1,mapsAndGraphs,"Dynamically Generated Phenology CSV","Y-Axis: Percent of Surveys, Lines: Caterpillars at BBS 27-041-11 in 2010;"
2466,2020-04-05,21:04:08,10.1.49.1,dataDownload,"Dynamically Generated CSV","Site: All, YearStart: 2002, YearEnd: 2020, Arthropod: All"
2467,2020-04-06,00:09:16,10.1.49.1,dataDownload,"Dynamically Generated CSV","Site: All, YearStart: 2002, YearEnd: 2020, Arthropod: All"
2468,2020-04-06,00:18:49,10.1.49.1,identificationSkills/index.html,,
2469,2020-04-06,13:19:18,10.1.49.1,identificationSkills/index.html,,
2470,2020-04-06,13:20:31,10.1.49.1,identificationSkills/index.html,,
2471,2020-04-06,14:11:57,10.1.49.1,conductASurvey,paperDataSheet.pdf,
2472,2020-04-06,14:38:46,10.1.51.1,identificationSkills,ArthropodIDGuide.pdf,
2473,2020-04-06,14:43:55,10.1.51.1,conductASurvey,paperDataSheet.pdf,
2474,2020-04-06,14:57:13,10.1.49.1,dataDownload,"Dynamically Generated CSV","Site: All, YearStart: 2002, YearEnd: 2020, Arthropod: All"
2475,2020-04-06,14:57:41,10.1.51.1,identificationSkills,ArthropodIDGuide.pdf,
2476,2020-04-06,15:19:36,10.1.49.1,identificationSkills,"Dichotomous Keys to Arthropod Orders.pdf",
2477,2020-04-06,15:20:43,10.1.49.1,identificationSkills,ArthropodIDGuide.pdf,
2478,2020-04-07,00:43:37,10.1.50.1,identificationSkills/index.html,,
2479,2020-04-07,03:25:46,10.1.51.1,identificationSkills,"Dichotomous Keys to Arthropod Orders.pdf",
2480,2020-04-07,03:26:17,10.1.51.1,identificationSkills,ArthropodIDGuide.pdf,
2481,2020-04-07,15:15:54,10.1.51.1,identificationSkills/index.html,,
2482,2020-04-07,15:20:02,10.1.51.1,identificationSkills/index.html,,
2483,2020-04-07,15:21:02,10.1.51.1,identificationSkills,ArthropodIDGuide.pdf,
2484,2020-04-07,15:21:54,10.1.51.1,identificationSkills,ArthropodIDGuide.pdf,
2485,2020-04-07,15:22:04,10.1.51.1,identificationSkills,ArthropodIDGuide.pdf,
2486,2020-04-07,19:08:33,10.1.51.1,identificationSkills,"Dichotomous Keys to Arthropod Orders.pdf",
2487,2020-04-07,19:09:08,10.1.51.1,identificationSkills,ArthropodIDGuide.pdf,
2488,2020-04-08,06:04:59,10.1.51.1,identificationSkills/index.html,,
2489,2020-04-08,06:08:51,10.1.51.1,identificationSkills/index.html,,
2490,2020-04-08,06:11:44,10.1.51.1,identificationSkills/index.html,,
2491,2020-04-08,10:34:31,10.1.50.1,identificationSkills,"Dichotomous Keys to Arthropod Orders.pdf",
2492,2020-04-08,20:18:24,10.1.50.1,resources,TrainingParticipants.pdf,
2493,2020-04-08,21:25:25,10.1.51.1,identificationSkills/index.html,,
2494,2020-04-09,01:06:20,10.1.50.1,identificationSkills,"Dichotomous Keys to Arthropod Orders.pdf",
2495,2020-04-09,05:34:59,10.1.50.1,identificationSkills,ArthropodIDGuide.pdf,
2496,2020-04-09,05:35:32,10.1.50.1,identificationSkills,"Dichotomous Keys to Arthropod Orders.pdf",
2497,2020-04-09,19:29:28,10.1.51.1,resources,GettingStarted.pdf,
2498,2020-04-09,19:40:02,10.1.50.1,identificationSkills/index.html,,
2499,2020-04-09,20:08:24,10.1.51.1,resources,VisualSurveyTestBranch.pdf,
2500,2020-04-10,12:03:40,10.1.49.1,identificationSkills/index.html,,
2501,2020-04-10,15:12:09,10.1.51.1,resources,ArthropodIDslides.pdf,
2502,2020-04-10,15:13:34,10.1.51.1,identificationSkills,"Dichotomous Keys to Arthropod Orders.pdf",
2503,2020-04-10,15:16:13,10.1.51.1,resources,TrainingParticipants.pdf,
2504,2020-04-10,15:16:32,10.1.51.1,resources,GettingStarted.pdf,
2505,2020-04-11,10:09:30,10.1.49.1,conductASurvey,paperDataSheet.pdf,
2506,2020-04-11,10:21:37,10.1.49.1,,,
2507,2020-04-11,10:37:33,10.1.49.1,resources,GettingStarted.pdf,
2508,2020-04-11,19:56:36,10.1.49.1,dataDownload/newDownloadPage.php,"Dynamically Generated CSV","Site: 182, YearStart: 2018, YearEnd: 2019, Arthropod: All"
2509,2020-04-11,20:06:40,10.1.49.1,dataDownload/newDownloadPage.php,"Dynamically Generated CSV","Site: 182, YearStart: 2018, YearEnd: 2019, Arthropod: All"
2510,2020-04-11,20:27:57,10.1.49.1,dataDownload/newDownloadPage.php,"Dynamically Generated CSV","Site: 182, YearStart: 2018, YearEnd: 2019, Arthropod: All"
2511,2020-04-11,20:47:19,10.1.49.1,dataDownload,"Dynamically Generated CSV","Site: 182, YearStart: 2018, YearEnd: 2019, Arthropod: All"
2512,2020-04-11,21:20:44,10.1.50.1,dataDownload,"Dynamically Generated CSV","Site: All, YearStart: 2020, YearEnd: 2020, Arthropod: All"
2513,2020-04-11,22:27:34,10.1.49.1,mapsAndGraphs/withZips.html,"Dynamically Generated Map CSV","Comparison Metric: Percent of Surveys, Observation Method: All, Arthropod Group: Caterpillars, Minimum Length (mm): 0, Plant Species: All, Wet Leaves: true, Month Start: 1, Month End: 12, Year Start: 2002, YearEnd: 2020"
2514,2020-04-11,23:07:21,10.1.49.1,mapsAndGraphs/withZips.html,"Dynamically Generated Phenology CSV","Y-Axis: Percent of Surveys, Lines: Caterpillars at EwA at the Fells in 2019;"
2515,2020-04-11,23:07:30,10.1.49.1,mapsAndGraphs/withZips.html,"Dynamically Generated Composition CSV","X-Axis: site, Y-Axis: Percent of Arthropods, Sites Included: EwA at the Fells"
2516,2020-04-12,15:03:12,10.1.50.1,conductASurvey,paperDataSheet.pdf,
2517,2020-04-12,17:24:29,10.1.50.1,identificationSkills/index.html,,
2518,2020-04-12,18:40:32,10.1.50.1,identificationSkills/index.html,,
2519,2020-04-12,20:07:18,10.1.49.1,mapsAndGraphs/withZips.html,"Dynamically Generated Composition CSV","X-Axis: site, Y-Axis: Percent of Arthropods, Sites Included: BBS 27-041-11"
2520,2020-04-12,20:11:53,10.1.49.1,mapsAndGraphs/withZips.html,"Dynamically Generated Composition CSV","X-Axis: site, Y-Axis: Percent of Arthropods, Sites Included: BBS 27-041-11, Acadia NP - Alder"
2521,2020-04-12,20:21:36,10.1.49.1,mapsAndGraphs/withZips.html,"Dynamically Generated Phenology CSV","Y-Axis: Percent of Surveys, Lines:"
2522,2020-04-12,20:31:28,10.1.49.1,mapsAndGraphs/withZips.html,"Dynamically Generated Phenology CSV","Y-Axis: Percent of Surveys, Lines: All arthropods at Appalachian State University in 2019; All arthropods at Appalachian State University in 2019;"
2523,2020-04-12,21:07:12,10.1.50.1,conductASurvey,paperDataSheet.pdf,
2524,2020-04-12,21:08:29,10.1.49.1,mapsAndGraphs/withZips.html,"Dynamically Generated Phenology CSV","Y-Axis: Percent of Surveys, Lines: Caterpillars at Prairie Ridge Ecostation in 2019;"
2525,2020-04-12,21:09:44,10.1.49.1,mapsAndGraphs/withZips.html,"Dynamically Generated Phenology CSV","Y-Axis: Percent of Surveys, Lines: Caterpillars at Prairie Ridge Ecostation in 2019; Aphids and psyllids at Acadia NP - Alder in 2017;"
2526,2020-04-12,21:10:50,10.1.49.1,mapsAndGraphs/withZips.html,"Dynamically Generated Phenology CSV","Y-Axis: Percent of Surveys, Lines: Caterpillars at Prairie Ridge Ecostation in 2019; Aphids and psyllids at Acadia NP - Alder in 2017; All arthropods at Prairie Ridge Ecostation in 2015;"
2527,2020-04-12,21:14:38,10.1.49.1,mapsAndGraphs/withZips.html,"Dynamically Generated Phenology CSV","Y-Axis: Percent of Surveys, Lines:"
2528,2020-04-12,21:24:34,10.1.49.1,mapsAndGraphs/withZips.html,"Dynamically Generated Map CSV","Comparison Metric: Percent of Surveys, Observation Method: All, Arthropod Group: Caterpillars, Minimum Length (mm): 0, Plant Species: All, Wet Leaves: true, Month Start: 1, Month End: 12, Year Start: 2002, YearEnd: 2020"
2529,2020-04-12,21:24:52,10.1.49.1,mapsAndGraphs/withZips.html,"Dynamically Generated Map CSV","Comparison Metric: Number per Survey, Observation Method: All, Arthropod Group: Caterpillars, Minimum Length (mm): 0, Plant Species: All, Wet Leaves: true, Month Start: 1, Month End: 12, Year Start: 2002, YearEnd: 2020"
2530,2020-04-12,21:25:09,10.1.49.1,mapsAndGraphs/withZips.html,"Dynamically Generated Map CSV","Comparison Metric: Biomass per Survey, Observation Method: All, Arthropod Group: Caterpillars, Minimum Length (mm): 0, Plant Species: All, Wet Leaves: true, Month Start: 1, Month End: 12, Year Start: 2002, YearEnd: 2020"
2531,2020-04-12,21:29:34,10.1.49.1,mapsAndGraphs/withZips.html,"Dynamically Generated Map CSV","Comparison Metric: Biomass per Survey, Observation Method: Visual, Arthropod Group: Caterpillars, Minimum Length (mm): 0, Plant Species: All, Wet Leaves: true, Month Start: 1, Month End: 12, Year Start: 2002, YearEnd: 2020"
2532,2020-04-12,21:29:50,10.1.49.1,mapsAndGraphs/withZips.html,"Dynamically Generated Map CSV","Comparison Metric: Biomass per Survey, Observation Method: Beat Sheet, Arthropod Group: Caterpillars, Minimum Length (mm): 0, Plant Species: All, Wet Leaves: true, Month Start: 1, Month End: 12, Year Start: 2002, YearEnd: 2020"
2533,2020-04-12,22:12:07,10.1.49.1,mapsAndGraphs/withZips.html,"Dynamically Generated Map CSV","Comparison Metric: Percent of Surveys, Observation Method: All, Arthropod Group: All Arthropods, Minimum Length (mm): 0, Plant Species: All, Wet Leaves: false, Month Start: 1, Month End: 12, Year Start: 2002, YearEnd: 2020"
2534,2020-04-12,22:12:48,10.1.49.1,mapsAndGraphs/withZips.html,"Dynamically Generated Map CSV","Comparison Metric: Percent of Surveys, Observation Method: All, Arthropod Group: Caterpillars, Minimum Length (mm): 0, Plant Species: All, Wet Leaves: true, Month Start: 1, Month End: 12, Year Start: 2002, YearEnd: 2020"
2535,2020-04-12,22:14:47,10.1.49.1,mapsAndGraphs/withZips.html,"Dynamically Generated Map CSV","Comparison Metric: Percent of Surveys, Observation Method: All, Arthropod Group: Caterpillars, Minimum Length (mm): 0, Plant Species: All, Wet Leaves: true, Month Start: 5, Month End: 11, Year Start: 2011, YearEnd: 2017"
2536,2020-04-12,22:24:40,10.1.49.1,mapsAndGraphs,"Dynamically Generated Phenology CSV","Y-Axis: Percent of Surveys, Lines: Caterpillars at Environmental Sciences Magnet School in 2017;"
2537,2020-04-13,02:47:46,10.1.49.1,resources,ManageMySurveysGuide.pdf,
2538,2020-04-13,11:04:09,10.1.49.1,mapsAndGraphs,"Dynamically Generated Phenology CSV","Y-Axis: Percent of Surveys, Lines: Caterpillars at Columbus Botanical Garden in 2019; Caterpillars at Columbus Botanical Garden in 2019; Caterpillars at Columbus Botanical Garden in 2019;"
2539,2020-04-13,12:31:44,10.1.49.1,mapsAndGraphs,"Dynamically Generated Map CSV","Comparison Metric: Percent of Surveys, Observation Method: All, Arthropod Group: Caterpillars, Minimum Length (mm): 0, Plant Species: All, Wet Leaves: true, Month Start: 1, Month End: 12, Year Start: 2002, YearEnd: 2020"
2540,2020-04-13,12:35:34,10.1.50.1,identificationSkills,ArthropodIDGuide.pdf,
2541,2020-04-13,14:12:03,10.1.49.1,resources,VisualSurveyTestBranch.pdf,
2542,2020-04-13,14:41:37,10.1.50.1,identificationSkills/index.html,,
2543,2020-04-13,14:52:21,10.1.50.1,identificationSkills/index.html,,
2544,2020-04-13,15:41:56,10.1.50.1,identificationSkills/index.html,,
2545,2020-04-13,19:11:33,10.1.49.1,dataDownload,"Dynamically Generated CSV","Site: 52, YearStart: 2017, YearEnd: 2019, Arthropod: All"
2546,2020-04-13,19:43:38,10.1.50.1,identificationSkills,"Dichotomous Keys to Arthropod Orders.pdf",
2547,2020-04-13,20:16:15,10.1.51.1,identificationSkills,"Dichotomous Keys to Arthropod Orders.pdf",
2548,2020-04-13,22:27:14,10.1.51.1,conductASurvey,paperDataSheet.pdf,
2549,2020-04-14,06:35:49,10.1.49.1,identificationSkills,"Dichotomous Keys to Arthropod Orders.pdf",
2550,2020-04-14,14:51:09,10.1.49.1,identificationSkills/index.html,,
2551,2020-04-14,15:00:35,10.1.49.1,identificationSkills/index.html,,
2552,2020-04-14,18:43:07,10.1.49.1,identificationSkills/index.html,,
2553,2020-04-14,18:43:48,10.1.49.1,identificationSkills/index.html,,
2554,2020-04-14,18:43:48,10.1.49.1,identificationSkills/index.html,,
2555,2020-04-14,18:44:48,10.1.49.1,identificationSkills/index.html,,
2556,2020-04-14,19:03:54,10.1.49.1,identificationSkills/index.html,,
2557,2020-04-14,19:20:54,10.1.49.1,identificationSkills/index.html,,
2558,2020-04-14,19:22:05,10.1.49.1,identificationSkills/index.html,,
2559,2020-04-14,20:06:36,10.1.49.1,identificationSkills,ArthropodIDGuide.pdf,
2560,2020-04-14,20:32:25,10.1.49.1,identificationSkills/index.html,,
2561,2020-04-14,20:58:41,10.1.49.1,identificationSkills/index.html,,
2562,2020-04-14,21:33:37,10.1.50.1,resources,GettingStarted.pdf,
2563,2020-04-14,21:38:17,10.1.49.1,conductASurvey,paperDataSheet.pdf,
2564,2020-04-14,21:50:15,10.1.49.1,identificationSkills,"Dichotomous Keys to Arthropod Orders.pdf",
2565,2020-04-14,21:55:49,10.1.49.1,identificationSkills,ArthropodIDGuide.pdf,
2566,2020-04-14,22:55:17,10.1.50.1,identificationSkills/index.html,,
2567,2020-04-14,22:56:25,10.1.50.1,identificationSkills/index.html,,
2568,2020-04-15,03:06:52,10.1.50.1,faq,ArthropodIDGuide.pdf,
2569,2020-04-15,05:37:18,10.1.51.1,identificationSkills/index.html,,
2570,2020-04-15,11:42:25,10.1.50.1,identificationSkills,ArthropodIDGuide.pdf,
2571,2020-04-15,11:42:58,10.1.50.1,identificationSkills,ArthropodIDGuide.pdf,
2572,2020-04-15,14:29:55,10.1.49.1,resources,Caterpillars.pdf,
2573,2020-04-15,14:31:00,10.1.49.1,resources,BugBlitz_ProjectInfo.pdf,
2574,2020-04-15,14:40:11,10.1.49.1,resources,"Vernal Pool Ruggles 2007.pdf",
2575,2020-04-15,14:40:51,10.1.49.1,resources,MSPhenology.pdf,
2576,2020-04-15,20:35:01,10.1.49.1,conductASurvey,paperDataSheet.pdf,
2577,2020-04-15,20:40:09,10.1.49.1,identificationSkills,ArthropodIDGuide.pdf,
2578,2020-04-15,20:40:42,10.1.49.1,identificationSkills,"Dichotomous Keys to Arthropod Orders.pdf",
2579,2020-04-15,20:41:17,10.1.49.1,identificationSkills,ArthropodIDGuide.pdf,
2580,2020-04-15,20:41:59,10.1.49.1,identificationSkills,ArthropodIDGuide.pdf,
2581,2020-04-16,00:39:17,10.1.50.1,identificationSkills/index.html,,
2582,2020-04-16,14:24:52,10.1.51.1,identificationSkills/index.html,,
2583,2020-04-16,14:25:05,10.1.51.1,identificationSkills/index.html,,
2584,2020-04-16,14:25:27,10.1.51.1,identificationSkills/index.html,,
2585,2020-04-16,16:57:23,10.1.50.1,resources,"Building A Beat Sheet.pdf",
2586,2020-04-16,17:00:52,10.1.50.1,resources,MobileAppManual.pdf,
2587,2020-04-16,17:03:04,10.1.50.1,identificationSkills,ArthropodIDGuide.pdf,
2588,2020-04-16,17:16:59,10.1.50.1,identificationSkills,"Dichotomous Keys to Arthropod Orders.pdf",
2589,2020-04-16,17:31:07,10.1.50.1,identificationSkills,ArthropodIDGuide.pdf,
2590,2020-04-16,17:31:36,10.1.50.1,resources,MobileAppManual.pdf,
2591,2020-04-17,02:32:41,10.1.50.1,identificationSkills/index.html,,
2592,2020-04-17,02:32:43,10.1.50.1,identificationSkills/index.html,,
2593,2020-04-17,05:39:42,10.1.49.1,identificationSkills/index.html,,
2594,2020-04-17,18:45:48,10.1.50.1,identificationSkills/index.html,,
2595,2020-04-17,18:46:45,10.1.50.1,identificationSkills/index.html,,
2596,2020-04-17,18:52:40,10.1.50.1,resources,"Building A Beat Sheet.pdf",
2597,2020-04-17,18:53:13,10.1.50.1,resources,paperDataSheet.pdf,
2598,2020-04-17,19:00:37,10.1.50.1,resources,VisualSurveyTestBranch.pdf,
2599,2020-04-17,19:01:50,10.1.50.1,resources,MobileAppManual.pdf,
2600,2020-04-17,19:02:17,10.1.50.1,resources,TrainingParticipants.pdf,
2601,2020-04-17,19:02:43,10.1.50.1,resources,GettingStarted.pdf,
2602,2020-04-17,19:49:59,10.1.51.1,identificationSkills,ArthropodIDGuide.pdf,
2603,2020-04-18,18:31:27,10.1.49.1,identificationSkills,"Dichotomous Keys to Arthropod Orders.pdf",
2604,2020-04-19,21:23:34,10.1.49.1,identificationSkills,"Dichotomous Keys to Arthropod Orders.pdf",
2605,2020-04-20,15:47:00,10.1.50.1,identificationSkills,"Dichotomous Keys to Arthropod Orders.pdf",
2606,2020-04-21,16:05:01,10.1.49.1,resources,VisualSurveyTestBranch.pdf,
2607,2020-04-21,17:05:47,10.1.51.1,identificationSkills,ArthropodIDGuide.pdf,
2608,2020-04-21,17:15:56,10.1.50.1,identificationSkills,ArthropodIDGuide.pdf,
2609,2020-04-21,17:24:25,10.1.50.1,identificationSkills,ArthropodIDGuide.pdf,
2610,2020-04-21,17:25:01,10.1.50.1,identificationSkills,ArthropodIDGuide.pdf,
2611,2020-04-21,17:25:08,10.1.50.1,identificationSkills,"Dichotomous Keys to Arthropod Orders.pdf",
2612,2020-04-21,17:30:15,10.1.50.1,identificationSkills,"Dichotomous Keys to Arthropod Orders.pdf",
2613,2020-04-21,17:39:18,10.1.50.1,resources,MobileAppManual.pdf,
2614,2020-04-21,17:39:37,10.1.50.1,resources,GettingStarted.pdf,
2615,2020-04-21,17:41:38,10.1.50.1,resources,GettingStarted.pdf,
2616,2020-04-21,17:42:39,10.1.50.1,resources,TrainingParticipants.pdf,
2617,2020-04-21,18:26:59,10.1.50.1,conductASurvey,paperDataSheet.pdf,
2618,2020-04-21,18:32:19,10.1.50.1,identificationSkills/index.html,,
2619,2020-04-21,18:33:36,10.1.50.1,identificationSkills/index.html,,
2620,2020-04-21,21:01:38,10.1.51.1,identificationSkills,ArthropodIDGuide.pdf,
2621,2020-04-22,00:42:36,10.1.51.1,identificationSkills,ArthropodIDGuide.pdf,
2622,2020-04-22,19:31:36,10.1.50.1,conductASurvey,paperDataSheet.pdf,
2623,2020-04-22,20:33:33,10.1.49.1,identificationSkills/index.html,,
2624,2020-04-22,20:33:39,10.1.49.1,identificationSkills/index.html,,
2625,2020-04-23,01:49:00,10.1.50.1,identificationSkills/index.html,,
2626,2020-04-23,01:50:33,10.1.50.1,identificationSkills/index.html,,
2627,2020-04-23,12:21:05,10.1.49.1,conductASurvey,paperDataSheet.pdf,
2628,2020-04-23,12:27:31,10.1.49.1,resources,VisualSurveyTestBranch.pdf,
2629,2020-04-23,14:18:36,10.1.49.1,resources,MobileAppManual.pdf,
2630,2020-04-23,14:18:41,10.1.49.1,resources,MobileAppManual.pdf,
2631,2020-04-23,14:18:48,10.1.49.1,resources,VisualSurveyTestBranch.pdf,
2632,2020-04-23,16:06:42,10.1.49.1,identificationSkills,"Dichotomous Keys to Arthropod Orders.pdf",
2633,2020-04-23,19:35:31,10.1.50.1,resources,"Data Exploration.pdf",
2634,2020-04-23,19:36:07,10.1.50.1,resources,"Arthropod Food Web lesson plan.pdf",
2635,2020-04-23,19:36:39,10.1.50.1,resources,"Vernal Pool Ruggles 2007.pdf",
2636,2020-04-23,22:06:50,10.1.50.1,resources,"Building A Beat Sheet.pdf",
2637,2020-04-24,16:27:06,10.1.51.1,resources,GettingStarted.pdf,
2638,2020-04-24,16:27:50,10.1.51.1,resources,TrainingParticipants.pdf,
2639,2020-04-24,16:32:09,10.1.51.1,resources,BugBlitz_ProjectInfo.pdf,
2640,2020-04-24,16:33:11,10.1.51.1,resources,Caterpillars.pdf,
2641,2020-04-24,18:58:32,10.1.51.1,resources,TrainingParticipants.pdf,
2642,2020-04-24,21:50:07,10.1.50.1,resources,"Building A Beat Sheet.pdf",
2643,2020-04-25,14:49:41,10.1.50.1,identificationSkills/index.html,,
2644,2020-04-25,21:35:04,10.1.49.1,identificationSkills/index.html,,
2645,2020-04-25,21:35:40,10.1.49.1,identificationSkills/index.html,,
2646,2020-04-26,17:35:10,10.1.49.1,identificationSkills,ArthropodIDGuide.pdf,
2647,2020-04-27,22:33:58,10.1.51.1,resources,VisualSurveyTestBranch.pdf,
2648,2020-04-27,22:39:08,10.1.51.1,resources,MobileAppManual.pdf,
2649,2020-04-27,22:39:26,10.1.51.1,resources,"Building A Beat Sheet.pdf",
2650,2020-04-27,23:38:45,10.1.50.1,resources,ManageMySurveysGuide.pdf,
2651,2020-04-27,23:57:33,10.1.51.1,resources,MobileAppManual.pdf,
2652,2020-04-27,23:58:17,10.1.51.1,resources,GettingStarted.pdf,
2653,2020-04-28,00:33:16,10.1.49.1,resources,"Arthropod Food Web lesson plan.pdf",
2654,2020-04-28,07:18:24,10.1.49.1,resources,GettingStarted.pdf,
2655,2020-04-28,07:19:45,10.1.49.1,resources,GettingStarted.pdf,
2656,2020-04-28,19:11:48,10.1.51.1,identificationSkills,"Dichotomous Keys to Arthropod Orders.pdf",
2657,2020-04-29,03:18:56,10.1.50.1,conductASurvey,paperDataSheet.pdf,
2658,2020-04-29,03:26:40,10.1.50.1,identificationSkills,"Dichotomous Keys to Arthropod Orders.pdf",
2659,2020-04-29,03:27:29,10.1.50.1,identificationSkills,ArthropodIDGuide.pdf,
2660,2020-04-29,03:43:45,10.1.50.1,resources,"Building A Beat Sheet.pdf",
2661,2020-04-29,10:00:59,10.1.50.1,,paperDataSheet.pdf,
2662,2020-04-29,10:01:01,10.1.49.1,,ArthropodIDGuide.pdf,
2663,2020-04-29,10:01:04,10.1.49.1,,ArthropodIDGuide.pdf,
2664,2020-04-29,10:01:04,10.1.50.1,,ArthropodIDGuide.pdf,
2665,2020-04-29,10:01:09,10.1.49.1,,ArthropodIDGuide.pdf,
2666,2020-04-29,12:13:33,10.1.51.1,identificationSkills,ArthropodIDGuide.pdf,
2667,2020-04-29,13:07:07,10.1.50.1,identificationSkills/index.html,,
2668,2020-04-29,13:07:51,10.1.50.1,identificationSkills/index.html,,
2669,2020-04-29,13:08:01,10.1.50.1,identificationSkills/index.html,,
2670,2020-04-29,17:15:22,10.1.49.1,identificationSkills,ArthropodIDGuide.pdf,
2671,2020-04-29,17:39:03,10.1.51.1,resources,ArthropodIDslides.pdf,
2672,2020-04-29,18:09:44,10.1.51.1,identificationSkills,ArthropodIDGuide.pdf,
2673,2020-04-29,18:10:48,10.1.51.1,identificationSkills,ArthropodIDGuide.pdf,
2674,2020-04-29,18:10:59,10.1.51.1,identificationSkills,"Dichotomous Keys to Arthropod Orders.pdf",
2675,2020-04-29,18:17:22,10.1.51.1,identificationSkills,ArthropodIDGuide.pdf,
2676,2020-04-29,18:18:25,10.1.51.1,identificationSkills,"Dichotomous Keys to Arthropod Orders.pdf",
2677,2020-04-29,18:40:49,10.1.51.1,resources,ArthropodIDslides.pdf,
2678,2020-04-29,18:43:33,10.1.51.1,identificationSkills,"Dichotomous Keys to Arthropod Orders.pdf",
2679,2020-04-29,19:01:24,10.1.51.1,identificationSkills,ArthropodIDGuide.pdf,
2680,2020-04-29,21:42:02,10.1.51.1,identificationSkills/index.html,,
2681,2020-04-29,21:46:06,10.1.50.1,resources,paperDataSheet.pdf,
2682,2020-04-30,12:37:36,10.1.51.1,identificationSkills,ArthropodIDGuide.pdf,
2683,2020-04-30,19:12:09,10.1.51.1,identificationSkills,ArthropodIDGuide.pdf,
2684,2020-04-30,20:38:23,10.1.51.1,identificationSkills,ArthropodIDGuide.pdf,
2685,2020-05-01,15:43:12,10.1.49.1,identificationSkills,ArthropodIDGuide.pdf,
2686,2020-05-01,15:43:48,10.1.49.1,identificationSkills,ArthropodIDGuide.pdf,
2687,2020-05-01,15:44:01,10.1.49.1,identificationSkills,ArthropodIDGuide.pdf,
2688,2020-05-01,19:13:05,10.1.49.1,identificationSkills,ArthropodIDGuide.pdf,
2689,2020-05-01,19:18:46,10.1.51.1,identificationSkills/index.html,,
2690,2020-05-02,15:37:45,10.1.50.1,identificationSkills/index.html,,
2691,2020-05-02,18:14:39,10.1.50.1,resources,GettingStarted.pdf,
2692,2020-05-02,18:17:29,10.1.50.1,resources,TrainingParticipants.pdf,
2693,2020-05-02,23:24:22,10.1.49.1,identificationSkills/index.html,,
2694,2020-05-03,17:23:22,10.1.50.1,resources,MobileAppManual.pdf,
2695,2020-05-03,17:24:14,10.1.50.1,resources,MobileAppManual.pdf,
2696,2020-05-03,17:24:21,10.1.50.1,resources,VisualSurveyTestBranch.pdf,
2697,2020-05-04,14:13:56,10.1.50.1,resources,VisualSurveyTestBranch.pdf,
2698,2020-05-04,14:40:47,10.1.50.1,resources,ArthropodIDslides.pdf,
2699,2020-05-04,14:42:01,10.1.50.1,resources,GettingStarted.pdf,
2700,2020-05-04,14:42:55,10.1.50.1,resources,TrainingParticipants.pdf,
2701,2020-05-04,15:02:58,10.1.49.1,identificationSkills/index.html,,
2702,2020-05-04,15:03:24,10.1.49.1,identificationSkills/index.html,,
2703,2020-05-04,17:37:00,10.1.50.1,identificationSkills,ArthropodIDGuide.pdf,
2704,2020-05-04,17:37:30,10.1.50.1,resources,ArthropodIDslides.pdf,
2705,2020-05-04,23:07:24,10.1.49.1,resources,ArthropodIDslides.pdf,
2706,2020-05-04,23:15:41,10.1.49.1,resources,ArthropodIDslides.pdf,
2707,2020-05-04,23:15:55,10.1.49.1,resources,GettingStarted.pdf,
2708,2020-05-04,23:16:14,10.1.49.1,resources,GettingStarted.pdf,
2709,2020-05-04,23:16:39,10.1.49.1,resources,TrainingParticipants.pdf,
2710,2020-05-05,00:09:17,10.1.51.1,identificationSkills/index.html,,
2711,2020-05-05,00:10:25,10.1.51.1,identificationSkills/index.html,,
2712,2020-05-05,13:30:49,10.1.50.1,conductASurvey,paperDataSheet.pdf,
2713,2020-05-05,21:06:38,10.1.49.1,dataDownload,"Dynamically Generated CSV","Site: 93, YearStart: 2018, YearEnd: 2019, Arthropod: All"
2714,2020-05-05,22:26:52,10.1.49.1,identificationSkills,ArthropodIDGuide.pdf,
2715,2020-05-06,10:00:01,10.1.50.1,identificationSkills,"Dichotomous Keys to Arthropod Orders.pdf",
2716,2020-05-06,11:26:30,10.1.51.1,identificationSkills,ArthropodIDGuide.pdf,
2717,2020-05-07,01:03:05,10.1.50.1,identificationSkills,ArthropodIDGuide.pdf,
2718,2020-05-07,01:23:06,10.1.51.1,identificationSkills,ArthropodIDGuide.pdf,
2719,2020-05-07,19:33:42,10.1.51.1,identificationSkills,ArthropodIDGuide.pdf,
2720,2020-05-07,19:34:28,10.1.51.1,conductASurvey,paperDataSheet.pdf,
2721,2020-05-07,19:35:54,10.1.51.1,resources,GettingStarted.pdf,
2722,2020-05-07,19:36:26,10.1.51.1,resources,ArthropodIDslides.pdf,
2723,2020-05-08,10:01:17,10.1.49.1,,ArthropodIDGuide.pdf,
2724,2020-05-08,18:23:06,10.1.49.1,conductASurvey,paperDataSheet.pdf,
2725,2020-05-08,19:43:03,10.1.51.1,identificationSkills/index.html,,
2726,2020-05-08,22:02:21,10.1.50.1,identificationSkills,ArthropodIDGuide.pdf,
2727,2020-05-08,22:03:10,10.1.50.1,identificationSkills,"Dichotomous Keys to Arthropod Orders.pdf",
2728,2020-05-09,00:17:41,10.1.49.1,conductASurvey,paperDataSheet.pdf,
2729,2020-05-09,00:44:29,10.1.50.1,identificationSkills/index.html,,
2730,2020-05-09,01:17:21,10.1.49.1,dataDownload,"Dynamically Generated CSV","Site: All, YearStart: 2002, YearEnd: 2020, Arthropod: caterpillar"
2731,2020-05-10,14:44:11,10.1.51.1,identificationSkills,ArthropodIDGuide.pdf,
2732,2020-05-10,14:52:45,10.1.51.1,resources,ArthropodIDslides.pdf,
2733,2020-05-10,14:54:08,10.1.51.1,identificationSkills,"Dichotomous Keys to Arthropod Orders.pdf",
2734,2020-05-11,15:37:08,10.1.51.1,conductASurvey,paperDataSheet.pdf,
2735,2020-05-11,16:12:17,10.1.51.1,identificationSkills,ArthropodIDGuide.pdf,
2736,2020-05-11,19:54:13,10.1.49.1,identificationSkills/index.html,,
2737,2020-05-12,08:40:43,10.1.50.1,identificationSkills/index.html,,
2738,2020-05-12,18:30:58,10.1.50.1,identificationSkills/index.html,,
2739,2020-05-12,18:33:53,10.1.50.1,identificationSkills/index.html,,
2740,2020-05-12,18:34:24,10.1.50.1,identificationSkills/index.html,,
2741,2020-05-12,21:31:59,10.1.51.1,identificationSkills,"Dichotomous Keys to Arthropod Orders.pdf",
2742,2020-05-12,21:32:47,10.1.51.1,identificationSkills,"Dichotomous Keys to Arthropod Orders.pdf",
2743,2020-05-12,22:02:41,10.1.51.1,resources,"Data Exploration.pdf",
2744,2020-05-12,22:10:16,10.1.51.1,resources,"Data Exploration.pdf",
2745,2020-05-12,22:29:18,10.1.51.1,resources,"Data Exploration.pdf",
2746,2020-05-12,22:30:36,10.1.51.1,dataDownload,"Dynamically Generated CSV","Site: 187, YearStart: 2020, YearEnd: 2020, Arthropod: beetle"
2747,2020-05-12,22:32:19,10.1.51.1,dataDownload,"Dynamically Generated CSV","Site: 187, YearStart: 2020, YearEnd: 2020, Arthropod: All"
2748,2020-05-12,22:48:54,10.1.50.1,identificationSkills,ArthropodIDGuide.pdf,
2749,2020-05-12,22:50:25,10.1.50.1,identificationSkills,ArthropodIDGuide.pdf,
2750,2020-05-12,22:54:10,10.1.51.1,resources,GettingStarted.pdf,
2751,2020-05-12,22:54:53,10.1.51.1,resources,"Data Exploration.pdf",
2752,2020-05-12,22:56:07,10.1.51.1,resources,TrainingParticipants.pdf,
2753,2020-05-12,22:56:24,10.1.51.1,resources,GettingStarted.pdf,
2754,2020-05-12,23:24:36,10.1.50.1,identificationSkills,ArthropodIDGuide.pdf,
2755,2020-05-13,14:20:29,10.1.49.1,resources,GettingStarted.pdf,
2756,2020-05-13,14:21:04,10.1.49.1,resources,TrainingParticipants.pdf,
2757,2020-05-13,14:23:41,10.1.49.1,resources,ArthropodIDslides.pdf,
2758,2020-05-13,17:54:49,10.1.50.1,identificationSkills/index.html,,
2759,2020-05-14,10:04:56,10.1.50.1,identificationSkills/index.html,,
2760,2020-05-14,14:02:50,10.1.49.1,identificationSkills,ArthropodIDGuide.pdf,
2761,2020-05-14,15:38:41,10.1.50.1,identificationSkills,"Dichotomous Keys to Arthropod Orders.pdf",
2762,2020-05-14,17:02:59,10.1.50.1,conductASurvey,paperDataSheet.pdf,
2763,2020-05-14,21:27:38,10.1.50.1,identificationSkills/index.html,,
2764,2020-05-14,21:27:57,10.1.50.1,identificationSkills/index.html,,
2765,2020-05-14,22:04:54,10.1.49.1,identificationSkills,"Dichotomous Keys to Arthropod Orders.pdf",
2766,2020-05-14,22:35:04,10.1.50.1,identificationSkills/index.html,,
2767,2020-05-14,22:40:07,10.1.50.1,identificationSkills/index.html,,
2768,2020-05-14,22:40:14,10.1.50.1,identificationSkills/index.html,,
2769,2020-05-15,03:19:30,10.1.49.1,identificationSkills,ArthropodIDGuide.pdf,
2770,2020-05-15,12:02:24,10.1.50.1,identificationSkills/index.html,,
2771,2020-05-15,13:15:55,10.1.50.1,identificationSkills/index.html,,
2772,2020-05-15,13:56:10,10.1.51.1,identificationSkills/index.html,,
2773,2020-05-15,15:44:53,10.1.51.1,resources,GettingStarted.pdf,
2774,2020-05-15,17:33:08,10.1.51.1,identificationSkills,"Dichotomous Keys to Arthropod Orders.pdf",
2775,2020-05-15,19:35:16,10.1.50.1,resources,GettingStarted.pdf,
2776,2020-05-15,19:36:32,10.1.50.1,resources,TrainingParticipants.pdf,
2777,2020-05-15,19:39:06,10.1.50.1,resources,"Building A Beat Sheet.pdf",
2778,2020-05-15,19:43:47,10.1.50.1,resources,TrainingParticipants.pdf,
2779,2020-05-15,20:12:09,10.1.50.1,resources,"Phenology Across Trophic Levels lesson plan.pdf",
2780,2020-05-16,14:10:38,10.1.50.1,identificationSkills,"Dichotomous Keys to Arthropod Orders.pdf",
2781,2020-05-17,19:34:03,10.1.51.1,identificationSkills/index.html,,
2782,2020-05-17,19:34:26,10.1.51.1,identificationSkills/index.html,,
2783,2020-05-17,19:41:29,10.1.51.1,identificationSkills/index.html,,
2784,2020-05-17,19:42:18,10.1.51.1,identificationSkills/index.html,,
2785,2020-05-17,19:45:39,10.1.51.1,identificationSkills/index.html,,
2786,2020-05-17,19:56:28,10.1.51.1,identificationSkills/index.html,,
2787,2020-05-17,20:49:33,10.1.49.1,identificationSkills/index.html,,
2788,2020-05-18,00:13:47,10.1.50.1,identificationSkills/index.html,,
2789,2020-05-18,00:14:54,10.1.50.1,identificationSkills/index.html,,
2790,2020-05-18,13:23:58,10.1.49.1,resources,VisualSurveyTestBranch.pdf,
2791,2020-05-18,17:42:48,10.1.50.1,dataDownload,"Dynamically Generated CSV","Site: 52, YearStart: 2017, YearEnd: 2019, Arthropod: All"
2792,2020-05-19,15:25:32,10.1.51.1,resources,GettingStarted.pdf,
2793,2020-05-19,21:00:41,10.1.49.1,identificationSkills,ArthropodIDGuide.pdf,
2794,2020-05-20,07:19:12,10.1.50.1,,,
2795,2020-05-22,00:10:27,10.1.50.1,identificationSkills/index.html,,
2796,2020-05-22,00:10:42,10.1.50.1,identificationSkills/index.html,,
2797,2020-05-22,00:10:48,10.1.50.1,identificationSkills/index.html,,
2798,2020-05-22,07:41:32,10.1.50.1,identificationSkills,"Dichotomous Keys to Arthropod Orders.pdf",
2799,2020-05-23,11:58:03,10.1.49.1,identificationSkills,"Dichotomous Keys to Arthropod Orders.pdf",
2800,2020-05-23,11:58:11,10.1.49.1,identificationSkills,ArthropodIDGuide.pdf,
2801,2020-05-23,16:55:38,10.1.50.1,identificationSkills,ArthropodIDGuide.pdf,
2802,2020-05-24,12:53:16,10.1.49.1,identificationSkills/index.html,"Dichotomous Keys to Arthropod Orders.pdf",
2803,2020-05-24,15:43:05,10.1.51.1,identificationSkills,ArthropodIDGuide.pdf,
2804,2020-05-24,19:18:00,10.1.50.1,conductASurvey,paperDataSheet.pdf,
2805,2020-05-25,22:26:20,10.1.49.1,dataDownload,"Dynamically Generated CSV","Site: 93, YearStart: 2018, YearEnd: 2019, Arthropod: All"
2806,2020-05-26,02:40:56,10.1.51.1,mapsAndGraphs,"Dynamically Generated Phenology CSV","Y-Axis: Percent of Surveys, Lines: Caterpillars at Walker Nature Center in 2020;"
2807,2020-05-26,22:13:12,10.1.50.1,identificationSkills/index.html,,
2808,2020-05-26,22:14:12,10.1.50.1,identificationSkills/index.html,,
2809,2020-05-26,22:17:05,10.1.50.1,conductASurvey,paperDataSheet.pdf,
2810,2020-05-27,00:38:01,10.1.51.1,identificationSkills,ArthropodIDGuide.pdf,
2811,2020-05-27,00:38:19,10.1.51.1,identificationSkills,"Dichotomous Keys to Arthropod Orders.pdf",
2812,2020-05-27,15:18:40,10.1.51.1,resources,TrainingParticipants.pdf,
2813,2020-05-27,15:19:35,10.1.51.1,resources,GettingStarted.pdf,
2814,2020-05-27,15:19:48,10.1.51.1,resources,TrainingParticipants.pdf,
2815,2020-05-27,18:47:26,10.1.49.1,identificationSkills/index.html,,
2816,2020-05-27,19:40:20,10.1.50.1,identificationSkills,"Dichotomous Keys to Arthropod Orders.pdf",
2817,2020-05-27,19:40:44,10.1.50.1,identificationSkills,ArthropodIDGuide.pdf,
2818,2020-05-28,19:23:23,10.1.49.1,resources,MSPhenology.pdf,
2819,2020-05-28,19:35:09,10.1.51.1,identificationSkills,ArthropodIDGuide.pdf,
2820,2020-05-29,01:34:43,10.1.50.1,identificationSkills,ArthropodIDGuide.pdf,
2821,2020-05-29,01:35:22,10.1.50.1,identificationSkills,ArthropodIDGuide.pdf,
2822,2020-05-29,13:51:50,10.1.49.1,identificationSkills/index.html,,
2823,2020-05-29,13:53:55,10.1.49.1,identificationSkills/index.html,,
2824,2020-05-29,16:22:22,10.1.51.1,identificationSkills,ArthropodIDGuide.pdf,
2825,2020-05-29,22:45:05,10.1.51.1,identificationSkills,ArthropodIDGuide.pdf,
2826,2020-05-29,22:45:59,10.1.51.1,identificationSkills,"Dichotomous Keys to Arthropod Orders.pdf",
2827,2020-05-30,15:52:08,10.1.49.1,identificationSkills,ArthropodIDGuide.pdf,
2828,2020-05-30,16:21:14,10.1.49.1,conductASurvey,paperDataSheet.pdf,
2829,2020-05-30,20:18:52,10.1.51.1,identificationSkills,"Dichotomous Keys to Arthropod Orders.pdf",
2830,2020-05-31,17:33:44,10.1.50.1,resources,MSPhenology.pdf,
2831,2020-05-31,17:35:55,10.1.50.1,resources,"Vernal Pool Ruggles 2007.pdf",
2832,2020-05-31,18:01:08,10.1.50.1,resources,hotOrCold.pdf,
2833,2020-05-31,18:20:01,10.1.50.1,resources,BugBlitz_ProjectInfo.pdf,
2834,2020-05-31,21:49:30,10.1.50.1,identificationSkills,"Dichotomous Keys to Arthropod Orders.pdf",
2835,2020-06-01,14:15:50,10.1.50.1,identificationSkills,ArthropodIDGuide.pdf,
2836,2020-06-01,14:16:48,10.1.50.1,identificationSkills,"Dichotomous Keys to Arthropod Orders.pdf",
2837,2020-06-01,14:55:31,10.1.50.1,resources,Caterpillars.pdf,
2838,2020-06-01,15:07:54,10.1.50.1,resources,"Arthropod Food Web lesson plan.pdf",
2839,2020-06-01,15:11:41,10.1.50.1,resources,"Phenology Across Trophic Levels lesson plan.pdf",
2840,2020-06-01,15:15:43,10.1.50.1,resources,"Data Exploration.pdf",
2841,2020-06-01,15:50:02,10.1.50.1,resources,hotOrCold.pdf,
2842,2020-06-01,16:40:33,10.1.50.1,identificationSkills,ArthropodIDGuide.pdf,
2843,2020-06-01,16:40:50,10.1.50.1,identificationSkills,"Dichotomous Keys to Arthropod Orders.pdf",
2844,2020-06-01,19:34:21,10.1.49.1,identificationSkills/index.html,,
2845,2020-06-01,20:16:58,10.1.49.1,resources,MobileAppManual.pdf,
2846,2020-06-01,23:20:26,10.1.50.1,resources,"Vernal Pool Ruggles 2007.pdf",
2847,2020-06-01,23:23:09,10.1.51.1,mapsAndGraphs,"Dynamically Generated Composition CSV","X-Axis: site, Y-Axis: Percent of Arthropods, Sites Included: Walker Nature Center"
2848,2020-06-01,23:23:45,10.1.51.1,mapsAndGraphs,"Dynamically Generated Composition CSV","X-Axis: site, Y-Axis: Percent of Arthropods, Sites Included: Walker Nature Center"
2849,2020-06-01,23:24:45,10.1.51.1,mapsAndGraphs,"Dynamically Generated Composition CSV","X-Axis: year, Y-Axis: Percent of Arthropods"
2850,2020-06-02,00:18:52,10.1.50.1,identificationSkills,ArthropodIDGuide.pdf,
2851,2020-06-02,00:19:58,10.1.50.1,identificationSkills,"Dichotomous Keys to Arthropod Orders.pdf",
2852,2020-06-02,05:32:28,10.1.51.1,mapsAndGraphs,"Dynamically Generated Composition CSV","X-Axis: year, Y-Axis: Number Per Survey"
2853,2020-06-02,05:32:44,10.1.51.1,mapsAndGraphs,"Dynamically Generated Composition CSV","X-Axis: year, Y-Axis: Biomass Per Survey"
2854,2020-06-02,05:34:35,10.1.51.1,mapsAndGraphs,"Dynamically Generated Composition CSV","X-Axis: plant species, Y-Axis: Percent of Surveys"
2855,2020-06-02,06:02:03,10.1.51.1,mapsAndGraphs,"Dynamically Generated Composition CSV","X-Axis: year, Y-Axis: Percent of Surveys"
2856,2020-06-02,15:36:07,10.1.50.1,identificationSkills/index.html,,
2857,2020-06-02,15:49:04,10.1.50.1,conductASurvey,paperDataSheet.pdf,
2858,2020-06-02,20:53:29,10.1.50.1,identificationSkills/index.html,,
2859,2020-06-02,20:54:27,10.1.50.1,identificationSkills/index.html,,
2860,2020-06-02,21:20:43,10.1.51.1,faq,ArthropodIDGuide.pdf,
2861,2020-06-02,21:30:14,10.1.51.1,faq,ArthropodIDGuide.pdf,
2862,2020-06-03,02:04:11,10.1.51.1,conductASurvey,paperDataSheet.pdf,
2863,2020-06-03,17:43:40,10.1.50.1,identificationSkills/index.html,,
2864,2020-06-04,02:10:32,10.1.51.1,identificationSkills,ArthropodIDGuide.pdf,
2865,2020-06-04,02:10:58,10.1.51.1,identificationSkills,"Dichotomous Keys to Arthropod Orders.pdf",
2866,2020-06-04,13:19:22,10.1.51.1,identificationSkills/index.html,,
2867,2020-06-04,18:07:24,10.1.50.1,resources,paperDataSheet.pdf,
2868,2020-06-05,02:06:28,10.1.49.1,identificationSkills,ArthropodIDGuide.pdf,
2869,2020-06-05,02:06:53,10.1.49.1,identificationSkills,"Dichotomous Keys to Arthropod Orders.pdf",
2870,2020-06-05,20:00:54,10.1.50.1,identificationSkills/index.html,,
2871,2020-06-06,01:42:08,10.1.49.1,resources,"Building A Beat Sheet.pdf",
2872,2020-06-06,01:42:15,10.1.49.1,resources,"Building A Beat Sheet.pdf",
2873,2020-06-06,16:54:15,10.1.49.1,identificationSkills/index.html,,
2874,2020-06-06,16:55:12,10.1.49.1,identificationSkills/index.html,,
2875,2020-06-06,19:01:06,10.1.51.1,identificationSkills,"Dichotomous Keys to Arthropod Orders.pdf",
2876,2020-06-06,19:05:25,10.1.50.1,identificationSkills/index.html,,
2877,2020-06-09,02:17:51,10.1.49.1,identificationSkills,"Dichotomous Keys to Arthropod Orders.pdf",
2878,2020-06-09,12:16:43,10.1.49.1,identificationSkills,ArthropodIDGuide.pdf,
2879,2020-06-09,12:17:20,10.1.49.1,identificationSkills,ArthropodIDGuide.pdf,
2880,2020-06-09,12:17:29,10.1.49.1,identificationSkills,"Dichotomous Keys to Arthropod Orders.pdf",
2881,2020-06-09,18:10:15,10.1.51.1,identificationSkills/index.html,,
2882,2020-06-10,02:58:42,10.1.51.1,identificationSkills,ArthropodIDGuide.pdf,
2883,2020-06-11,17:25:24,10.1.50.1,identificationSkills/index.html,,
2884,2020-06-11,17:25:48,10.1.50.1,identificationSkills/index.html,,
2885,2020-06-11,18:48:02,10.1.49.1,identificationSkills,ArthropodIDGuide.pdf,
2886,2020-06-12,13:15:09,10.1.51.1,identificationSkills,ArthropodIDGuide.pdf,
2887,2020-06-12,13:15:34,10.1.51.1,identificationSkills,"Dichotomous Keys to Arthropod Orders.pdf",
2888,2020-06-13,00:18:07,10.1.49.1,identificationSkills,ArthropodIDGuide.pdf,
2889,2020-06-13,00:43:00,10.1.51.1,resources,hotOrCold.pdf,
2890,2020-06-13,00:43:07,10.1.51.1,resources,hotOrCold.pdf,
2891,2020-06-13,00:58:38,10.1.51.1,resources,"Phenology Across Trophic Levels lesson plan.pdf",
2892,2020-06-13,00:58:47,10.1.51.1,resources,"Phenology Across Trophic Levels lesson plan.pdf",
2893,2020-06-13,12:55:53,10.1.51.1,identificationSkills,ArthropodIDGuide.pdf,
2894,2020-06-13,14:43:54,10.1.49.1,identificationSkills,ArthropodIDGuide.pdf,
2895,2020-06-14,21:13:25,10.1.50.1,identificationSkills,"Dichotomous Keys to Arthropod Orders.pdf",
2896,2020-06-15,14:01:16,10.1.49.1,identificationSkills/index.html,,
2897,2020-06-15,14:01:42,10.1.49.1,identificationSkills/index.html,,
2898,2020-06-16,02:52:50,10.1.51.1,identificationSkills,ArthropodIDGuide.pdf,
2899,2020-06-16,16:49:43,10.1.50.1,identificationSkills/index.html,,
2900,2020-06-17,19:35:10,10.1.51.1,dataDownload,"Dynamically Generated CSV","Site: 225, YearStart: 2020, YearEnd: 2020, Arthropod: All"
2901,2020-06-17,20:40:32,10.1.49.1,identificationSkills/index.html,,
2902,2020-06-19,17:47:07,10.1.49.1,identificationSkills,ArthropodIDGuide.pdf,
2903,2020-06-20,19:41:08,10.1.49.1,identificationSkills,"Dichotomous Keys to Arthropod Orders.pdf",
2904,2020-06-22,11:39:50,10.1.51.1,identificationSkills,ArthropodIDGuide.pdf,
2905,2020-06-22,11:40:04,10.1.51.1,identificationSkills,"Dichotomous Keys to Arthropod Orders.pdf",
2906,2020-06-22,17:11:01,10.1.49.1,resources,Caterpillars.pdf,
2907,2020-06-22,18:12:29,10.1.51.1,identificationSkills,ArthropodIDGuide.pdf,
2908,2020-06-22,18:20:43,10.1.49.1,dataDownload,"Dynamically Generated CSV","Site: 93, YearStart: 2020, YearEnd: 2020, Arthropod: All"
2909,2020-06-22,19:19:27,10.1.49.1,identificationSkills/index.html,,
2910,2020-06-22,22:05:27,10.1.50.1,identificationSkills/index.html,,
2911,2020-06-22,22:10:16,10.1.50.1,identificationSkills/index.html,,
2912,2020-06-24,17:55:40,10.1.50.1,identificationSkills,ArthropodIDGuide.pdf,
2913,2020-06-25,21:41:33,10.1.51.1,resources,"Building A Beat Sheet.pdf",
2914,2020-06-25,21:42:05,10.1.51.1,identificationSkills,ArthropodIDGuide.pdf,
2915,2020-06-26,17:25:50,10.1.49.1,identificationSkills,ArthropodIDGuide.pdf,
2916,2020-06-26,20:01:42,10.1.50.1,resources,VisualSurveyTestBranch.pdf,
2917,2020-06-26,20:02:07,10.1.50.1,resources,TrainingParticipants.pdf,
2918,2020-06-26,20:07:04,10.1.50.1,identificationSkills,"Dichotomous Keys to Arthropod Orders.pdf",
2919,2020-06-26,20:07:27,10.1.50.1,identificationSkills,ArthropodIDGuide.pdf,
2920,2020-06-26,20:15:19,10.1.50.1,resources,ArthropodIDslides.pdf,
2921,2020-06-26,20:25:06,10.1.50.1,identificationSkills,"Dichotomous Keys to Arthropod Orders.pdf",
2922,2020-06-27,22:09:36,10.1.50.1,identificationSkills,"Dichotomous Keys to Arthropod Orders.pdf",
2923,2020-06-30,14:03:38,10.1.50.1,identificationSkills,ArthropodIDGuide.pdf,
2924,2020-06-30,14:40:50,10.1.50.1,identificationSkills,ArthropodIDGuide.pdf,
2925,2020-06-30,15:10:46,10.1.50.1,identificationSkills/index.html,,
2926,2020-06-30,16:17:08,10.1.49.1,identificationSkills/index.html,,
2927,2020-06-30,16:21:05,10.1.49.1,identificationSkills/index.html,,
2928,2020-06-30,18:30:16,10.1.49.1,identificationSkills/index.html,,
2929,2020-06-30,18:32:46,10.1.49.1,identificationSkills/index.html,,
2930,2020-06-30,20:32:52,10.1.49.1,identificationSkills/index.html,,
2931,2020-06-30,20:45:10,10.1.49.1,dataDownload,"Dynamically Generated CSV","Site: 187, YearStart: 2020, YearEnd: 2020, Arthropod: caterpillar"
2932,2020-07-01,21:17:21,10.1.51.1,identificationSkills,ArthropodIDGuide.pdf,
2933,2020-07-01,21:18:35,10.1.51.1,identificationSkills,"Dichotomous Keys to Arthropod Orders.pdf",
2934,2020-07-02,11:41:20,10.1.50.1,identificationSkills,ArthropodIDGuide.pdf,
2935,2020-07-02,22:32:01,10.1.49.1,resources,"Data Exploration.pdf",
2936,2020-07-03,00:31:28,10.1.49.1,resources,"Data Exploration.pdf",
2937,2020-07-03,00:41:55,10.1.49.1,resources,GettingStarted.pdf,
2938,2020-07-03,00:42:23,10.1.49.1,resources,TrainingParticipants.pdf,
2939,2020-07-03,01:53:14,10.1.49.1,mapsAndGraphs,"Dynamically Generated Composition CSV","X-Axis: site, Y-Axis: Percent of Surveys, Sites Included: Walker Nature Center"
2940,2020-07-03,01:54:38,10.1.49.1,mapsAndGraphs,"Dynamically Generated Phenology CSV","Y-Axis: Number Per Survey, Lines: All arthropods at Walker Nature Center in 2020; Caterpillars at Walker Nature Center in 2020;"
2941,2020-07-03,01:55:00,10.1.49.1,mapsAndGraphs,"Dynamically Generated Phenology CSV","Y-Axis: Number Per Survey, Lines: All arthropods at Walker Nature Center in 2020; Caterpillars at Walker Nature Center in 2020;"
2942,2020-07-03,01:56:13,10.1.49.1,mapsAndGraphs,"Dynamically Generated Phenology CSV","Y-Axis: Number Per Survey, Lines: All arthropods at Walker Nature Center in 2018; Caterpillars at Walker Nature Center in 2018;"
2943,2020-07-03,01:59:18,10.1.49.1,mapsAndGraphs,"Dynamically Generated Map CSV","Comparison Metric: Percent of Surveys, Observation Method: All, Arthropod Group: Caterpillars, Minimum Length (mm): 0, Plant Species: All, Wet Leaves: true, Month Start: 1, Month End: 12, Year Start: 2002, YearEnd: 2020"
2944,2020-07-03,02:03:34,10.1.49.1,resources,"Data Exploration.pdf",
2945,2020-07-03,02:09:52,10.1.49.1,mapsAndGraphs,"Dynamically Generated Phenology CSV","Y-Axis: Number Per Survey, Lines: Caterpillars at Walker Nature Center in 2018; All arthropods at Walker Nature Center in 2018;"
2946,2020-07-03,17:25:29,10.1.51.1,identificationSkills,ArthropodIDGuide.pdf,
2947,2020-07-04,16:08:58,10.1.51.1,dataDownload,"Dynamically Generated CSV","Site: 93, YearStart: 2018, YearEnd: 2019, Arthropod: All"
2948,2020-07-04,19:12:28,10.1.51.1,mapsAndGraphs,"Dynamically Generated Map CSV","Comparison Metric: Percent of Surveys, Observation Method: All, Arthropod Group: Caterpillars, Minimum Length (mm): 0, Plant Species: All, Wet Leaves: true, Month Start: 1, Month End: 12, Year Start: 2002, YearEnd: 2020"
2949,2020-07-05,14:57:14,10.1.50.1,identificationSkills,ArthropodIDGuide.pdf,
2950,2020-07-05,14:59:39,10.1.50.1,identificationSkills,"Dichotomous Keys to Arthropod Orders.pdf",
2951,2020-07-08,16:35:45,10.1.50.1,identificationSkills,"Dichotomous Keys to Arthropod Orders.pdf",
2952,2020-07-08,16:36:49,10.1.50.1,identificationSkills,ArthropodIDGuide.pdf,
2953,2020-07-08,16:44:10,10.1.50.1,identificationSkills,ArthropodIDGuide.pdf,
2954,2020-07-08,16:44:46,10.1.50.1,identificationSkills,"Dichotomous Keys to Arthropod Orders.pdf",
2955,2020-07-08,18:25:00,10.1.51.1,identificationSkills/index.html,,
2956,2020-07-09,13:15:00,10.1.51.1,conductASurvey,paperDataSheet.pdf,
2957,2020-07-09,13:45:39,10.1.51.1,identificationSkills,ArthropodIDGuide.pdf,
2958,2020-07-09,14:28:33,10.1.49.1,identificationSkills,"Dichotomous Keys to Arthropod Orders.pdf",
2959,2020-07-09,14:28:38,10.1.49.1,identificationSkills,ArthropodIDGuide.pdf,
2960,2020-07-09,22:26:47,10.1.50.1,identificationSkills,ArthropodIDGuide.pdf,
2961,2020-07-10,09:18:33,10.1.49.1,identificationSkills,"Dichotomous Keys to Arthropod Orders.pdf",
2962,2020-07-10,09:22:02,10.1.49.1,identificationSkills,ArthropodIDGuide.pdf,
2963,2020-07-10,15:09:22,10.1.50.1,identificationSkills,"Dichotomous Keys to Arthropod Orders.pdf",
2964,2020-07-10,15:10:02,10.1.50.1,identificationSkills,ArthropodIDGuide.pdf,
2965,2020-07-12,15:17:34,10.1.50.1,identificationSkills/index.html,,
2966,2020-07-12,15:18:30,10.1.50.1,identificationSkills/index.html,,
2967,2020-07-12,16:37:34,10.1.50.1,identificationSkills/index.html,,
2968,2020-07-12,16:40:45,10.1.50.1,identificationSkills/index.html,,
2969,2020-07-12,18:36:48,10.1.49.1,identificationSkills,ArthropodIDGuide.pdf,
2970,2020-07-12,21:49:08,10.1.49.1,identificationSkills,"Dichotomous Keys to Arthropod Orders.pdf",
2971,2020-07-12,22:28:08,10.1.49.1,identificationSkills,"Dichotomous Keys to Arthropod Orders.pdf",
2972,2020-07-13,22:36:31,10.1.51.1,identificationSkills,"Dichotomous Keys to Arthropod Orders.pdf",
2973,2020-07-14,15:33:17,10.1.51.1,dataDownload,"Dynamically Generated CSV","Site: 93, YearStart: 2018, YearEnd: 2019, Arthropod: All"
2974,2020-07-14,19:52:16,10.1.51.1,dataDownload,"Dynamically Generated CSV","Site: 93, YearStart: 2018, YearEnd: 2019, Arthropod: All"
2975,2020-07-14,22:51:09,10.1.50.1,resources,"Phenology Across Trophic Levels lesson plan.pdf",
2976,2020-07-14,22:51:16,10.1.50.1,resources,"Phenology Across Trophic Levels lesson plan.pdf",
2977,2020-07-15,11:31:04,10.1.49.1,identificationSkills/index.html,,
2978,2020-07-15,11:35:12,10.1.49.1,identificationSkills/index.html,,
2979,2020-07-15,11:35:20,10.1.49.1,identificationSkills/index.html,,
2980,2020-07-15,11:35:28,10.1.49.1,identificationSkills/index.html,,
2981,2020-07-15,11:44:27,10.1.49.1,identificationSkills/index.html,,
2982,2020-07-15,20:54:04,10.1.49.1,mapsAndGraphs,"Dynamically Generated Composition CSV","X-Axis: year, Y-Axis: Biomass Per Survey"
2983,2020-07-16,19:59:06,10.1.50.1,identificationSkills,ArthropodIDGuide.pdf,
2984,2020-07-16,21:05:07,10.1.51.1,dataDownload,"Dynamically Generated CSV","Site: 93, YearStart: 2020, YearEnd: 2020, Arthropod: All"
2985,2020-07-17,17:13:43,10.1.50.1,identificationSkills,ArthropodIDGuide.pdf,
2986,2020-07-18,00:41:04,10.1.50.1,identificationSkills/index.html,,
2987,2020-07-18,16:11:44,10.1.51.1,dataDownload,"Dynamically Generated CSV","Site: 93, YearStart: 2018, YearEnd: 2020, Arthropod: All"
2988,2020-07-19,18:20:14,10.1.49.1,identificationSkills,ArthropodIDGuide.pdf,
2989,2020-07-20,20:55:19,10.1.51.1,identificationSkills,ArthropodIDGuide.pdf,
2990,2020-07-20,21:04:32,10.1.50.1,identificationSkills,ArthropodIDGuide.pdf,
2991,2020-07-22,01:23:54,10.1.50.1,resources,paperDataSheet.pdf,
2992,2020-07-22,01:35:49,10.1.50.1,conductASurvey,paperDataSheet.pdf,
2993,2020-07-22,01:44:24,10.1.51.1,dataDownload,"Dynamically Generated CSV","Site: All, YearStart: 2002, YearEnd: 2020, Arthropod: All"
2994,2020-07-23,20:54:39,10.1.49.1,identificationSkills,ArthropodIDGuide.pdf,
2995,2020-07-24,19:25:02,10.1.49.1,dataDownload,"Dynamically Generated CSV","Site: 54, YearStart: 2017, YearEnd: 2019, Arthropod: All"
2996,2020-07-24,23:08:07,10.1.50.1,identificationSkills,ArthropodIDGuide.pdf,
2997,2020-07-24,23:09:32,10.1.50.1,identificationSkills,"Dichotomous Keys to Arthropod Orders.pdf",
2998,2020-07-24,23:09:56,10.1.50.1,identificationSkills,ArthropodIDGuide.pdf,
2999,2020-07-24,23:11:00,10.1.50.1,identificationSkills,ArthropodIDGuide.pdf,
3000,2020-07-25,00:13:39,10.1.50.1,identificationSkills,ArthropodIDGuide.pdf,
3001,2020-07-25,00:14:19,10.1.50.1,identificationSkills,"Dichotomous Keys to Arthropod Orders.pdf",
3002,2020-07-26,01:54:07,10.1.51.1,identificationSkills,ArthropodIDGuide.pdf,
3003,2020-07-26,23:11:28,10.1.50.1,identificationSkills,ArthropodIDGuide.pdf,
3004,2020-07-26,23:11:52,10.1.50.1,identificationSkills,"Dichotomous Keys to Arthropod Orders.pdf",
3005,2020-07-29,11:00:13,10.1.50.1,identificationSkills/index.html,,
3006,2020-07-29,15:32:49,10.1.51.1,faq,ArthropodIDGuide.pdf,
3007,2020-07-29,20:25:39,10.1.50.1,identificationSkills,ArthropodIDGuide.pdf,
3008,2020-07-29,20:26:42,10.1.50.1,identificationSkills,"Dichotomous Keys to Arthropod Orders.pdf",
3009,2020-07-30,19:57:57,10.1.49.1,identificationSkills,ArthropodIDGuide.pdf,
3010,2020-07-31,23:06:30,10.1.49.1,identificationSkills,ArthropodIDGuide.pdf,
3011,2020-08-01,00:33:48,10.1.51.1,identificationSkills,ArthropodIDGuide.pdf,
3012,2020-08-03,16:37:49,10.1.49.1,identificationSkills,ArthropodIDGuide.pdf,
3013,2020-08-03,16:41:00,10.1.50.1,identificationSkills/index.html,,
3014,2020-08-03,16:41:01,10.1.50.1,identificationSkills/index.html,,
3015,2020-08-03,16:44:10,10.1.50.1,resources,ArthropodIDslides.pdf,
3016,2020-08-03,16:46:20,10.1.50.1,resources,BugBlitz_ProjectInfo.pdf,
3017,2020-08-03,16:46:41,10.1.50.1,resources,MSPhenology.pdf,
3018,2020-08-03,16:47:03,10.1.50.1,resources,"Data Exploration.pdf",
3019,2020-08-03,16:47:45,10.1.50.1,resources,hotOrCold.pdf,
3020,2020-08-03,17:55:00,10.1.50.1,identificationSkills,"Dichotomous Keys to Arthropod Orders.pdf",
3021,2020-08-03,17:55:51,10.1.50.1,identificationSkills,ArthropodIDGuide.pdf,
3022,2020-08-03,20:32:42,10.1.51.1,identificationSkills,ArthropodIDGuide.pdf,
3023,2020-08-03,20:33:05,10.1.51.1,identificationSkills,ArthropodIDGuide.pdf,
3024,2020-08-03,20:33:14,10.1.51.1,identificationSkills,"Dichotomous Keys to Arthropod Orders.pdf",
3025,2020-08-04,04:28:45,10.1.50.1,identificationSkills,"Dichotomous Keys to Arthropod Orders.pdf",
3026,2020-08-04,18:55:45,10.1.49.1,identificationSkills/index.html,,
3027,2020-08-04,18:56:17,10.1.49.1,identificationSkills/index.html,,
3028,2020-08-05,04:34:58,10.1.50.1,dataDownload,"Dynamically Generated CSV","Site: 77, YearStart: 2019, YearEnd: 2019, Arthropod: All"
3029,2020-08-05,04:54:07,10.1.50.1,dataDownload,"Dynamically Generated CSV","Site: 77, YearStart: 2019, YearEnd: 2019, Arthropod: All"
3030,2020-08-05,17:17:08,10.1.50.1,mapsAndGraphs,"Dynamically Generated Phenology CSV","Y-Axis: Percent of Surveys, Lines: Caterpillars at NC Botanical Garden in 2019; Caterpillars at NC Botanical Garden in 2018;"
3031,2020-08-07,19:53:44,10.1.49.1,identificationSkills,"Dichotomous Keys to Arthropod Orders.pdf",
3032,2020-08-08,19:51:05,10.1.51.1,dataDownload,"Dynamically Generated CSV","Site: 54, YearStart: 2017, YearEnd: 2019, Arthropod: All"
3033,2020-08-08,21:20:52,10.1.50.1,identificationSkills,ArthropodIDGuide.pdf,
3034,2020-08-08,21:21:14,10.1.50.1,identificationSkills,"Dichotomous Keys to Arthropod Orders.pdf",
3035,2020-08-08,21:55:41,10.1.50.1,identificationSkills,ArthropodIDGuide.pdf,
3036,2020-08-09,12:34:43,10.1.51.1,identificationSkills,"Dichotomous Keys to Arthropod Orders.pdf",
3037,2020-08-09,20:14:46,10.1.50.1,identificationSkills,ArthropodIDGuide.pdf,
3038,2020-08-09,20:58:32,10.1.49.1,identificationSkills,"Dichotomous Keys to Arthropod Orders.pdf",
3039,2020-08-09,22:50:51,10.1.49.1,identificationSkills/index.html,,
3040,2020-08-10,18:13:12,10.1.50.1,mapsAndGraphs,"Dynamically Generated Phenology CSV","Y-Axis: Percent of Surveys, Lines: Caterpillars at Brookbanks Park in 2020; All arthropods at Brookbanks Park in 2020;"
3041,2020-08-11,15:24:03,10.1.49.1,identificationSkills,"Dichotomous Keys to Arthropod Orders.pdf",
3042,2020-08-11,16:08:40,10.1.49.1,identificationSkills,"Dichotomous Keys to Arthropod Orders.pdf",
3043,2020-08-11,17:14:28,10.1.50.1,mapsAndGraphs,"Dynamically Generated Map CSV","Comparison Metric: Percent of Surveys, Observation Method: All, Arthropod Group: Caterpillars, Minimum Length (mm): 0, Plant Species: All, Wet Leaves: true, Month Start: 1, Month End: 12, Year Start: 2002, YearEnd: 2020"
3044,2020-08-11,18:40:33,10.1.50.1,identificationSkills,ArthropodIDGuide.pdf,
3045,2020-08-12,02:32:14,10.1.51.1,identificationSkills,ArthropodIDGuide.pdf,
3046,2020-08-12,13:59:19,10.1.50.1,resources,GettingStarted.pdf,
3047,2020-08-12,15:42:18,10.1.49.1,identificationSkills,ArthropodIDGuide.pdf,
3048,2020-08-12,18:46:33,10.1.50.1,identificationSkills,ArthropodIDGuide.pdf,
3049,2020-08-12,18:46:43,10.1.50.1,identificationSkills,"Dichotomous Keys to Arthropod Orders.pdf",
3050,2020-08-13,02:16:30,10.1.50.1,identificationSkills,"Dichotomous Keys to Arthropod Orders.pdf",
3051,2020-08-13,02:28:00,10.1.50.1,identificationSkills,ArthropodIDGuide.pdf,
3052,2020-08-13,19:08:18,10.1.51.1,identificationSkills,ArthropodIDGuide.pdf,
3053,2020-08-14,00:02:30,10.1.49.1,identificationSkills,ArthropodIDGuide.pdf,
3054,2020-08-14,15:29:19,10.1.49.1,identificationSkills,ArthropodIDGuide.pdf,
3055,2020-08-14,15:29:33,10.1.50.1,identificationSkills/index.html,,
3056,2020-08-14,15:30:36,10.1.49.1,identificationSkills,"Dichotomous Keys to Arthropod Orders.pdf",
3057,2020-08-14,15:30:39,10.1.50.1,identificationSkills/index.html,,
3058,2020-08-15,14:11:27,10.1.51.1,identificationSkills/index.html,,
3059,2020-08-17,21:55:24,10.1.51.1,identificationSkills,"Dichotomous Keys to Arthropod Orders.pdf",
3060,2020-08-18,18:58:41,10.1.49.1,conductASurvey,paperDataSheet.pdf,
3061,2020-08-19,14:04:35,10.1.49.1,identificationSkills,"Dichotomous Keys to Arthropod Orders.pdf",
3062,2020-08-19,14:47:37,10.1.50.1,identificationSkills,"Dichotomous Keys to Arthropod Orders.pdf",
3063,2020-08-19,14:47:57,10.1.50.1,identificationSkills,ArthropodIDGuide.pdf,
3064,2020-08-19,14:48:19,10.1.50.1,identificationSkills,"Dichotomous Keys to Arthropod Orders.pdf",
3065,2020-08-19,21:45:48,10.1.51.1,identificationSkills,"Dichotomous Keys to Arthropod Orders.pdf",
3066,2020-08-19,21:46:18,10.1.51.1,identificationSkills,ArthropodIDGuide.pdf,
3067,2020-08-20,17:27:57,10.1.49.1,conductASurvey,paperDataSheet.pdf,
3068,2020-08-20,19:49:04,10.1.50.1,identificationSkills,ArthropodIDGuide.pdf,
3069,2020-08-20,20:15:57,10.1.50.1,conductASurvey,paperDataSheet.pdf,
3070,2020-08-21,06:55:33,10.1.50.1,identificationSkills,ArthropodIDGuide.pdf,
3071,2020-08-22,02:08:58,10.1.49.1,identificationSkills,ArthropodIDGuide.pdf,
3072,2020-08-22,02:09:38,10.1.49.1,identificationSkills,"Dichotomous Keys to Arthropod Orders.pdf",
3073,2020-08-22,02:29:02,10.1.49.1,identificationSkills/index.html,,
3074,2020-08-22,23:10:20,10.1.49.1,mapsAndGraphs,"Dynamically Generated Phenology CSV","Y-Axis: Percent of Surveys, Lines: Caterpillars at East Carolina University in 2019; Caterpillars at East Carolina University in 2019;"
3075,2020-08-24,15:43:28,10.1.49.1,identificationSkills,"Dichotomous Keys to Arthropod Orders.pdf",
3076,2020-08-24,15:44:04,10.1.49.1,identificationSkills,ArthropodIDGuide.pdf,
3077,2020-08-24,16:56:23,10.1.50.1,dataDownload,"Dynamically Generated CSV","Site: All, YearStart: 2002, YearEnd: 2020, Arthropod: All"
3078,2020-08-25,00:59:19,10.1.51.1,identificationSkills/index.html,,
3079,2020-08-25,01:00:34,10.1.51.1,identificationSkills/index.html,,
3080,2020-08-25,01:01:39,10.1.51.1,identificationSkills/index.html,,
3081,2020-08-25,01:14:54,10.1.51.1,identificationSkills/index.html,,
3082,2020-08-25,02:01:03,10.1.51.1,identificationSkills,ArthropodIDGuide.pdf,
3083,2020-08-25,02:01:30,10.1.51.1,identificationSkills,ArthropodIDGuide.pdf,
3084,2020-08-25,02:04:14,10.1.51.1,identificationSkills,"Dichotomous Keys to Arthropod Orders.pdf",
3085,2020-08-25,02:56:01,10.1.51.1,identificationSkills,"Dichotomous Keys to Arthropod Orders.pdf",
3086,2020-08-25,02:56:53,10.1.51.1,identificationSkills,"Dichotomous Keys to Arthropod Orders.pdf",
3087,2020-08-25,15:55:05,10.1.50.1,identificationSkills,ArthropodIDGuide.pdf,
3088,2020-08-25,18:07:42,10.1.50.1,identificationSkills,ArthropodIDGuide.pdf,
3089,2020-08-25,18:07:58,10.1.50.1,identificationSkills,ArthropodIDGuide.pdf,
3090,2020-08-25,18:08:08,10.1.50.1,identificationSkills,"Dichotomous Keys to Arthropod Orders.pdf",
3091,2020-08-25,18:08:15,10.1.51.1,identificationSkills,ArthropodIDGuide.pdf,
3092,2020-08-25,18:08:25,10.1.50.1,identificationSkills,"Dichotomous Keys to Arthropod Orders.pdf",
3093,2020-08-25,18:08:26,10.1.51.1,identificationSkills,ArthropodIDGuide.pdf,
3094,2020-08-25,18:08:48,10.1.51.1,identificationSkills,"Dichotomous Keys to Arthropod Orders.pdf",
3095,2020-08-25,18:09:28,10.1.50.1,identificationSkills,ArthropodIDGuide.pdf,
3096,2020-08-25,18:09:29,10.1.50.1,identificationSkills,ArthropodIDGuide.pdf,
3097,2020-08-25,18:09:29,10.1.51.1,identificationSkills,ArthropodIDGuide.pdf,
3098,2020-08-25,18:09:30,10.1.51.1,identificationSkills,ArthropodIDGuide.pdf,
3099,2020-08-25,18:09:39,10.1.51.1,identificationSkills,"Dichotomous Keys to Arthropod Orders.pdf",
3100,2020-08-25,18:09:44,10.1.51.1,identificationSkills,"Dichotomous Keys to Arthropod Orders.pdf",
3101,2020-08-25,18:10:16,10.1.51.1,identificationSkills,"Dichotomous Keys to Arthropod Orders.pdf",
3102,2020-08-25,18:10:23,10.1.51.1,identificationSkills,ArthropodIDGuide.pdf,
3103,2020-08-25,18:10:37,10.1.49.1,identificationSkills,ArthropodIDGuide.pdf,
3104,2020-08-25,18:10:41,10.1.51.1,identificationSkills,"Dichotomous Keys to Arthropod Orders.pdf",
3105,2020-08-25,18:10:45,10.1.51.1,identificationSkills,"Dichotomous Keys to Arthropod Orders.pdf",
3106,2020-08-25,18:10:47,10.1.51.1,identificationSkills,ArthropodIDGuide.pdf,
3107,2020-08-25,18:10:52,10.1.51.1,identificationSkills,"Dichotomous Keys to Arthropod Orders.pdf",
3108,2020-08-25,18:10:58,10.1.50.1,identificationSkills,"Dichotomous Keys to Arthropod Orders.pdf",
3109,2020-08-25,18:11:02,10.1.51.1,identificationSkills,"Dichotomous Keys to Arthropod Orders.pdf",
3110,2020-08-25,18:11:03,10.1.49.1,identificationSkills,"Dichotomous Keys to Arthropod Orders.pdf",
3111,2020-08-25,18:11:05,10.1.51.1,identificationSkills,ArthropodIDGuide.pdf,
3112,2020-08-25,18:11:42,10.1.50.1,identificationSkills,ArthropodIDGuide.pdf,
3113,2020-08-25,18:11:43,10.1.51.1,identificationSkills,"Dichotomous Keys to Arthropod Orders.pdf",
3114,2020-08-25,18:11:54,10.1.50.1,identificationSkills,ArthropodIDGuide.pdf,
3115,2020-08-25,18:11:56,10.1.51.1,identificationSkills,"Dichotomous Keys to Arthropod Orders.pdf",
3116,2020-08-25,18:12:16,10.1.51.1,identificationSkills,"Dichotomous Keys to Arthropod Orders.pdf",
3117,2020-08-25,18:12:31,10.1.49.1,identificationSkills,ArthropodIDGuide.pdf,
3118,2020-08-25,18:13:01,10.1.51.1,identificationSkills,"Dichotomous Keys to Arthropod Orders.pdf",
3119,2020-08-25,18:13:07,10.1.49.1,identificationSkills,"Dichotomous Keys to Arthropod Orders.pdf",
3120,2020-08-25,18:13:14,10.1.49.1,identificationSkills,"Dichotomous Keys to Arthropod Orders.pdf",
3121,2020-08-25,18:14:04,10.1.50.1,identificationSkills,"Dichotomous Keys to Arthropod Orders.pdf",
3122,2020-08-25,18:19:40,10.1.50.1,identificationSkills,ArthropodIDGuide.pdf,
3123,2020-08-25,18:20:34,10.1.50.1,identificationSkills,"Dichotomous Keys to Arthropod Orders.pdf",
3124,2020-08-25,18:21:09,10.1.50.1,identificationSkills,"Dichotomous Keys to Arthropod Orders.pdf",
3125,2020-08-26,13:39:33,10.1.50.1,identificationSkills,"Dichotomous Keys to Arthropod Orders.pdf",
3126,2020-08-26,21:04:26,10.1.51.1,identificationSkills,ArthropodIDGuide.pdf,
3127,2020-08-27,03:12:14,10.1.50.1,dataDownload,"Dynamically Generated CSV","Site: 71, YearStart: 2018, YearEnd: 2019, Arthropod: All"
3128,2020-08-27,12:36:06,10.1.49.1,identificationSkills,ArthropodIDGuide.pdf,
3129,2020-08-27,15:36:22,10.1.51.1,identificationSkills,"Dichotomous Keys to Arthropod Orders.pdf",
3130,2020-08-27,19:13:34,10.1.49.1,identificationSkills/index.html,,
3131,2020-08-27,19:15:01,10.1.49.1,identificationSkills/index.html,,
3132,2020-08-28,22:54:31,10.1.50.1,identificationSkills/index.html,,
3133,2020-08-29,20:02:11,10.1.51.1,dataDownload,"Dynamically Generated CSV","Site: 89, YearStart: 2018, YearEnd: 2020, Arthropod: All"
3134,2020-08-29,20:08:00,10.1.51.1,identificationSkills,"Dichotomous Keys to Arthropod Orders.pdf",
3135,2020-08-30,02:51:46,10.1.50.1,identificationSkills,"Dichotomous Keys to Arthropod Orders.pdf",
3136,2020-08-30,19:18:12,10.1.49.1,identificationSkills,"Dichotomous Keys to Arthropod Orders.pdf",
3137,2020-08-31,20:14:56,10.1.50.1,identificationSkills,"Dichotomous Keys to Arthropod Orders.pdf",
3138,2020-08-31,20:50:09,10.1.50.1,identificationSkills,ArthropodIDGuide.pdf,
3139,2020-08-31,20:51:28,10.1.50.1,identificationSkills,"Dichotomous Keys to Arthropod Orders.pdf",
3140,2020-09-01,15:09:17,10.1.49.1,dataDownload,"Dynamically Generated CSV","Site: All, YearStart: 2002, YearEnd: 2020, Arthropod: All"
3141,2020-09-01,16:29:44,10.1.50.1,identificationSkills,"Dichotomous Keys to Arthropod Orders.pdf",
3142,2020-09-01,16:31:22,10.1.50.1,identificationSkills,ArthropodIDGuide.pdf,
3143,2020-09-01,16:31:52,10.1.50.1,identificationSkills,"Dichotomous Keys to Arthropod Orders.pdf",
3144,2020-09-01,21:37:28,10.1.51.1,identificationSkills/index.html,,
3145,2020-09-02,18:48:31,10.1.49.1,identificationSkills/index.html,,
3146,2020-09-02,21:11:12,10.1.51.1,mapsAndGraphs,"Dynamically Generated Phenology CSV","Y-Axis: Percent of Surveys, Lines: Caterpillars at NC Botanical Garden in 2020;"
3147,2020-09-03,16:09:29,10.1.50.1,identificationSkills/index.html,,
3148,2020-09-04,03:48:15,10.1.50.1,identificationSkills,"Dichotomous Keys to Arthropod Orders.pdf",
3149,2020-09-04,18:56:02,10.1.50.1,identificationSkills,"Dichotomous Keys to Arthropod Orders.pdf",
3150,2020-09-04,21:54:03,10.1.51.1,identificationSkills,"Dichotomous Keys to Arthropod Orders.pdf",
3151,2020-09-06,20:31:56,10.1.49.1,dataDownload,"Dynamically Generated CSV","Site: 93, YearStart: 2020, YearEnd: 2020, Arthropod: All"
3152,2020-09-07,01:28:15,10.1.49.1,identificationSkills,ArthropodIDGuide.pdf,
3153,2020-09-07,13:10:31,10.1.49.1,identificationSkills,"Dichotomous Keys to Arthropod Orders.pdf",
3154,2020-09-07,13:10:54,10.1.49.1,identificationSkills,ArthropodIDGuide.pdf,
3155,2020-09-07,22:04:55,10.1.51.1,identificationSkills,ArthropodIDGuide.pdf,
3156,2020-09-07,22:05:07,10.1.51.1,identificationSkills,"Dichotomous Keys to Arthropod Orders.pdf",
3157,2020-09-08,03:36:02,10.1.50.1,identificationSkills,"Dichotomous Keys to Arthropod Orders.pdf",
3158,2020-09-08,03:36:47,10.1.50.1,identificationSkills,ArthropodIDGuide.pdf,
3159,2020-09-08,15:21:41,10.1.49.1,mapsAndGraphs,"Dynamically Generated Map CSV","Comparison Metric: Percent of Surveys, Observation Method: All, Arthropod Group: Caterpillars, Minimum Length (mm): 0, Plant Species: All, Wet Leaves: true, Month Start: 1, Month End: 12, Year Start: 2002, YearEnd: 2020"
3160,2020-09-08,15:22:43,10.1.49.1,mapsAndGraphs,"Dynamically Generated Map CSV","Comparison Metric: Percent of Surveys, Observation Method: All, Arthropod Group: All Arthropods, Minimum Length (mm): 0, Plant Species: All, Wet Leaves: true, Month Start: 7, Month End: 12, Year Start: 2019, YearEnd: 2019"
3161,2020-09-08,15:24:56,10.1.49.1,dataDownload,"Dynamically Generated CSV","Site: All, YearStart: 2019, YearEnd: 2019, Arthropod: All"
3162,2020-09-08,19:28:14,10.1.49.1,mapsAndGraphs,"Dynamically Generated Map CSV","Comparison Metric: Percent of Surveys, Observation Method: All, Arthropod Group: Caterpillars, Minimum Length (mm): 0, Plant Species: All, Wet Leaves: true, Month Start: 1, Month End: 12, Year Start: 2002, YearEnd: 2020"
3163,2020-09-09,10:37:06,10.1.50.1,mapsAndGraphs,"Dynamically Generated Composition CSV","X-Axis: year, Y-Axis: Percent of Arthropods"
3164,2020-09-09,13:40:25,10.1.51.1,resources,"Data Exploration.pdf",
3165,2020-09-10,11:26:17,10.1.50.1,identificationSkills/index.html,,
3166,2020-09-10,20:13:31,10.1.51.1,identificationSkills,"Dichotomous Keys to Arthropod Orders.pdf",
3167,2020-09-12,16:12:03,10.1.50.1,dataDownload,"Dynamically Generated CSV","Site: 54, YearStart: 2017, YearEnd: 2019, Arthropod: All"
3168,2020-09-12,16:39:17,10.1.50.1,dataDownload,"Dynamically Generated CSV","Site: 216, YearStart: 2020, YearEnd: 2020, Arthropod: All"
3169,2020-09-12,16:39:36,10.1.50.1,dataDownload,"Dynamically Generated CSV","Site: 216, YearStart: 2020, YearEnd: 2020, Arthropod: All"
3170,2020-09-13,12:58:29,10.1.49.1,identificationSkills,ArthropodIDGuide.pdf,
3171,2020-09-13,19:20:33,10.1.50.1,dataDownload,"Dynamically Generated CSV","Site: 56, YearStart: 2018, YearEnd: 2020, Arthropod: All"
3172,2020-09-14,14:36:35,10.1.51.1,dataDownload,"Dynamically Generated CSV","Site: 71, YearStart: 2018, YearEnd: 2019, Arthropod: All"
3173,2020-09-14,20:56:55,10.1.50.1,identificationSkills,ArthropodIDGuide.pdf,
3174,2020-09-14,20:57:23,10.1.50.1,identificationSkills,"Dichotomous Keys to Arthropod Orders.pdf",
3175,2020-09-15,13:42:38,10.1.51.1,dataDownload,"Dynamically Generated CSV","Site: 126, YearStart: 2010, YearEnd: 2010, Arthropod: caterpillar"
3176,2020-09-15,18:57:23,10.1.50.1,mapsAndGraphs,"Dynamically Generated Composition CSV","X-Axis: site, Y-Axis: Percent of Arthropods, Sites Included: Lillian Anderson Arboretum Fern Oak Site, Kalamazoo Nature Center"
3177,2020-09-15,23:15:03,10.1.51.1,identificationSkills/index.html,,
3178,2020-09-15,23:15:17,10.1.51.1,identificationSkills/index.html,,
3179,2020-09-16,12:52:00,10.1.51.1,identificationSkills,ArthropodIDGuide.pdf,
3180,2020-09-16,14:14:50,10.1.50.1,identificationSkills/index.html,,
3181,2020-09-16,17:25:58,10.1.51.1,identificationSkills,"Dichotomous Keys to Arthropod Orders.pdf",
3182,2020-09-16,17:28:10,10.1.51.1,identificationSkills,ArthropodIDGuide.pdf,
3183,2020-09-16,18:45:12,10.1.51.1,identificationSkills,ArthropodIDGuide.pdf,
3184,2020-09-17,03:56:19,10.1.51.1,identificationSkills,"Dichotomous Keys to Arthropod Orders.pdf",
3185,2020-09-17,05:45:04,10.1.49.1,identificationSkills,ArthropodIDGuide.pdf,
3186,2020-09-17,05:45:24,10.1.49.1,identificationSkills,ArthropodIDGuide.pdf,
3187,2020-09-17,05:45:27,10.1.49.1,identificationSkills,ArthropodIDGuide.pdf,
3188,2020-09-17,20:36:54,10.1.49.1,identificationSkills/index.html,,
3189,2020-09-19,23:02:46,10.1.49.1,identificationSkills/index.html,,
3190,2020-09-20,21:44:50,10.1.51.1,identificationSkills/index.html,,
3191,2020-09-20,21:46:16,10.1.51.1,identificationSkills/index.html,,
3192,2020-09-20,21:46:21,10.1.51.1,identificationSkills/index.html,,
3193,2020-09-20,21:46:28,10.1.51.1,identificationSkills/index.html,,
3194,2020-09-21,14:37:11,10.1.49.1,resources,Caterpillars.pdf,
3195,2020-09-22,16:15:46,10.1.51.1,resources,GettingStarted.pdf,
3196,2020-09-22,16:27:24,10.1.51.1,identificationSkills,"Dichotomous Keys to Arthropod Orders.pdf",
3197,2020-09-22,16:28:14,10.1.51.1,resources,"Arthropod Food Web lesson plan.pdf",
3198,2020-09-22,20:35:12,10.1.51.1,resources,ArthropodIDslides.pdf,
3199,2020-09-22,20:37:53,10.1.50.1,identificationSkills,"Dichotomous Keys to Arthropod Orders.pdf",
3200,2020-09-22,21:06:35,10.1.51.1,resources,Caterpillars.pdf,
3201,2020-09-23,02:13:01,10.1.49.1,identificationSkills,ArthropodIDGuide.pdf,
3202,2020-09-23,13:00:51,10.1.51.1,identificationSkills/index.html,,
3203,2020-09-23,13:01:09,10.1.51.1,identificationSkills/index.html,,
3204,2020-09-23,13:01:32,10.1.51.1,identificationSkills/index.html,,
3205,2020-09-23,15:18:00,10.1.51.1,identificationSkills,ArthropodIDGuide.pdf,
3206,2020-09-23,16:08:03,10.1.50.1,conductASurvey,paperDataSheet.pdf,
3207,2020-09-23,16:42:19,10.1.51.1,resources,GettingStarted.pdf,
3208,2020-09-23,16:42:20,10.1.51.1,resources,TrainingParticipants.pdf,
3209,2020-09-23,16:42:20,10.1.51.1,resources,ArthropodIDslides.pdf,
3210,2020-09-23,16:42:20,10.1.51.1,resources,"Building A Beat Sheet.pdf",
3211,2020-09-23,16:46:09,10.1.50.1,resources,GettingStarted.pdf,
3212,2020-09-23,16:46:17,10.1.50.1,resources,ArthropodIDslides.pdf,
3213,2020-09-23,16:50:47,10.1.50.1,resources,GettingStarted.pdf,
3214,2020-09-23,16:51:13,10.1.50.1,resources,GettingStarted.pdf,
3215,2020-09-23,19:07:56,10.1.50.1,identificationSkills,"Dichotomous Keys to Arthropod Orders.pdf",
3216,2020-09-23,19:08:22,10.1.50.1,identificationSkills,ArthropodIDGuide.pdf,
3217,2020-09-23,19:48:12,10.1.50.1,identificationSkills,"Dichotomous Keys to Arthropod Orders.pdf",
3218,2020-09-23,20:32:16,10.1.51.1,identificationSkills,ArthropodIDGuide.pdf,
3219,2020-09-24,01:03:31,10.1.51.1,identificationSkills,"Dichotomous Keys to Arthropod Orders.pdf",
3220,2020-09-24,01:05:37,10.1.51.1,identificationSkills,ArthropodIDGuide.pdf,
3221,2020-09-24,10:26:57,10.1.49.1,identificationSkills,ArthropodIDGuide.pdf,
3222,2020-09-24,10:27:05,10.1.49.1,identificationSkills,ArthropodIDGuide.pdf,
3223,2020-09-24,10:27:13,10.1.49.1,identificationSkills,"Dichotomous Keys to Arthropod Orders.pdf",
3224,2020-09-24,13:07:40,10.1.51.1,identificationSkills,"Dichotomous Keys to Arthropod Orders.pdf",
3225,2020-09-24,13:07:58,10.1.51.1,identificationSkills,ArthropodIDGuide.pdf,
3226,2020-09-24,14:31:07,10.1.49.1,identificationSkills/index.html,,
3227,2020-09-24,14:32:05,10.1.49.1,identificationSkills/index.html,,
3228,2020-09-24,15:32:35,10.1.51.1,identificationSkills,ArthropodIDGuide.pdf,
3229,2020-09-24,21:44:29,10.1.49.1,identificationSkills/index.html,,
3230,2020-09-24,21:44:46,10.1.49.1,identificationSkills/index.html,,
3231,2020-09-25,02:40:53,10.1.51.1,identificationSkills/index.html,,
3232,2020-09-25,02:45:21,10.1.51.1,identificationSkills/index.html,,
3233,2020-09-25,03:27:12,10.1.49.1,identificationSkills/index.html,,
3234,2020-09-25,03:34:07,10.1.51.1,identificationSkills/index.html,,
3235,2020-09-25,03:38:08,10.1.51.1,identificationSkills/index.html,,
3236,2020-09-25,17:53:52,10.1.49.1,identificationSkills/index.html,,
3237,2020-09-25,18:10:53,10.1.49.1,dataDownload,"Dynamically Generated CSV","Site: 216, YearStart: 2020, YearEnd: 2020, Arthropod: All"
3238,2020-09-26,18:18:55,10.1.50.1,identificationSkills,"Dichotomous Keys to Arthropod Orders.pdf",
3239,2020-09-26,18:19:24,10.1.50.1,identificationSkills,ArthropodIDGuide.pdf,
3240,2020-09-28,12:06:20,10.1.51.1,resources,"Building A Beat Sheet.pdf",
3241,2020-09-30,14:21:19,10.1.51.1,identificationSkills,"Dichotomous Keys to Arthropod Orders.pdf",
3242,2020-09-30,16:32:17,10.1.50.1,identificationSkills,ArthropodIDGuide.pdf,
3243,2020-09-30,21:23:56,10.1.50.1,identificationSkills,"Dichotomous Keys to Arthropod Orders.pdf",
3244,2020-09-30,21:24:10,10.1.50.1,identificationSkills,ArthropodIDGuide.pdf,
3245,2020-10-01,22:02:33,10.1.51.1,identificationSkills,"Dichotomous Keys to Arthropod Orders.pdf",
3246,2020-10-01,23:43:48,10.1.49.1,identificationSkills,ArthropodIDGuide.pdf,
3247,2020-10-02,14:31:00,10.1.51.1,identificationSkills,"Dichotomous Keys to Arthropod Orders.pdf",
3248,2020-10-02,14:33:05,10.1.51.1,identificationSkills,ArthropodIDGuide.pdf,
3249,2020-10-02,14:35:44,10.1.51.1,resources,GettingStarted.pdf,
3250,2020-10-02,14:37:29,10.1.51.1,resources,TrainingParticipants.pdf,
3251,2020-10-02,14:43:50,10.1.51.1,resources,"Vernal Pool Ruggles 2007.pdf",
3252,2020-10-02,21:07:39,10.1.51.1,identificationSkills,ArthropodIDGuide.pdf,
3253,2020-10-02,21:07:58,10.1.51.1,identificationSkills,"Dichotomous Keys to Arthropod Orders.pdf",
3254,2020-10-03,19:30:24,10.1.50.1,identificationSkills,ArthropodIDGuide.pdf,
3255,2020-10-05,00:51:03,10.1.51.1,identificationSkills,"Dichotomous Keys to Arthropod Orders.pdf",
3256,2020-10-05,00:51:09,10.1.51.1,identificationSkills,ArthropodIDGuide.pdf,
3257,2020-10-06,12:59:29,10.1.49.1,resources,ManageMySurveysGuide.pdf,
3258,2020-10-06,22:28:55,10.1.50.1,dataDownload,"Dynamically Generated CSV","Site: All, YearStart: 2002, YearEnd: 2020, Arthropod: moths"
3259,2020-10-06,22:50:35,10.1.50.1,dataDownload,"Dynamically Generated CSV","Site: All, YearStart: 2002, YearEnd: 2020, Arthropod: All"
3260,2020-10-07,22:20:39,10.1.49.1,mapsAndGraphs,"Dynamically Generated Map CSV","Comparison Metric: Number per Survey, Observation Method: All, Arthropod Group: Leaf Hoppers and Cicadas, Minimum Length (mm): 0, Plant Species: All, Wet Leaves: true, Month Start: 1, Month End: 12, Year Start: 2002, YearEnd: 2020"
3261,2020-10-08,01:29:23,10.1.49.1,dataDownload,"Dynamically Generated CSV","Site: All, YearStart: 2002, YearEnd: 2020, Arthropod: All"
3262,2020-10-08,17:31:18,10.1.49.1,identificationSkills,ArthropodIDGuide.pdf,
3263,2020-10-09,14:54:15,10.1.51.1,dataDownload,"Dynamically Generated CSV","Site: All, YearStart: 2002, YearEnd: 2020, Arthropod: All"
3264,2020-10-09,17:15:27,10.1.50.1,identificationSkills,ArthropodIDGuide.pdf,
3265,2020-10-09,17:17:09,10.1.50.1,identificationSkills,"Dichotomous Keys to Arthropod Orders.pdf",
3266,2020-10-14,13:18:09,10.1.51.1,identificationSkills,"Dichotomous Keys to Arthropod Orders.pdf",
3267,2020-10-14,13:18:24,10.1.51.1,identificationSkills,ArthropodIDGuide.pdf,
3268,2020-10-15,03:39:42,10.1.49.1,dataDownload,"Dynamically Generated CSV","Site: 90, YearStart: 2018, YearEnd: 2018, Arthropod: All"
3269,2020-10-16,19:21:37,10.1.49.1,dataDownload,"Dynamically Generated CSV","Site: 217, YearStart: 2020, YearEnd: 2020, Arthropod: All"
3270,2020-10-16,19:21:55,10.1.50.1,dataDownload,"Dynamically Generated CSV","Site: 88, YearStart: 2019, YearEnd: 2019, Arthropod: All"
3271,2020-10-17,22:54:54,10.1.50.1,conductASurvey,paperDataSheet.pdf,
3272,2020-10-18,00:44:33,10.1.50.1,dataDownload,"Dynamically Generated CSV","Site: 158, YearStart: 2019, YearEnd: 2019, Arthropod: caterpillar"
3273,2020-10-18,18:28:40,10.1.50.1,dataDownload,"Dynamically Generated CSV","Site: 78, YearStart: 2017, YearEnd: 2018, Arthropod: caterpillar"
3274,2020-10-18,22:31:21,10.1.51.1,conductASurvey,paperDataSheet.pdf,
3275,2020-10-18,22:46:03,10.1.51.1,identificationSkills,"Dichotomous Keys to Arthropod Orders.pdf",
3276,2020-10-18,23:21:51,10.1.49.1,dataDownload,"Dynamically Generated CSV","Site: All, YearStart: 2002, YearEnd: 2020, Arthropod: caterpillar"
3277,2020-10-19,02:39:55,10.1.49.1,conductASurvey,paperDataSheet.pdf,
3278,2020-10-19,13:38:30,10.1.51.1,identificationSkills,"Dichotomous Keys to Arthropod Orders.pdf",
3279,2020-10-19,15:56:37,10.1.51.1,conductASurvey,paperDataSheet.pdf,
3280,2020-10-19,15:59:50,10.1.51.1,dataDownload,"Dynamically Generated CSV","Site: 60, YearStart: 2018, YearEnd: 2019, Arthropod: All"
3281,2020-10-19,17:58:41,10.1.49.1,dataDownload,"Dynamically Generated CSV","Site: 60, YearStart: 2018, YearEnd: 2019, Arthropod: All"
3282,2020-10-19,18:26:22,10.1.51.1,identificationSkills,ArthropodIDGuide.pdf,
3283,2020-10-19,18:36:23,10.1.51.1,mapsAndGraphs,"Dynamically Generated Composition CSV","X-Axis: site, Y-Axis: Percent of Arthropods, Sites Included: NC Botanical Garden"
3284,2020-10-19,19:05:49,10.1.49.1,identificationSkills/index.html,,
3285,2020-10-19,19:12:29,10.1.49.1,identificationSkills,ArthropodIDGuide.pdf,
3286,2020-10-19,20:06:56,10.1.49.1,dataDownload,"Dynamically Generated CSV","Site: 78, YearStart: 2015, YearEnd: 2020, Arthropod: caterpillar"
3287,2020-10-19,20:26:39,10.1.50.1,dataDownload,"Dynamically Generated CSV","Site: 78, YearStart: 2015, YearEnd: 2020, Arthropod: caterpillar"
3288,2020-10-19,20:47:58,10.1.49.1,dataDownload,"Dynamically Generated CSV","Site: 78, YearStart: 2017, YearEnd: 2018, Arthropod: caterpillar"
3289,2020-10-19,20:49:04,10.1.49.1,dataDownload,"Dynamically Generated CSV","Site: 91, YearStart: 2020, YearEnd: 2020, Arthropod: caterpillar"
3290,2020-10-19,20:50:42,10.1.49.1,dataDownload,"Dynamically Generated CSV","Site: 78, YearStart: 2017, YearEnd: 2018, Arthropod: caterpillar"
3291,2020-10-19,22:14:20,10.1.49.1,dataDownload,"Dynamically Generated CSV","Site: 74, YearStart: 2017, YearEnd: 2017, Arthropod: caterpillar"
3292,2020-10-19,22:27:37,10.1.51.1,identificationSkills,ArthropodIDGuide.pdf,
3293,2020-10-19,22:30:41,10.1.51.1,dataDownload,"Dynamically Generated CSV","Site: All, YearStart: 2017, YearEnd: 2018, Arthropod: caterpillar"
3294,2020-10-19,22:48:12,10.1.49.1,dataDownload,"Dynamically Generated CSV","Site: 78, YearStart: 2015, YearEnd: 2020, Arthropod: All"
3295,2020-10-19,22:54:07,10.1.49.1,dataDownload,"Dynamically Generated CSV","Site: 78, YearStart: 2015, YearEnd: 2020, Arthropod: All"
3296,2020-10-19,23:20:35,10.1.51.1,identificationSkills,ArthropodIDGuide.pdf,
3297,2020-10-19,23:29:53,10.1.51.1,dataDownload,"Dynamically Generated CSV","Site: 78, YearStart: 2017, YearEnd: 2018, Arthropod: caterpillar"
3298,2020-10-20,00:31:51,10.1.50.1,mapsAndGraphs,"Dynamically Generated Composition CSV","X-Axis: site, Y-Axis: Biomass Per Survey, Sites Included: NC Botanical Garden"
3299,2020-10-20,00:38:30,10.1.49.1,identificationSkills,ArthropodIDGuide.pdf,
3300,2020-10-20,00:52:57,10.1.51.1,dataDownload,"Dynamically Generated CSV","Site: 60, YearStart: 2018, YearEnd: 2019, Arthropod: caterpillar"
3301,2020-10-20,00:57:27,10.1.51.1,conductASurvey,paperDataSheet.pdf,
3302,2020-10-20,01:15:59,10.1.49.1,dataDownload,"Dynamically Generated CSV","Site: 78, YearStart: 2017, YearEnd: 2018, Arthropod: caterpillar"
3303,2020-10-20,01:20:56,10.1.49.1,dataDownload,"Dynamically Generated CSV","Site: 78, YearStart: 2015, YearEnd: 2020, Arthropod: caterpillar"
3304,2020-10-20,03:08:16,10.1.49.1,conductASurvey,paperDataSheet.pdf,
3305,2020-10-20,03:10:19,10.1.49.1,identificationSkills,"Dichotomous Keys to Arthropod Orders.pdf",
3306,2020-10-20,03:10:24,10.1.49.1,identificationSkills,ArthropodIDGuide.pdf,
3307,2020-10-20,03:33:54,10.1.49.1,conductASurvey,paperDataSheet.pdf,
3308,2020-10-20,03:42:35,10.1.51.1,identificationSkills,ArthropodIDGuide.pdf,
3309,2020-10-20,07:00:59,10.1.51.1,mapsAndGraphs,"Dynamically Generated Composition CSV","X-Axis: plant species, Y-Axis: Percent of Arthropods"
3310,2020-10-20,11:54:55,10.1.51.1,dataDownload,"Dynamically Generated CSV","Site: 121, YearStart: 2012, YearEnd: 2012, Arthropod: caterpillar"
3311,2020-10-20,12:46:26,10.1.49.1,dataDownload,"Dynamically Generated CSV","Site: 78, YearStart: 2015, YearEnd: 2020, Arthropod: caterpillar"
3312,2020-10-20,16:03:28,10.1.49.1,dataDownload,"Dynamically Generated CSV","Site: 78, YearStart: 2015, YearEnd: 2020, Arthropod: All"
3313,2020-10-20,17:24:18,10.1.50.1,dataDownload,"Dynamically Generated CSV","Site: 78, YearStart: 2015, YearEnd: 2020, Arthropod: All"
3314,2020-10-20,18:40:18,10.1.50.1,identificationSkills,ArthropodIDGuide.pdf,
3315,2020-10-20,18:45:56,10.1.50.1,dataDownload,"Dynamically Generated CSV","Site: 78, YearStart: 2015, YearEnd: 2020, Arthropod: caterpillar"
3316,2020-10-20,18:49:00,10.1.51.1,mapsAndGraphs,"Dynamically Generated Phenology CSV","Y-Axis: Percent of Surveys, Lines:"
3317,2020-10-20,20:27:18,10.1.51.1,dataDownload,"Dynamically Generated CSV","Site: 78, YearStart: 2017, YearEnd: 2018, Arthropod: caterpillar"
3318,2020-10-20,21:06:04,10.1.49.1,dataDownload,"Dynamically Generated CSV","Site: 78, YearStart: 2017, YearEnd: 2018, Arthropod: caterpillar"
3319,2020-10-20,21:06:28,10.1.49.1,dataDownload,"Dynamically Generated CSV","Site: All, YearStart: 2017, YearEnd: 2018, Arthropod: caterpillar"
3320,2020-10-20,21:22:21,10.1.50.1,conductASurvey,paperDataSheet.pdf,
3321,2020-10-20,21:37:40,10.1.50.1,dataDownload,"Dynamically Generated CSV","Site: All, YearStart: 2017, YearEnd: 2018, Arthropod: caterpillar"
3322,2020-10-20,21:46:14,10.1.50.1,dataDownload,"Dynamically Generated CSV","Site: 78, YearStart: 2017, YearEnd: 2018, Arthropod: caterpillar"
3323,2020-10-20,21:50:54,10.1.50.1,dataDownload,"Dynamically Generated CSV","Site: 78, YearStart: 2015, YearEnd: 2020, Arthropod: caterpillar"
3324,2020-10-20,22:07:34,10.1.50.1,dataDownload,"Dynamically Generated CSV","Site: 78, YearStart: 2015, YearEnd: 2020, Arthropod: caterpillar"
3325,2020-10-20,22:08:50,10.1.50.1,dataDownload,"Dynamically Generated CSV","Site: 78, YearStart: 2015, YearEnd: 2020, Arthropod: caterpillar"
3326,2020-10-20,22:37:37,10.1.49.1,dataDownload,"Dynamically Generated CSV","Site: 78, YearStart: 2017, YearEnd: 2018, Arthropod: caterpillar"
3327,2020-10-20,22:40:44,10.1.50.1,dataDownload,"Dynamically Generated CSV","Site: 78, YearStart: 2015, YearEnd: 2020, Arthropod: caterpillar"
3328,2020-10-21,00:35:47,10.1.49.1,identificationSkills,ArthropodIDGuide.pdf,
3329,2020-10-21,00:44:13,10.1.49.1,dataDownload,"Dynamically Generated CSV","Site: 78, YearStart: 2015, YearEnd: 2020, Arthropod: caterpillar"
3330,2020-10-21,00:50:19,10.1.50.1,dataDownload,"Dynamically Generated CSV","Site: 78, YearStart: 2015, YearEnd: 2020, Arthropod: caterpillar"
3331,2020-10-21,00:52:55,10.1.50.1,dataDownload,"Dynamically Generated CSV","Site: 81, YearStart: 2017, YearEnd: 2017, Arthropod: caterpillar"
3332,2020-10-21,00:56:28,10.1.50.1,mapsAndGraphs,"Dynamically Generated Map CSV","Comparison Metric: Percent of Surveys, Observation Method: All, Arthropod Group: Caterpillars, Minimum Length (mm): 0, Plant Species: All, Wet Leaves: true, Month Start: 1, Month End: 12, Year Start: 2002, YearEnd: 2020"
3333,2020-10-21,01:31:33,10.1.50.1,mapsAndGraphs,"Dynamically Generated Composition CSV","X-Axis: site, Y-Axis: Percent of Arthropods, Sites Included: NC Botanical Garden"
3334,2020-10-21,01:31:49,10.1.50.1,identificationSkills/index.html,,
3335,2020-10-21,01:33:11,10.1.49.1,resources,"Data Exploration.pdf",
3336,2020-10-21,01:33:33,10.1.49.1,resources,ManageMySurveysGuide.pdf,
3337,2020-10-21,01:33:41,10.1.49.1,identificationSkills,ArthropodIDGuide.pdf,
3338,2020-10-21,01:38:28,10.1.49.1,dataDownload,"Dynamically Generated CSV","Site: 78, YearStart: 2015, YearEnd: 2020, Arthropod: All"
3339,2020-10-21,01:53:46,10.1.50.1,conductASurvey,paperDataSheet.pdf,
3340,2020-10-21,01:55:57,10.1.49.1,dataDownload,"Dynamically Generated CSV","Site: 78, YearStart: 2017, YearEnd: 2018, Arthropod: caterpillar"
3341,2020-10-21,02:18:52,10.1.50.1,dataDownload,"Dynamically Generated CSV","Site: 78, YearStart: 2015, YearEnd: 2020, Arthropod: caterpillar"
3342,2020-10-21,02:26:05,10.1.50.1,dataDownload,"Dynamically Generated CSV","Site: All, YearStart: 2017, YearEnd: 2018, Arthropod: caterpillar"
3343,2020-10-21,02:46:56,10.1.51.1,dataDownload,"Dynamically Generated CSV","Site: 60, YearStart: 2018, YearEnd: 2019, Arthropod: All"
3344,2020-10-21,03:04:54,10.1.50.1,dataDownload,"Dynamically Generated CSV","Site: 78, YearStart: 2015, YearEnd: 2020, Arthropod: All"
3345,2020-10-21,03:49:44,10.1.51.1,dataDownload,"Dynamically Generated CSV","Site: 78, YearStart: 2015, YearEnd: 2020, Arthropod: caterpillar"
3346,2020-10-21,18:04:23,10.1.49.1,dataDownload,"Dynamically Generated CSV","Site: 78, YearStart: 2015, YearEnd: 2015, Arthropod: caterpillar"
3347,2020-10-21,19:44:56,10.1.51.1,dataDownload,"Dynamically Generated CSV","Site: 78, YearStart: 2015, YearEnd: 2015, Arthropod: caterpillar"
3348,2020-10-21,21:26:48,10.1.51.1,identificationSkills,ArthropodIDGuide.pdf,
3349,2020-10-22,03:54:34,10.1.49.1,identificationSkills,"Dichotomous Keys to Arthropod Orders.pdf",
3350,2020-10-22,06:52:55,10.1.49.1,conductASurvey,paperDataSheet.pdf,
3351,2020-10-22,15:00:05,10.1.51.1,dataDownload,"Dynamically Generated CSV","Site: All, YearStart: 2015, YearEnd: 2015, Arthropod: All"
3352,2020-10-22,15:00:15,10.1.51.1,dataDownload,"Dynamically Generated CSV","Site: All, YearStart: 2015, YearEnd: 2015, Arthropod: caterpillar"
3353,2020-10-23,02:18:36,10.1.51.1,mapsAndGraphs,"Dynamically Generated Phenology CSV","Y-Axis: Percent of Surveys, Lines: Caterpillars at NC Botanical Garden in 2020;"
3354,2020-10-23,06:06:20,10.1.51.1,dataDownload,"Dynamically Generated CSV","Site: All, YearStart: 2015, YearEnd: 2015, Arthropod: caterpillar"
3355,2020-10-23,06:14:29,10.1.51.1,mapsAndGraphs,"Dynamically Generated Phenology CSV","Y-Axis: Number Per Survey, Lines: Caterpillars at NC Botanical Garden in 2020;"
3356,2020-10-23,06:17:53,10.1.51.1,dataDownload,"Dynamically Generated CSV","Site: 78, YearStart: 2015, YearEnd: 2015, Arthropod: caterpillar"
3357,2020-10-23,06:29:48,10.1.50.1,dataDownload,"Dynamically Generated CSV","Site: 78, YearStart: 2015, YearEnd: 2015, Arthropod: caterpillar"
3358,2020-10-23,07:20:07,10.1.50.1,identificationSkills,"Dichotomous Keys to Arthropod Orders.pdf",
3359,2020-10-23,15:31:35,10.1.49.1,dataDownload,"Dynamically Generated CSV","Site: 78, YearStart: 2015, YearEnd: 2015, Arthropod: All"
3360,2020-10-23,18:10:05,10.1.49.1,mapsAndGraphs,"Dynamically Generated Map CSV","Comparison Metric: Number per Survey, Observation Method: All, Arthropod Group: Beetles, Minimum Length (mm): 0, Plant Species: All, Wet Leaves: true, Month Start: 6, Month End: 6, Year Start: 2019, YearEnd: 2019"
3361,2020-10-25,20:20:25,10.1.49.1,identificationSkills,"Dichotomous Keys to Arthropod Orders.pdf",
3362,2020-10-28,04:34:52,10.1.49.1,identificationSkills,ArthropodIDGuide.pdf,
3363,2020-10-29,14:24:11,10.1.51.1,resources,GettingStarted.pdf,
3364,2020-10-29,14:37:50,10.1.51.1,resources,TrainingParticipants.pdf,
3365,2020-10-29,14:46:43,10.1.51.1,conductASurvey,paperDataSheet.pdf,
3366,2020-10-29,18:31:07,10.1.51.1,dataDownload,"Dynamically Generated CSV","Site: 68, YearStart: 2018, YearEnd: 2019, Arthropod: All"
3367,2020-10-30,15:36:48,10.1.49.1,identificationSkills/index.html,,
3368,2020-10-30,15:37:18,10.1.49.1,identificationSkills/index.html,,
3369,2020-11-01,23:18:38,10.1.51.1,identificationSkills,ArthropodIDGuide.pdf,
3370,2020-11-02,07:01:43,10.1.50.1,mapsAndGraphs,"Dynamically Generated Phenology CSV","Y-Axis: Percent of Surveys, Lines: Caterpillars at NC Botanical Garden in 2020;"
3371,2020-11-02,17:04:48,10.1.50.1,mapsAndGraphs,"Dynamically Generated Map CSV","Comparison Metric: Percent of Surveys, Observation Method: All, Arthropod Group: All Arthropods, Minimum Length (mm): 0, Plant Species: All, Wet Leaves: true, Month Start: 1, Month End: 12, Year Start: 2014, YearEnd: 2018"
3372,2020-11-02,17:12:31,10.1.49.1,identificationSkills,ArthropodIDGuide.pdf,
3373,2020-11-02,17:12:50,10.1.49.1,identificationSkills,"Dichotomous Keys to Arthropod Orders.pdf",
3374,2020-11-02,17:35:41,10.1.49.1,mapsAndGraphs,"Dynamically Generated Map CSV","Comparison Metric: Percent of Surveys, Observation Method: All, Arthropod Group: Caterpillars, Minimum Length (mm): 0, Plant Species: All, Wet Leaves: true, Month Start: 1, Month End: 12, Year Start: 2002, YearEnd: 2020"
3375,2020-11-02,17:36:24,10.1.49.1,mapsAndGraphs,"Dynamically Generated Map CSV","Comparison Metric: Percent of Surveys, Observation Method: All, Arthropod Group: Caterpillars, Minimum Length (mm): 0, Plant Species: All, Wet Leaves: true, Month Start: 1, Month End: 12, Year Start: 2002, YearEnd: 2020"
3376,2020-11-02,19:49:42,10.1.51.1,resources,hotOrCold.pdf,
3377,2020-11-02,20:57:15,10.1.51.1,identificationSkills,"Dichotomous Keys to Arthropod Orders.pdf",
3378,2020-11-02,20:57:53,10.1.51.1,identificationSkills,ArthropodIDGuide.pdf,
3379,2020-11-03,00:52:25,10.1.51.1,mapsAndGraphs,"Dynamically Generated Phenology CSV","Y-Axis: Percent of Surveys, Lines: Caterpillars at NC Botanical Garden in 2015;"
3380,2020-11-03,01:21:45,10.1.50.1,dataDownload,"Dynamically Generated CSV","Site: All, YearStart: 2002, YearEnd: 2005, Arthropod: All"
3381,2020-11-03,01:48:50,10.1.51.1,dataDownload,"Dynamically Generated CSV","Site: 217, YearStart: 2020, YearEnd: 2020, Arthropod: All"
3382,2020-11-03,01:50:16,10.1.51.1,dataDownload,"Dynamically Generated CSV","Site: 217, YearStart: 2020, YearEnd: 2020, Arthropod: caterpillar"
3383,2020-11-03,01:51:20,10.1.51.1,dataDownload,"Dynamically Generated CSV","Site: 182, YearStart: 2018, YearEnd: 2019, Arthropod: All"
3384,2020-11-03,02:16:48,10.1.49.1,mapsAndGraphs,"Dynamically Generated Phenology CSV","Y-Axis: Percent of Surveys, Lines: Caterpillars at East Carolina University in 2019; Caterpillars at East Carolina University in 2019;"
3385,2020-11-03,13:05:16,10.1.51.1,identificationSkills,ArthropodIDGuide.pdf,
3386,2020-11-03,13:06:30,10.1.51.1,identificationSkills,"Dichotomous Keys to Arthropod Orders.pdf",
3387,2020-11-03,13:06:35,10.1.51.1,identificationSkills,"Dichotomous Keys to Arthropod Orders.pdf",
3388,2020-11-06,18:09:38,10.1.51.1,mapsAndGraphs,"Dynamically Generated Composition CSV","X-Axis: site, Y-Axis: Biomass Per Survey, Sites Included: EwA at Fresh Pond"
3389,2020-11-06,18:22:01,10.1.51.1,mapsAndGraphs,"Dynamically Generated Composition CSV","X-Axis: year, Y-Axis: Biomass Per Survey"
3390,2020-11-06,18:23:35,10.1.51.1,mapsAndGraphs,"Dynamically Generated Composition CSV","X-Axis: year, Y-Axis: Biomass Per Survey"
3391,2020-11-06,18:38:53,10.1.51.1,mapsAndGraphs,"Dynamically Generated Composition CSV","X-Axis: year, Y-Axis: Biomass Per Survey"
3392,2020-11-06,18:41:26,10.1.51.1,mapsAndGraphs,"Dynamically Generated Composition CSV","X-Axis: year, Y-Axis: Percent of Arthropods"
3393,2020-11-06,18:44:05,10.1.51.1,mapsAndGraphs,"Dynamically Generated Composition CSV","X-Axis: year, Y-Axis: Biomass Per Survey"
3394,2020-11-06,18:50:01,10.1.51.1,mapsAndGraphs,"Dynamically Generated Composition CSV","X-Axis: year, Y-Axis: Biomass Per Survey"
3395,2020-11-07,15:23:21,10.1.51.1,identificationSkills,ArthropodIDGuide.pdf,
3396,2020-11-07,16:10:31,10.1.51.1,dataDownload,"Dynamically Generated CSV","Site: 193, YearStart: 2019, YearEnd: 2020, Arthropod: All"
3397,2020-11-07,16:13:08,10.1.51.1,dataDownload,"Dynamically Generated CSV","Site: 193, YearStart: 2020, YearEnd: 2020, Arthropod: other"
3398,2020-11-07,16:14:11,10.1.51.1,dataDownload,"Dynamically Generated CSV","Site: 192, YearStart: 2019, YearEnd: 2020, Arthropod: other"
3399,2020-11-07,16:20:46,10.1.51.1,dataDownload,"Dynamically Generated CSV","Site: 191, YearStart: 2020, YearEnd: 2020, Arthropod: other"
3400,2020-11-07,16:22:44,10.1.51.1,dataDownload,"Dynamically Generated CSV","Site: 196, YearStart: 2020, YearEnd: 2020, Arthropod: other"
3401,2020-11-11,05:08:03,10.1.49.1,identificationSkills,"Dichotomous Keys to Arthropod Orders.pdf",
3402,2020-11-11,05:08:18,10.1.49.1,identificationSkills,ArthropodIDGuide.pdf,
3403,2020-11-12,14:59:47,10.1.49.1,identificationSkills,"Dichotomous Keys to Arthropod Orders.pdf",
3404,2020-11-12,15:00:01,10.1.49.1,identificationSkills,ArthropodIDGuide.pdf,
3405,2020-11-12,15:00:12,10.1.51.1,identificationSkills,"Dichotomous Keys to Arthropod Orders.pdf",
3406,2020-11-12,15:00:31,10.1.51.1,identificationSkills,ArthropodIDGuide.pdf,
3407,2020-11-12,15:06:54,10.1.51.1,identificationSkills,ArthropodIDGuide.pdf,
3408,2020-11-12,16:35:32,10.1.51.1,identificationSkills,ArthropodIDGuide.pdf,
3409,2020-11-12,17:55:07,10.1.49.1,identificationSkills/index.html,,
3410,2020-11-13,14:45:04,10.1.51.1,identificationSkills,ArthropodIDGuide.pdf,
3411,2020-11-13,16:23:44,10.1.50.1,identificationSkills,"Dichotomous Keys to Arthropod Orders.pdf",
3412,2020-11-13,16:23:58,10.1.50.1,identificationSkills,"Dichotomous Keys to Arthropod Orders.pdf",
3413,2020-11-13,16:24:00,10.1.50.1,identificationSkills,ArthropodIDGuide.pdf,
3414,2020-11-13,16:24:40,10.1.50.1,resources,ArthropodIDslides.pdf,
3415,2020-11-13,16:26:24,10.1.50.1,identificationSkills,ArthropodIDGuide.pdf,
3416,2020-11-13,16:26:34,10.1.50.1,identificationSkills,ArthropodIDGuide.pdf,
3417,2020-11-13,16:27:20,10.1.50.1,resources,"Data Exploration.pdf",
3418,2020-11-13,18:19:14,10.1.50.1,resources,ArthropodIDslides.pdf,
3419,2020-11-13,18:20:19,10.1.50.1,resources,TrainingParticipants.pdf,
3420,2020-11-13,18:20:52,10.1.50.1,resources,BugBlitz_ProjectInfo.pdf,
3421,2020-11-15,17:33:45,10.1.50.1,identificationSkills,"Dichotomous Keys to Arthropod Orders.pdf",
3422,2020-12-02,20:29:29,10.1.50.1,identificationSkills,ArthropodIDGuide.pdf,
3423,2020-12-02,20:29:38,10.1.50.1,identificationSkills,ArthropodIDGuide.pdf,
3424,2020-12-04,03:05:48,10.1.49.1,identificationSkills/index.html,,
3425,2020-12-04,03:06:13,10.1.49.1,identificationSkills/index.html,,
3426,2020-12-04,03:06:19,10.1.49.1,identificationSkills/index.html,,
3427,2020-12-04,03:07:12,10.1.49.1,identificationSkills/index.html,,
3428,2020-12-04,19:59:50,10.1.49.1,resources,BugBlitz_ProjectInfo.pdf,
3429,2020-12-04,20:00:43,10.1.49.1,identificationSkills,ArthropodIDGuide.pdf,
3430,2020-12-04,20:01:04,10.1.49.1,resources,ArthropodIDslides.pdf,
3431,2020-12-07,03:34:06,10.1.50.1,identificationSkills,ArthropodIDGuide.pdf,
3432,2020-12-07,03:34:18,10.1.50.1,identificationSkills,"Dichotomous Keys to Arthropod Orders.pdf",
3433,2020-12-07,15:21:46,10.1.49.1,resources,ManageMySurveysGuide.pdf,
3434,2020-12-08,14:06:13,10.1.51.1,identificationSkills,ArthropodIDGuide.pdf,
3435,2020-12-08,17:51:03,10.1.49.1,dataDownload,"Dynamically Generated CSV","Site: 210, YearStart: 2020, YearEnd: 2020, Arthropod: All"
3436,2020-12-09,17:32:38,10.1.51.1,identificationSkills/index.html,,
3437,2020-12-12,00:52:14,10.1.51.1,,,
3438,2020-12-14,16:22:47,10.1.51.1,identificationSkills,ArthropodIDGuide.pdf,
3439,2020-12-15,22:26:35,10.1.51.1,conductASurvey,paperDataSheet.pdf,
3440,2020-12-15,22:27:28,10.1.51.1,identificationSkills/index.html,,
3441,2020-12-15,22:27:50,10.1.51.1,identificationSkills/index.html,,
3442,2020-12-15,22:30:20,10.1.51.1,identificationSkills/index.html,,
3443,2020-12-20,00:42:44,10.1.49.1,identificationSkills/index.html,,
3444,2020-12-23,01:13:38,10.1.50.1,identificationSkills,"Dichotomous Keys to Arthropod Orders.pdf",
3445,2020-12-26,21:21:45,10.1.49.1,identificationSkills,"Dichotomous Keys to Arthropod Orders.pdf",
3446,2020-12-26,21:22:08,10.1.49.1,identificationSkills,ArthropodIDGuide.pdf,
3447,2020-12-31,16:09:26,10.1.51.1,resources,ManageMySurveysGuide.pdf,
3448,2021-01-01,23:55:57,10.1.50.1,identificationSkills/index.html,,
3449,2021-01-01,23:57:29,10.1.50.1,identificationSkills/index.html,,
3450,2021-01-03,19:42:44,10.1.51.1,identificationSkills/index.html,,
3451,2021-01-08,14:48:42,10.1.51.1,resources,TrainingParticipants.pdf,
3452,2021-01-08,14:50:04,10.1.51.1,resources,BugBlitz_ProjectInfo.pdf,
3453,2021-01-08,14:50:30,10.1.51.1,resources,Caterpillars.pdf,
3454,2021-01-08,14:50:59,10.1.51.1,resources,"Vernal Pool Ruggles 2007.pdf",
3455,2021-01-11,13:34:20,10.1.51.1,identificationSkills,ArthropodIDGuide.pdf,
3456,2021-01-11,13:35:00,10.1.51.1,identificationSkills,"Dichotomous Keys to Arthropod Orders.pdf",
3457,2021-01-11,14:24:43,10.1.49.1,dataDownload,"Dynamically Generated CSV","Site: 52, YearStart: 2017, YearEnd: 2020, Arthropod: All"
3458,2021-01-11,14:28:23,10.1.49.1,mapsAndGraphs,"Dynamically Generated Phenology CSV","Y-Axis: Percent of Surveys, Lines: Caterpillars at NC Botanical Garden in 2020; Caterpillars at NC Botanical Garden in 2019;"
3459,2021-01-12,17:50:01,10.1.51.1,identificationSkills/index.html,,
3460,2021-01-12,18:44:11,10.1.51.1,identificationSkills,"Dichotomous Keys to Arthropod Orders.pdf",
3461,2021-01-12,20:40:02,10.1.49.1,conductASurvey,paperDataSheet.pdf,
3462,2021-01-13,21:38:22,10.1.49.1,resources,Caterpillars.pdf,
3463,2021-01-18,15:34:06,10.1.51.1,identificationSkills/index.html,,
3464,2021-01-18,16:18:13,10.1.51.1,mapsAndGraphs,"Dynamically Generated Phenology CSV","Y-Axis: Percent of Surveys, Lines: Caterpillars at EwA at the Fells in 2019; Caterpillars at EwA at the Fells in 2020;"
3465,2021-01-20,22:52:49,10.1.49.1,identificationSkills,ArthropodIDGuide.pdf,
3466,2021-01-20,23:02:18,10.1.49.1,identificationSkills,ArthropodIDGuide.pdf,
3467,2021-01-21,13:35:20,10.1.51.1,identificationSkills,ArthropodIDGuide.pdf,
3468,2021-01-22,21:24:43,10.1.50.1,conductASurvey,paperDataSheet.pdf,
3469,2021-01-25,18:49:16,10.1.49.1,resources,GettingStarted.pdf,
3470,2021-01-26,20:07:41,10.1.49.1,identificationSkills/index.html,,
3471,2021-01-28,17:12:41,10.1.51.1,conductASurvey,paperDataSheet.pdf,
3472,2021-01-29,16:41:47,10.1.51.1,mapsAndGraphs,"Dynamically Generated Map CSV","Comparison Metric: Percent of Surveys, Observation Method: All, Arthropod Group: Caterpillars, Minimum Length (mm): 0, Plant Species: All, Wet Leaves: true, Month Start: 1, Month End: 12, Year Start: 2002, YearEnd: 2021"
3473,2021-01-29,16:44:03,10.1.51.1,mapsAndGraphs,"Dynamically Generated Phenology CSV","Y-Axis: Percent of Surveys, Lines: Caterpillars at Brookbanks Park in 2020;"
3474,2021-01-29,16:45:47,10.1.51.1,mapsAndGraphs,"Dynamically Generated Composition CSV","X-Axis: site, Y-Axis: Percent of Arthropods, Sites Included: Brookbanks Park"
3475,2021-01-30,21:10:18,10.1.51.1,dataDownload,"Dynamically Generated CSV","Site: 213, YearStart: 2020, YearEnd: 2020, Arthropod: moths"
3476,2021-02-02,16:19:48,10.1.51.1,identificationSkills,ArthropodIDGuide.pdf,
3477,2021-02-02,16:20:31,10.1.51.1,identificationSkills,"Dichotomous Keys to Arthropod Orders.pdf",
3478,2021-02-02,16:28:52,10.1.51.1,resources,GettingStarted.pdf,
3479,2021-02-02,16:32:54,10.1.51.1,resources,TrainingParticipants.pdf,
3480,2021-02-02,16:34:37,10.1.51.1,resources,TrainingParticipants.pdf,
3481,2021-02-03,21:19:08,10.1.51.1,identificationSkills/index.html,,
3482,2021-02-03,21:21:47,10.1.51.1,identificationSkills/index.html,,
3483,2021-02-03,21:26:34,10.1.51.1,identificationSkills/index.html,,
3484,2021-02-03,23:54:14,10.1.50.1,identificationSkills,ArthropodIDGuide.pdf,
3485,2021-02-03,23:57:21,10.1.50.1,identificationSkills,"Dichotomous Keys to Arthropod Orders.pdf",
3486,2021-02-04,16:44:28,10.1.49.1,conductASurvey,paperDataSheet.pdf,
3487,2021-02-05,02:10:58,10.1.50.1,identificationSkills,ArthropodIDGuide.pdf,
3488,2021-02-05,19:30:33,10.1.51.1,dataDownload,"Dynamically Generated CSV","Site: 225, YearStart: 2020, YearEnd: 2020, Arthropod: All"
3489,2021-02-05,19:32:51,10.1.51.1,dataDownload,"Dynamically Generated CSV","Site: 225, YearStart: 2020, YearEnd: 2020, Arthropod: All"
3490,2021-02-06,15:07:12,10.1.51.1,dataDownload,"Dynamically Generated CSV","Site: All, YearStart: 2002, YearEnd: 2020, Arthropod: caterpillar"
3491,2021-02-06,15:07:55,10.1.51.1,dataDownload,"Dynamically Generated CSV","Site: All, YearStart: 2002, YearEnd: 2020, Arthropod: All"
3492,2021-02-06,15:12:29,10.1.51.1,dataDownload,"Dynamically Generated CSV","Site: All, YearStart: 2002, YearEnd: 2020, Arthropod: All"
3493,2021-02-06,17:41:59,10.1.51.1,dataDownload,"Dynamically Generated CSV","Site: All, YearStart: 2002, YearEnd: 2020, Arthropod: All"
3494,2021-02-06,18:58:44,10.1.49.1,dataDownload,"Dynamically Generated CSV","Site: 217, YearStart: 2020, YearEnd: 2020, Arthropod: All"
3495,2021-02-06,19:00:10,10.1.49.1,mapsAndGraphs,"Dynamically Generated Phenology CSV","Y-Axis: Percent of Surveys, Lines: Caterpillars at EwA at the Fells in 2020;"
3496,2021-02-07,20:52:37,10.1.49.1,dataDownload,"Dynamically Generated CSV","Site: 95, YearStart: 2018, YearEnd: 2020, Arthropod: All"
3497,2021-02-07,20:53:13,10.1.49.1,dataDownload,"Dynamically Generated CSV","Site: 226, YearStart: 2020, YearEnd: 2020, Arthropod: All"
3498,2021-02-07,20:53:39,10.1.49.1,dataDownload,"Dynamically Generated CSV","Site: 52, YearStart: 2017, YearEnd: 2020, Arthropod: ant"
3499,2021-02-07,20:53:58,10.1.49.1,mapsAndGraphs,"Dynamically Generated Map CSV","Comparison Metric: Percent of Surveys, Observation Method: All, Arthropod Group: Caterpillars, Minimum Length (mm): 0, Plant Species: All, Wet Leaves: true, Month Start: 1, Month End: 12, Year Start: 2002, YearEnd: 2021"
3500,2021-02-07,20:55:41,10.1.49.1,dataDownload,"Dynamically Generated CSV","Site: All, YearStart: 2002, YearEnd: 2020, Arthropod: All"
3501,2021-02-07,20:56:25,10.1.49.1,dataDownload,"Dynamically Generated CSV","Site: 95, YearStart: 2020, YearEnd: 2020, Arthropod: All"
3502,2021-02-07,20:59:39,10.1.49.1,dataDownload,"Dynamically Generated CSV","Site: 95, YearStart: 2018, YearEnd: 2020, Arthropod: All"
3503,2021-02-08,02:41:26,10.1.50.1,identificationSkills,"Dichotomous Keys to Arthropod Orders.pdf",
3504,2021-02-09,14:58:07,10.1.49.1,dataDownload,"Dynamically Generated CSV","Site: 222, YearStart: 2021, YearEnd: 2021, Arthropod: All"
3505,2021-02-10,17:59:35,10.1.49.1,resources,TrainingParticipants.pdf,
3506,2021-02-11,15:11:10,10.1.51.1,dataDownload,"Dynamically Generated CSV","Site: 95, YearStart: 2018, YearEnd: 2020, Arthropod: All"
3507,2021-02-12,03:22:32,10.1.49.1,dataDownload,"Dynamically Generated CSV","Site: 217, YearStart: 2020, YearEnd: 2020, Arthropod: All"
3508,2021-02-12,15:29:42,10.1.49.1,dataDownload,"Dynamically Generated CSV","Site: 213, YearStart: 2020, YearEnd: 2020, Arthropod: All"
3509,2021-02-13,19:01:10,10.1.49.1,dataDownload,"Dynamically Generated CSV","Site: All, YearStart: 2002, YearEnd: 2020, Arthropod: All"
3510,2021-02-15,22:17:24,10.1.49.1,dataDownload,"Dynamically Generated CSV","Site: All, YearStart: 2002, YearEnd: 2020, Arthropod: All"
3511,2021-02-15,22:19:44,10.1.49.1,dataDownload,"Dynamically Generated CSV","Site: 52, YearStart: 2017, YearEnd: 2020, Arthropod: All"
3512,2021-02-17,15:15:52,10.1.49.1,resources,Caterpillars.pdf,
3513,2021-02-17,15:24:44,10.1.49.1,resources,hotOrCold.pdf,
3514,2021-02-17,16:52:10,10.1.51.1,identificationSkills,ArthropodIDGuide.pdf,
3515,2021-02-17,16:54:34,10.1.51.1,identificationSkills,"Dichotomous Keys to Arthropod Orders.pdf",
3516,2021-02-18,02:27:58,10.1.51.1,identificationSkills/index.html,,
3517,2021-02-18,02:28:43,10.1.51.1,identificationSkills/index.html,,
3518,2021-02-18,20:07:52,10.1.50.1,dataDownload,"Dynamically Generated CSV","Site: 225, YearStart: 2020, YearEnd: 2020, Arthropod: All"
3519,2021-02-20,13:43:07,10.1.50.1,identificationSkills/index.html,,
3520,2021-02-20,13:44:42,10.1.50.1,identificationSkills/index.html,,
3521,2021-02-22,15:39:45,10.1.51.1,resources,VisualSurveyTestBranch.pdf,
3522,2021-02-22,19:52:40,10.1.50.1,identificationSkills,"Dichotomous Keys to Arthropod Orders.pdf",
3523,2021-02-25,17:04:07,10.1.49.1,identificationSkills/index.html,,
3524,2021-02-25,17:05:30,10.1.49.1,identificationSkills/index.html,,
3525,2021-02-25,17:10:47,10.1.49.1,identificationSkills/index.html,,
3526,2021-02-25,17:52:20,10.1.50.1,mapsAndGraphs,"Dynamically Generated Phenology CSV","Y-Axis: Percent of Surveys, Lines: Caterpillars at Brookbanks Park in 2020;"
3527,2021-03-06,00:58:47,10.1.49.1,resources,ArthropodIDslides.pdf,
3528,2021-03-08,17:21:21,10.1.51.1,identificationSkills,ArthropodIDGuide.pdf,
3529,2021-03-08,17:23:35,10.1.51.1,identificationSkills,"Dichotomous Keys to Arthropod Orders.pdf",
3530,2021-03-08,17:31:27,10.1.51.1,identificationSkills,ArthropodIDGuide.pdf,
3531,2021-03-08,17:31:41,10.1.51.1,identificationSkills,ArthropodIDGuide.pdf,
3532,2021-03-08,17:42:30,10.1.49.1,resources,VisualSurveyTestBranch.pdf,
3533,2021-03-08,20:44:54,10.1.49.1,resources,"Arthropod Food Web lesson plan.pdf",
3534,2021-03-08,20:45:15,10.1.49.1,resources,"Phenology Across Trophic Levels lesson plan.pdf",
3535,2021-03-08,21:18:45,10.1.49.1,identificationSkills/index.html,,
3536,2021-03-08,21:24:43,10.1.49.1,identificationSkills/index.html,,
3537,2021-03-08,21:27:30,10.1.49.1,identificationSkills/index.html,,
3538,2021-03-08,23:33:18,10.1.49.1,resources,"Vernal Pool Ruggles 2007.pdf",
3539,2021-03-09,13:51:34,10.1.51.1,conductASurvey,paperDataSheet.pdf,
3540,2021-03-10,20:55:54,10.1.49.1,resources,VisualSurveyTestBranch.pdf,
3541,2021-03-11,23:32:02,10.1.51.1,identificationSkills/index.html,,
3542,2021-03-11,23:34:10,10.1.51.1,identificationSkills/index.html,,
3543,2021-03-12,20:29:24,10.1.49.1,identificationSkills/index.html,,
3544,2021-03-12,20:59:00,10.1.50.1,identificationSkills/index.html,,
3545,2021-03-12,20:59:19,10.1.50.1,identificationSkills/index.html,,
3546,2021-03-12,21:35:03,10.1.50.1,identificationSkills/index.html,,
3547,2021-03-12,21:35:57,10.1.50.1,identificationSkills/index.html,,
3548,2021-03-13,16:43:07,10.1.50.1,identificationSkills/index.html,,
3549,2021-03-13,17:04:28,10.1.50.1,identificationSkills,ArthropodIDGuide.pdf,
3550,2021-03-13,17:05:20,10.1.50.1,identificationSkills,"Dichotomous Keys to Arthropod Orders.pdf",
3551,2021-03-13,17:06:19,10.1.50.1,identificationSkills,ArthropodIDGuide.pdf,
3552,2021-03-13,19:15:00,10.1.51.1,faq,ArthropodIDGuide.pdf,
3553,2021-03-14,10:18:51,10.1.50.1,conductASurvey,paperDataSheet.pdf,
3554,2021-03-14,16:11:24,10.1.51.1,conductASurvey,paperDataSheet.pdf,
3555,2021-03-14,19:41:59,10.1.49.1,identificationSkills/index.html,,
3556,2021-03-14,20:26:23,10.1.51.1,identificationSkills/index.html,,
3557,2021-03-14,20:27:53,10.1.51.1,identificationSkills/index.html,,
3558,2021-03-14,20:28:30,10.1.51.1,identificationSkills/index.html,,
3559,2021-03-14,20:28:43,10.1.51.1,identificationSkills/index.html,,
3560,2021-03-14,20:30:48,10.1.51.1,identificationSkills/index.html,,
3561,2021-03-14,20:37:08,10.1.51.1,identificationSkills/index.html,,
3562,2021-03-15,12:34:19,10.1.49.1,resources,TrainingParticipants.pdf,
3563,2021-03-15,13:10:43,10.1.49.1,resources,TrainingParticipants.pdf,
3564,2021-03-15,13:26:41,10.1.51.1,identificationSkills,ArthropodIDGuide.pdf,
3565,2021-03-15,13:27:14,10.1.51.1,identificationSkills,"Dichotomous Keys to Arthropod Orders.pdf",
3566,2021-03-15,13:40:04,10.1.51.1,resources,VisualSurveyTestBranch.pdf,
3567,2021-03-15,13:52:23,10.1.49.1,resources,ArthropodIDslides.pdf,
3568,2021-03-15,14:09:27,10.1.51.1,identificationSkills/index.html,,
3569,2021-03-15,14:25:10,10.1.49.1,resources,VisualSurveyTestBranch.pdf,
3570,2021-03-15,16:29:52,10.1.51.1,identificationSkills,ArthropodIDGuide.pdf,
3571,2021-03-15,16:38:37,10.1.51.1,resources,"Arthropod Food Web lesson plan.pdf",
3572,2021-03-15,16:41:52,10.1.51.1,resources,"Data Exploration.pdf",
3573,2021-03-15,16:43:11,10.1.51.1,resources,MSPhenology.pdf,
3574,2021-03-15,16:54:18,10.1.51.1,resources,"Building A Beat Sheet.pdf",
3575,2021-03-15,16:55:10,10.1.51.1,resources,MobileAppManual.pdf,
3576,2021-03-15,16:55:15,10.1.51.1,resources,VisualSurveyTestBranch.pdf,
3577,2021-03-15,18:42:47,10.1.51.1,resources,BugBlitz_ProjectInfo.pdf,
3578,2021-03-15,21:31:01,10.1.49.1,identificationSkills,ArthropodIDGuide.pdf,
3579,2021-03-15,21:33:17,10.1.49.1,identificationSkills,"Dichotomous Keys to Arthropod Orders.pdf",
3580,2021-03-15,21:49:59,10.1.49.1,resources,Caterpillars.pdf,
3581,2021-03-16,00:56:16,10.1.49.1,identificationSkills/index.html,,
3582,2021-03-16,00:59:08,10.1.49.1,identificationSkills/index.html,,
3583,2021-03-16,00:59:41,10.1.49.1,identificationSkills/index.html,,
3584,2021-03-16,01:05:15,10.1.50.1,resources,GettingStarted.pdf,
3585,2021-03-16,01:19:53,10.1.51.1,conductASurvey,paperDataSheet.pdf,
3586,2021-03-16,13:21:53,10.1.51.1,resources,"Building A Beat Sheet.pdf",
3587,2021-03-16,13:31:28,10.1.51.1,resources,"Building A Beat Sheet.pdf",
3588,2021-03-16,17:15:00,10.1.49.1,identificationSkills/index.html,,
3589,2021-03-16,18:24:52,10.1.51.1,resources,"Phenology Across Trophic Levels lesson plan.pdf",
3590,2021-03-16,18:44:15,10.1.51.1,identificationSkills/index.html,,
3591,2021-03-16,18:46:49,10.1.51.1,identificationSkills/index.html,,
3592,2021-03-16,20:21:33,10.1.50.1,conductASurvey,paperDataSheet.pdf,
3593,2021-03-16,20:23:03,10.1.51.1,identificationSkills,"Dichotomous Keys to Arthropod Orders.pdf",
3594,2021-03-16,20:23:56,10.1.51.1,conductASurvey,paperDataSheet.pdf,
3595,2021-03-16,20:24:40,10.1.50.1,identificationSkills/index.html,,
3596,2021-03-16,21:43:48,10.1.49.1,conductASurvey,paperDataSheet.pdf,
3597,2021-03-17,01:57:20,10.1.49.1,identificationSkills,ArthropodIDGuide.pdf,
3598,2021-03-17,02:39:13,10.1.49.1,identificationSkills/index.html,,
3599,2021-03-17,13:37:02,10.1.49.1,conductASurvey,paperDataSheet.pdf,
3600,2021-03-17,20:29:54,10.1.49.1,resources,Caterpillars.pdf,
3601,2021-03-18,00:25:18,10.1.51.1,identificationSkills,"Dichotomous Keys to Arthropod Orders.pdf",
3602,2021-03-18,02:23:18,10.1.50.1,identificationSkills/index.html,,
3603,2021-03-18,03:58:13,10.1.50.1,conductASurvey,paperDataSheet.pdf,
3604,2021-03-18,12:10:53,10.1.50.1,identificationSkills/index.html,,
3605,2021-03-18,23:06:43,10.1.51.1,identificationSkills,ArthropodIDGuide.pdf,
3606,2021-03-18,23:07:47,10.1.51.1,identificationSkills,ArthropodIDGuide.pdf,
3607,2021-03-18,23:07:51,10.1.51.1,identificationSkills,"Dichotomous Keys to Arthropod Orders.pdf",
3608,2021-03-19,12:06:20,10.1.51.1,conductASurvey,paperDataSheet.pdf,
3609,2021-03-20,05:24:51,10.1.49.1,identificationSkills,ArthropodIDGuide.pdf,
3610,2021-03-21,16:32:44,10.1.50.1,identificationSkills,"Dichotomous Keys to Arthropod Orders.pdf",
3611,2021-03-21,16:34:08,10.1.50.1,identificationSkills,ArthropodIDGuide.pdf,
3612,2021-03-21,20:25:50,10.1.49.1,dataDownload,"Dynamically Generated CSV","Site: All, YearStart: 2002, YearEnd: 2002, Arthropod: All"
3613,2021-03-21,21:38:29,10.1.49.1,resources,GettingStarted.pdf,
3614,2021-03-21,21:38:30,10.1.49.1,resources,TrainingParticipants.pdf,
3615,2021-03-22,05:29:30,10.1.50.1,identificationSkills,ArthropodIDGuide.pdf,
3616,2021-03-22,05:29:52,10.1.50.1,identificationSkills,"Dichotomous Keys to Arthropod Orders.pdf",
3617,2021-03-22,05:31:27,10.1.50.1,resources,"Building A Beat Sheet.pdf",
3618,2021-03-22,05:32:34,10.1.50.1,resources,MSPhenology.pdf,
3619,2021-03-22,05:33:11,10.1.50.1,resources,TrainingParticipants.pdf,
3620,2021-03-22,12:37:45,10.1.51.1,identificationSkills/index.html,,
3621,2021-03-22,15:16:19,10.1.49.1,resources,"Building A Beat Sheet.pdf",
3622,2021-03-22,15:32:18,10.1.49.1,resources,TrainingParticipants.pdf,
3623,2021-03-22,15:52:09,10.1.49.1,resources,paperDataSheet.pdf,
3624,2021-03-22,15:53:10,10.1.49.1,resources,"Building A Beat Sheet.pdf",
3625,2021-03-22,19:00:09,10.1.49.1,identificationSkills/index.html,,
3626,2021-03-22,19:10:08,10.1.50.1,identificationSkills/index.html,,
3627,2021-03-23,20:04:19,10.1.49.1,identificationSkills,"Dichotomous Keys to Arthropod Orders.pdf",
3628,2021-03-24,02:11:24,10.1.49.1,identificationSkills/index.html,,
3629,2021-03-24,10:52:32,10.1.50.1,faq,ArthropodIDGuide.pdf,
3630,2021-03-24,14:39:43,10.1.49.1,resources,GettingStarted.pdf,
3631,2021-03-24,14:39:59,10.1.49.1,resources,GettingStarted.pdf,
3632,2021-03-24,16:36:19,10.1.50.1,resources,ArthropodIDslides.pdf,
3633,2021-03-24,16:37:35,10.1.50.1,resources,TrainingParticipants.pdf,
3634,2021-03-24,16:37:53,10.1.50.1,resources,VisualSurveyTestBranch.pdf,
3635,2021-03-24,16:38:36,10.1.50.1,resources,TrainingParticipants.pdf,
3636,2021-03-24,17:34:51,10.1.50.1,resources,ArthropodIDslides.pdf,
3637,2021-03-24,17:39:06,10.1.51.1,resources,TrainingParticipants.pdf,
3638,2021-03-24,17:56:02,10.1.51.1,resources,ArthropodIDslides.pdf,
3639,2021-03-24,17:59:27,10.1.50.1,resources,VisualSurveyTestBranch.pdf,
3640,2021-03-24,18:05:16,10.1.50.1,resources,GettingStarted.pdf,
3641,2021-03-25,12:27:51,10.1.50.1,identificationSkills/index.html,,
3642,2021-03-25,14:24:54,10.1.49.1,resources,MobileAppManual.pdf,
3643,2021-03-25,14:32:58,10.1.49.1,identificationSkills/index.html,,
3644,2021-03-25,14:49:34,10.1.51.1,identificationSkills/index.html,,
3645,2021-03-25,14:49:37,10.1.51.1,identificationSkills/index.html,,
3646,2021-03-25,18:43:19,10.1.49.1,resources,GettingStarted.pdf,
3647,2021-03-25,18:52:00,10.1.49.1,resources,GettingStarted.pdf,
3648,2021-03-25,20:29:38,10.1.51.1,conductASurvey,paperDataSheet.pdf,
3649,2021-03-25,20:51:57,10.1.49.1,resources,GettingStarted.pdf,
3650,2021-03-25,21:11:14,10.1.49.1,resources,VisualSurveyTestBranch.pdf,
3651,2021-03-25,21:35:10,10.1.51.1,conductASurvey,paperDataSheet.pdf,
3652,2021-03-25,21:36:45,10.1.51.1,resources,GettingStarted.pdf,
3653,2021-03-26,01:15:36,10.1.50.1,resources,GettingStarted.pdf,
3654,2021-03-26,11:53:01,10.1.50.1,identificationSkills/index.html,,
3655,2021-03-26,12:28:06,10.1.49.1,identificationSkills/index.html,,
3656,2021-03-26,12:28:29,10.1.49.1,conductASurvey,paperDataSheet.pdf,
3657,2021-03-26,12:51:06,10.1.51.1,identificationSkills/index.html,,
3658,2021-03-26,13:00:10,10.1.51.1,identificationSkills/index.html,,
3659,2021-03-26,13:03:59,10.1.51.1,identificationSkills/index.html,,
3660,2021-03-26,14:15:39,10.1.50.1,identificationSkills/index.html,,
3661,2021-03-26,15:11:20,10.1.50.1,resources,GettingStarted.pdf,
3662,2021-03-26,16:21:51,10.1.49.1,identificationSkills/index.html,,
3663,2021-03-26,16:22:06,10.1.49.1,identificationSkills/index.html,,
3664,2021-03-26,18:05:42,10.1.51.1,resources,"Building A Beat Sheet.pdf",
3665,2021-03-26,23:43:00,10.1.49.1,resources,GettingStarted.pdf,
3666,2021-03-27,04:12:52,10.1.50.1,identificationSkills,ArthropodIDGuide.pdf,
3667,2021-03-27,13:10:25,10.1.50.1,identificationSkills,"Dichotomous Keys to Arthropod Orders.pdf",
3668,2021-03-27,14:41:55,10.1.49.1,resources,MobileAppManual.pdf,
3669,2021-03-27,14:42:02,10.1.49.1,resources,MobileAppManual.pdf,
3670,2021-03-27,14:42:09,10.1.49.1,resources,VisualSurveyTestBranch.pdf,
3671,2021-03-27,14:59:06,10.1.49.1,resources,GettingStarted.pdf,
3672,2021-03-28,06:04:27,10.1.51.1,identificationSkills/index.html,,
3673,2021-03-28,06:04:50,10.1.51.1,identificationSkills/index.html,,
3674,2021-03-28,17:59:40,10.1.49.1,resources,"Arthropod Food Web lesson plan.pdf",
3675,2021-03-28,18:00:01,10.1.49.1,resources,hotOrCold.pdf,
3676,2021-03-29,14:32:20,10.1.51.1,identificationSkills/index.html,,
3677,2021-03-29,14:32:46,10.1.51.1,identificationSkills/index.html,,
3678,2021-03-30,18:32:30,10.1.49.1,resources,GettingStarted.pdf,
3679,2021-03-30,18:32:43,10.1.49.1,resources,ArthropodIDslides.pdf,
3680,2021-03-30,18:33:02,10.1.49.1,identificationSkills,ArthropodIDGuide.pdf,
3681,2021-03-30,18:33:32,10.1.49.1,identificationSkills,ArthropodIDGuide.pdf,
3682,2021-03-31,05:37:00,10.1.49.1,dataDownload,"Dynamically Generated CSV","Site: 78, YearStart: 2017, YearEnd: 2018, Arthropod: caterpillar"
3683,2021-03-31,13:29:15,10.1.51.1,identificationSkills/index.html,,
3684,2021-03-31,19:37:53,10.1.49.1,identificationSkills/index.html,,
3685,2021-03-31,19:39:44,10.1.49.1,identificationSkills/index.html,,
3686,2021-03-31,19:41:56,10.1.49.1,identificationSkills/index.html,,
3687,2021-03-31,19:42:08,10.1.49.1,identificationSkills/index.html,,
3688,2021-03-31,21:05:13,10.1.49.1,identificationSkills/index.html,,
3689,2021-04-01,03:18:42,10.1.50.1,identificationSkills,ArthropodIDGuide.pdf,
3690,2021-04-01,15:26:18,10.1.51.1,identificationSkills/index.html,,
3691,2021-04-01,15:30:57,10.1.49.1,identificationSkills/index.html,,
3692,2021-04-01,15:35:18,10.1.51.1,identificationSkills/index.html,,
3693,2021-04-01,15:38:26,10.1.51.1,identificationSkills/index.html,,
3694,2021-04-01,15:45:07,10.1.51.1,identificationSkills/index.html,,
3695,2021-04-01,15:46:16,10.1.51.1,identificationSkills/index.html,,
3696,2021-04-01,15:55:29,10.1.49.1,resources,BugBlitz_ProjectInfo.pdf,
3697,2021-04-01,18:20:05,10.1.51.1,identificationSkills,ArthropodIDGuide.pdf,
3698,2021-04-01,18:21:48,10.1.50.1,identificationSkills,ArthropodIDGuide.pdf,
3699,2021-04-01,18:33:57,10.1.51.1,resources,BugBlitz_ProjectInfo.pdf,
3700,2021-04-01,18:34:17,10.1.51.1,resources,MSPhenology.pdf,
3701,2021-04-01,18:50:15,10.1.50.1,resources,"Building A Beat Sheet.pdf",
3702,2021-04-01,18:52:01,10.1.50.1,resources,MobileAppManual.pdf,
3703,2021-04-01,18:52:11,10.1.50.1,resources,TrainingParticipants.pdf,
3704,2021-04-01,18:53:29,10.1.50.1,resources,GettingStarted.pdf,
3705,2021-04-01,18:57:48,10.1.49.1,identificationSkills/index.html,,
3706,2021-04-01,18:59:10,10.1.49.1,identificationSkills/index.html,,
3707,2021-04-01,19:09:24,10.1.50.1,identificationSkills,ArthropodIDGuide.pdf,
3708,2021-04-01,19:11:39,10.1.50.1,identificationSkills,ArthropodIDGuide.pdf,
3709,2021-04-01,19:11:45,10.1.50.1,identificationSkills,"Dichotomous Keys to Arthropod Orders.pdf",
3710,2021-04-01,19:14:42,10.1.50.1,identificationSkills,ArthropodIDGuide.pdf,
3711,2021-04-01,19:21:35,10.1.50.1,identificationSkills,ArthropodIDGuide.pdf,
3712,2021-04-01,19:21:42,10.1.50.1,identificationSkills,"Dichotomous Keys to Arthropod Orders.pdf",
3713,2021-04-01,19:32:46,10.1.50.1,identificationSkills,"Dichotomous Keys to Arthropod Orders.pdf",
3714,2021-04-01,19:59:16,10.1.50.1,conductASurvey,paperDataSheet.pdf,
3715,2021-04-01,20:00:33,10.1.50.1,resources,ArthropodIDslides.pdf,
3716,2021-04-01,20:04:30,10.1.50.1,resources,"Building A Beat Sheet.pdf",
3717,2021-04-01,20:05:04,10.1.50.1,resources,MobileAppManual.pdf,
3718,2021-04-01,20:05:17,10.1.50.1,resources,GettingStarted.pdf,
3719,2021-04-02,02:16:27,10.1.49.1,identificationSkills,"Dichotomous Keys to Arthropod Orders.pdf",
3720,2021-04-02,04:13:10,10.1.49.1,identificationSkills,"Dichotomous Keys to Arthropod Orders.pdf",
3721,2021-04-02,20:56:14,10.1.49.1,identificationSkills,ArthropodIDGuide.pdf,
3722,2021-04-02,20:59:35,10.1.49.1,identificationSkills,ArthropodIDGuide.pdf,
3723,2021-04-02,20:59:42,10.1.49.1,identificationSkills,"Dichotomous Keys to Arthropod Orders.pdf",
3724,2021-04-02,21:22:20,10.1.49.1,identificationSkills,ArthropodIDGuide.pdf,
3725,2021-04-02,21:32:19,10.1.50.1,identificationSkills/index.html,,
3726,2021-04-02,21:35:51,10.1.50.1,identificationSkills/index.html,,
3727,2021-04-02,22:51:11,10.1.51.1,conductASurvey,paperDataSheet.pdf,
3728,2021-04-02,22:56:25,10.1.51.1,mapsAndGraphs,"Dynamically Generated Map CSV","Comparison Metric: Percent of Surveys, Observation Method: All, Arthropod Group: Caterpillars, Minimum Length (mm): 0, Plant Species: All, Wet Leaves: true, Month Start: 1, Month End: 12, Year Start: 2002, YearEnd: 2021"
3729,2021-04-02,23:01:57,10.1.51.1,dataDownload,"Dynamically Generated CSV","Site: 78, YearStart: 2017, YearEnd: 2018, Arthropod: caterpillar"
3730,2021-04-03,02:48:39,10.1.49.1,identificationSkills,"Dichotomous Keys to Arthropod Orders.pdf",
3731,2021-04-03,19:09:25,10.1.51.1,dataDownload,"Dynamically Generated CSV","Site: 78, YearStart: 2017, YearEnd: 2018, Arthropod: caterpillar"
3732,2021-04-04,01:21:53,10.1.50.1,resources,Caterpillars.pdf,
3733,2021-04-04,03:41:42,10.1.49.1,dataDownload,"Dynamically Generated CSV","Site: 78, YearStart: 2017, YearEnd: 2018, Arthropod: caterpillar"
3734,2021-04-04,05:50:18,10.1.50.1,dataDownload,"Dynamically Generated CSV","Site: 91, YearStart: 2021, YearEnd: 2021, Arthropod: caterpillar"
3735,2021-04-04,05:51:14,10.1.50.1,dataDownload,"Dynamically Generated CSV","Site: 78, YearStart: 2017, YearEnd: 2018, Arthropod: caterpillar"
3736,2021-04-04,06:08:17,10.1.51.1,identificationSkills/index.html,,
3737,2021-04-04,06:09:37,10.1.51.1,identificationSkills/index.html,,
3738,2021-04-04,11:48:24,10.1.50.1,dataDownload,"Dynamically Generated CSV","Site: 78, YearStart: 2017, YearEnd: 2018, Arthropod: caterpillar"
3739,2021-04-04,17:29:05,10.1.50.1,identificationSkills/index.html,,
3740,2021-04-04,21:23:33,10.1.50.1,conductASurvey,paperDataSheet.pdf,
3741,2021-04-05,02:42:25,10.1.51.1,conductASurvey,paperDataSheet.pdf,
3742,2021-04-05,02:42:46,10.1.51.1,conductASurvey,paperDataSheet.pdf,
3743,2021-04-05,16:35:15,10.1.50.1,identificationSkills,ArthropodIDGuide.pdf,
3744,2021-04-05,18:23:57,10.1.51.1,dataDownload,"Dynamically Generated CSV","Site: 78, YearStart: 2015, YearEnd: 2020, Arthropod: caterpillar"
3745,2021-04-05,19:39:38,10.1.51.1,identificationSkills,ArthropodIDGuide.pdf,
3746,2021-04-06,00:45:34,10.1.50.1,identificationSkills/index.html,,
3747,2021-04-06,00:47:41,10.1.50.1,identificationSkills/index.html,,
3748,2021-04-06,00:49:30,10.1.50.1,identificationSkills/index.html,,
3749,2021-04-06,00:52:33,10.1.50.1,identificationSkills/index.html,,
3750,2021-04-06,01:13:19,10.1.51.1,identificationSkills/index.html,,
3751,2021-04-06,02:28:00,10.1.51.1,identificationSkills/index.html,,
3752,2021-04-06,02:36:32,10.1.51.1,dataDownload,"Dynamically Generated CSV","Site: 78, YearStart: 2015, YearEnd: 2020, Arthropod: All"
3753,2021-04-06,06:07:46,10.1.51.1,dataDownload,"Dynamically Generated CSV","Site: 78, YearStart: 2017, YearEnd: 2018, Arthropod: caterpillar"
3754,2021-04-06,14:03:37,10.1.49.1,identificationSkills,ArthropodIDGuide.pdf,
3755,2021-04-06,16:09:14,10.1.49.1,dataDownload,"Dynamically Generated CSV","Site: All, YearStart: 2017, YearEnd: 2018, Arthropod: All"
3756,2021-04-06,18:32:19,10.1.51.1,identificationSkills/index.html,,
3757,2021-04-06,18:42:43,10.1.51.1,dataDownload,"Dynamically Generated CSV","Site: All, YearStart: 2017, YearEnd: 2018, Arthropod: caterpillar"
3758,2021-04-06,19:14:29,10.1.50.1,identificationSkills,ArthropodIDGuide.pdf,
3759,2021-04-06,22:10:28,10.1.50.1,identificationSkills,"Dichotomous Keys to Arthropod Orders.pdf",
3760,2021-04-06,22:11:11,10.1.50.1,identificationSkills,ArthropodIDGuide.pdf,
3761,2021-04-06,22:19:16,10.1.49.1,dataDownload,"Dynamically Generated CSV","Site: 60, YearStart: 2018, YearEnd: 2019, Arthropod: caterpillar"
3762,2021-04-07,00:58:09,10.1.49.1,dataDownload,"Dynamically Generated CSV","Site: All, YearStart: 2017, YearEnd: 2018, Arthropod: All"
3763,2021-04-07,01:30:08,10.1.49.1,mapsAndGraphs,"Dynamically Generated Phenology CSV","Y-Axis: Percent of Surveys, Lines: Caterpillars at NC Botanical Garden in 2020;"
3764,2021-04-07,03:03:55,10.1.51.1,conductASurvey,paperDataSheet.pdf,
3765,2021-04-07,16:44:56,10.1.50.1,identificationSkills,ArthropodIDGuide.pdf,
3766,2021-04-07,17:36:39,10.1.51.1,dataDownload,"Dynamically Generated CSV","Site: 185, YearStart: 2019, YearEnd: 2019, Arthropod: ant"
3767,2021-04-07,18:14:41,10.1.49.1,dataDownload,"Dynamically Generated CSV","Site: 60, YearStart: 2018, YearEnd: 2019, Arthropod: caterpillar"
3768,2021-04-07,18:17:34,10.1.49.1,dataDownload,"Dynamically Generated CSV","Site: 60, YearStart: 2018, YearEnd: 2019, Arthropod: moths"
3769,2021-04-07,18:18:19,10.1.49.1,dataDownload,"Dynamically Generated CSV","Site: 60, YearStart: 2018, YearEnd: 2019, Arthropod: moths"
3770,2021-04-07,18:19:41,10.1.49.1,dataDownload,"Dynamically Generated CSV","Site: 60, YearStart: 2018, YearEnd: 2019, Arthropod: moths"
3771,2021-04-07,18:21:08,10.1.49.1,dataDownload,"Dynamically Generated CSV","Site: 60, YearStart: 2018, YearEnd: 2019, Arthropod: All"
3772,2021-04-08,03:48:22,10.1.49.1,mapsAndGraphs,"Dynamically Generated Map CSV","Comparison Metric: Percent of Surveys, Observation Method: All, Arthropod Group: Caterpillars, Minimum Length (mm): 0, Plant Species: All, Wet Leaves: true, Month Start: 1, Month End: 12, Year Start: 2002, YearEnd: 2021"
3773,2021-04-08,03:49:25,10.1.51.1,dataDownload,"Dynamically Generated CSV","Site: 78, YearStart: 2015, YearEnd: 2020, Arthropod: caterpillar"
3774,2021-04-08,03:50:54,10.1.49.1,dataDownload,"Dynamically Generated CSV","Site: All, YearStart: 2015, YearEnd: 2020, Arthropod: All"
3775,2021-04-08,10:39:37,10.1.51.1,identificationSkills/index.html,,
3776,2021-04-09,14:28:17,10.1.50.1,dataDownload,"Dynamically Generated CSV","Site: All, YearStart: 2002, YearEnd: 2020, Arthropod: All"
3777,2021-04-09,19:31:27,10.1.51.1,resources,GettingStarted.pdf,
3778,2021-04-09,19:33:31,10.1.51.1,resources,ArthropodIDslides.pdf,
3779,2021-04-09,19:35:40,10.1.51.1,resources,TrainingParticipants.pdf,
3780,2021-04-09,19:46:09,10.1.50.1,dataDownload,"Dynamically Generated CSV","Site: 78, YearStart: 2017, YearEnd: 2018, Arthropod: caterpillar"
3781,2021-04-09,21:37:21,10.1.51.1,conductASurvey,paperDataSheet.pdf,
3782,2021-04-10,13:22:46,10.1.51.1,conductASurvey,paperDataSheet.pdf,
3783,2021-04-10,13:23:14,10.1.51.1,identificationSkills/index.html,,
3784,2021-04-11,01:00:13,10.1.49.1,dataDownload,"Dynamically Generated CSV","Site: 78, YearStart: 2015, YearEnd: 2020, Arthropod: caterpillar"
3785,2021-04-11,18:10:34,10.1.51.1,dataDownload,"Dynamically Generated CSV","Site: 60, YearStart: 2018, YearEnd: 2019, Arthropod: caterpillar"
3786,2021-04-12,01:51:42,10.1.50.1,identificationSkills/index.html,,
3787,2021-04-12,14:04:22,10.1.49.1,resources,GettingStarted.pdf,
3788,2021-04-12,19:47:25,10.1.50.1,identificationSkills/index.html,,
3789,2021-04-12,19:47:39,10.1.50.1,identificationSkills/index.html,,
3790,2021-04-12,20:52:50,10.1.49.1,conductASurvey,paperDataSheet.pdf,
3791,2021-04-13,12:32:19,10.1.51.1,conductASurvey,paperDataSheet.pdf,
3792,2021-04-13,16:49:19,10.1.50.1,resources,BugBlitz_ProjectInfo.pdf,
3793,2021-04-13,16:49:19,10.1.50.1,resources,BugBlitz_ProjectInfo.pdf,
3794,2021-04-13,16:49:20,10.1.50.1,resources,BugBlitz_ProjectInfo.pdf,
3795,2021-04-13,16:49:20,10.1.50.1,resources,BugBlitz_ProjectInfo.pdf,
3796,2021-04-13,17:39:54,10.1.50.1,resources,MSPhenology.pdf,
3797,2021-04-13,17:42:15,10.1.50.1,resources,"Arthropod Food Web lesson plan.pdf",
3798,2021-04-13,19:39:50,10.1.49.1,identificationSkills,ArthropodIDGuide.pdf,
3799,2021-04-13,19:39:51,10.1.50.1,resources,ArthropodIDslides.pdf,
3800,2021-04-13,19:47:40,10.1.50.1,identificationSkills,ArthropodIDGuide.pdf,
3801,2021-04-13,19:49:40,10.1.50.1,resources,"Building A Beat Sheet.pdf",
3802,2021-04-13,19:50:09,10.1.50.1,resources,GettingStarted.pdf,
3803,2021-04-13,20:29:06,10.1.49.1,resources,ArthropodIDslides.pdf,
3804,2021-04-13,21:20:10,10.1.50.1,dataDownload,"Dynamically Generated CSV","Site: All, YearStart: 2017, YearEnd: 2018, Arthropod: caterpillar"
3805,2021-04-13,21:38:30,10.1.51.1,resources,paperDataSheet.pdf,
3806,2021-04-14,15:41:58,10.1.51.1,identificationSkills/index.html,,
3807,2021-04-14,15:49:48,10.1.51.1,identificationSkills/index.html,,
3808,2021-04-14,20:06:01,10.1.50.1,mapsAndGraphs,"Dynamically Generated Map CSV","Comparison Metric: Percent of Surveys, Observation Method: All, Arthropod Group: Caterpillars, Minimum Length (mm): 0, Plant Species: All, Wet Leaves: true, Month Start: 1, Month End: 12, Year Start: 2002, YearEnd: 2021"
3809,2021-04-14,20:06:57,10.1.50.1,mapsAndGraphs,"Dynamically Generated Phenology CSV","Y-Axis: Percent of Surveys, Lines: Caterpillars at NC Botanical Garden in 2020;"
3810,2021-04-15,14:14:13,10.1.50.1,identificationSkills,ArthropodIDGuide.pdf,
3811,2021-04-15,17:19:51,10.1.51.1,identificationSkills/index.html,,
3812,2021-04-15,17:24:31,10.1.50.1,identificationSkills,ArthropodIDGuide.pdf,
3813,2021-04-15,18:06:21,10.1.51.1,identificationSkills/index.html,,
3814,2021-04-15,19:06:50,10.1.49.1,conductASurvey,paperDataSheet.pdf,
3815,2021-04-16,13:58:24,10.1.49.1,resources,ArthropodIDslides.pdf,
3816,2021-04-16,17:23:15,10.1.50.1,identificationSkills/index.html,,
3817,2021-04-16,20:38:58,10.1.51.1,resources,GettingStarted.pdf,
3818,2021-04-16,20:43:12,10.1.51.1,identificationSkills,ArthropodIDGuide.pdf,
3819,2021-04-16,20:43:56,10.1.51.1,identificationSkills,ArthropodIDGuide.pdf,
3820,2021-04-16,20:44:08,10.1.51.1,identificationSkills,ArthropodIDGuide.pdf,
3821,2021-04-16,20:44:25,10.1.51.1,identificationSkills,ArthropodIDGuide.pdf,
3822,2021-04-16,20:44:38,10.1.51.1,identificationSkills,"Dichotomous Keys to Arthropod Orders.pdf",
3823,2021-04-16,22:43:05,10.1.49.1,resources,GettingStarted.pdf,
3824,2021-04-17,11:08:29,10.1.50.1,identificationSkills/index.html,,
3825,2021-04-17,11:25:47,10.1.50.1,conductASurvey,paperDataSheet.pdf,
3826,2021-04-17,11:28:39,10.1.50.1,conductASurvey,paperDataSheet.pdf,
3827,2021-04-17,13:29:47,10.1.50.1,resources,TrainingParticipants.pdf,
3828,2021-04-17,13:30:30,10.1.50.1,resources,GettingStarted.pdf,
3829,2021-04-17,18:12:32,10.1.51.1,identificationSkills/index.html,,
3830,2021-04-17,18:13:58,10.1.51.1,identificationSkills/index.html,,
3831,2021-04-17,18:15:05,10.1.51.1,identificationSkills/index.html,,
3832,2021-04-17,18:21:45,10.1.51.1,conductASurvey,paperDataSheet.pdf,
3833,2021-04-17,19:06:11,10.1.51.1,conductASurvey,paperDataSheet.pdf,
3834,2021-04-17,21:42:49,10.1.49.1,identificationSkills,ArthropodIDGuide.pdf,
3835,2021-04-18,01:22:24,10.1.49.1,identificationSkills/index.html,,
3836,2021-04-18,03:44:04,10.1.49.1,dataDownload,"Dynamically Generated CSV","Site: 78, YearStart: 2015, YearEnd: 2020, Arthropod: caterpillar"
3837,2021-04-18,03:44:47,10.1.49.1,dataDownload,"Dynamically Generated CSV","Site: 78, YearStart: 2015, YearEnd: 2020, Arthropod: caterpillar"
3838,2021-04-18,13:52:04,10.1.51.1,resources,"Building A Beat Sheet.pdf",
3839,2021-04-18,17:58:27,10.1.49.1,resources,ArthropodIDslides.pdf,
3840,2021-04-18,18:02:31,10.1.49.1,resources,paperDataSheet.pdf,
3841,2021-04-18,18:04:00,10.1.49.1,resources,paperDataSheet.pdf,
3842,2021-04-18,22:56:23,10.1.51.1,identificationSkills,"Dichotomous Keys to Arthropod Orders.pdf",
3843,2021-04-18,22:57:14,10.1.51.1,identificationSkills,ArthropodIDGuide.pdf,
3844,2021-04-18,22:57:33,10.1.51.1,identificationSkills,ArthropodIDGuide.pdf,
3845,2021-04-18,22:57:35,10.1.51.1,identificationSkills,"Dichotomous Keys to Arthropod Orders.pdf",
3846,2021-04-19,13:54:54,10.1.50.1,resources,GettingStarted.pdf,
3847,2021-04-20,19:22:37,10.1.50.1,conductASurvey,paperDataSheet.pdf,
3848,2021-04-20,19:39:54,10.1.50.1,identificationSkills/index.html,,
3849,2021-04-20,19:48:43,10.1.50.1,identificationSkills/index.html,,
3850,2021-04-20,20:34:20,10.1.51.1,identificationSkills,ArthropodIDGuide.pdf,
3851,2021-04-20,20:38:40,10.1.51.1,identificationSkills,"Dichotomous Keys to Arthropod Orders.pdf",
3852,2021-04-21,13:54:49,10.1.50.1,resources,"Building A Beat Sheet.pdf",
3853,2021-04-22,00:23:42,10.1.50.1,conductASurvey/index.html,,
3854,2021-04-22,17:24:27,10.1.51.1,identificationSkills,ArthropodIDGuide.pdf,
3855,2021-04-22,17:24:41,10.1.51.1,identificationSkills,ArthropodIDGuide.pdf,
3856,2021-04-22,17:25:05,10.1.51.1,resources,ArthropodIDslides.pdf,
3857,2021-04-22,17:27:00,10.1.50.1,identificationSkills,ArthropodIDGuide.pdf,
3858,2021-04-22,19:15:59,10.1.49.1,identificationSkills,"Dichotomous Keys to Arthropod Orders.pdf",
3859,2021-04-23,19:40:48,10.1.49.1,identificationSkills/index.html,,
3860,2021-04-23,20:42:52,10.1.50.1,resources,GettingStarted.pdf,
3861,2021-04-23,20:43:30,10.1.50.1,resources,TrainingParticipants.pdf,
3862,2021-04-23,20:44:03,10.1.50.1,resources,TrainingParticipants.pdf,
3863,2021-04-24,12:05:31,10.1.51.1,identificationSkills,"Dichotomous Keys to Arthropod Orders.pdf",
3864,2021-04-24,15:05:36,10.1.50.1,identificationSkills,ArthropodIDGuide.pdf,
3865,2021-04-24,15:06:29,10.1.50.1,identificationSkills,ArthropodIDGuide.pdf,
3866,2021-04-25,01:48:47,10.95.123.1,identificationSkills/index.html,,
3867,2021-04-25,11:23:26,10.95.123.1,identificationSkills/index.html,,
3868,2021-04-25,16:34:49,10.95.125.1,conductASurvey,paperDataSheet.pdf,
3869,2021-04-26,01:44:10,10.95.125.1,dataDownload,"Dynamically Generated CSV","Site: 78, YearStart: 2015, YearEnd: 2020, Arthropod: caterpillar"
3870,2021-04-26,01:51:29,10.95.125.1,identificationSkills/index.html,,
3871,2021-04-26,02:08:25,10.95.123.1,identificationSkills,ArthropodIDGuide.pdf,
3872,2021-04-26,02:12:08,10.95.123.1,identificationSkills,"Dichotomous Keys to Arthropod Orders.pdf",
3873,2021-04-26,02:29:17,10.95.125.1,identificationSkills,"Dichotomous Keys to Arthropod Orders.pdf",
3874,2021-04-26,14:32:01,10.95.123.1,identificationSkills/index.html,,
3875,2021-04-26,16:59:22,10.95.123.1,identificationSkills,ArthropodIDGuide.pdf,
3876,2021-04-26,17:35:37,10.95.123.1,identificationSkills,ArthropodIDGuide.pdf,
3877,2021-04-26,17:35:54,10.95.123.1,identificationSkills,ArthropodIDGuide.pdf,
3878,2021-04-26,17:35:59,10.95.123.1,identificationSkills,ArthropodIDGuide.pdf,
3879,2021-04-26,17:36:05,10.95.123.1,identificationSkills,"Dichotomous Keys to Arthropod Orders.pdf",
3880,2021-04-26,18:57:03,10.95.123.1,faq,ArthropodIDGuide.pdf,
3881,2021-04-26,23:23:54,10.95.123.1,identificationSkills/index.html,,
3882,2021-04-26,23:24:55,10.95.123.1,identificationSkills/index.html,,
3883,2021-04-27,03:08:51,10.95.125.1,identificationSkills/index.html,,
3884,2021-04-27,11:31:24,10.95.123.1,conductASurvey,paperDataSheet.pdf,
3885,2021-04-27,12:53:33,10.95.125.1,faq,ArthropodIDGuide.pdf,
3886,2021-04-27,15:03:06,10.95.123.1,identificationSkills,"Dichotomous Keys to Arthropod Orders.pdf",
3887,2021-04-27,16:11:05,10.95.123.1,identificationSkills,"Dichotomous Keys to Arthropod Orders.pdf",
3888,2021-04-27,17:18:11,10.95.125.1,resources,VisualSurveyTestBranch.pdf,
3889,2021-04-28,15:16:12,10.95.123.1,identificationSkills/index.html,,
3890,2021-04-28,17:11:30,10.95.125.1,identificationSkills,ArthropodIDGuide.pdf,
3891,2021-04-28,17:17:16,10.95.123.1,resources,"Building A Beat Sheet.pdf",
3892,2021-04-28,17:22:39,10.95.123.1,conductASurvey,paperDataSheet.pdf,
3893,2021-04-28,19:16:40,10.95.125.1,identificationSkills,ArthropodIDGuide.pdf,
3894,2021-04-29,00:46:19,10.95.125.1,identificationSkills,"Dichotomous Keys to Arthropod Orders.pdf",
3895,2021-04-29,00:46:42,10.95.125.1,identificationSkills,ArthropodIDGuide.pdf,
3896,2021-04-29,02:07:57,10.95.125.1,conductASurvey/index.html,paperDataSheet.pdf,
3897,2021-04-29,02:12:27,10.95.125.1,identificationSkills,ArthropodIDGuide.pdf,
3898,2021-04-29,02:28:25,10.95.125.1,conductASurvey,paperDataSheet.pdf,
3899,2021-04-29,13:10:08,10.95.123.1,identificationSkills,ArthropodIDGuide.pdf,
3900,2021-04-29,13:10:42,10.95.123.1,identificationSkills,"Dichotomous Keys to Arthropod Orders.pdf",
3901,2021-04-29,13:12:59,10.95.125.1,resources,GettingStarted.pdf,
3902,2021-04-29,13:14:13,10.95.125.1,resources,TrainingParticipants.pdf,
3903,2021-04-29,13:18:36,10.95.125.1,identificationSkills,"Dichotomous Keys to Arthropod Orders.pdf",
3904,2021-04-29,13:32:53,10.95.125.1,resources,GettingStarted.pdf,
3905,2021-04-29,16:21:13,10.95.125.1,conductASurvey,paperDataSheet.pdf,
3906,2021-04-29,19:11:08,10.95.125.1,resources,ArthropodIDslides.pdf,
3907,2021-04-29,19:15:20,10.95.125.1,resources,VisualSurveyTestBranch.pdf,
3908,2021-04-29,19:56:25,10.95.125.1,conductASurvey,paperDataSheet.pdf,
3909,2021-04-29,23:59:25,10.95.125.1,identificationSkills,"Dichotomous Keys to Arthropod Orders.pdf",
3910,2021-04-30,00:02:06,10.95.125.1,resources,VisualSurveyTestBranch.pdf,
3911,2021-04-30,01:39:00,10.95.125.1,resources,GettingStarted.pdf,
3912,2021-04-30,14:51:25,10.95.125.1,conductASurvey,paperDataSheet.pdf,
3913,2021-04-30,15:42:33,10.95.125.1,conductASurvey,paperDataSheet.pdf,
3914,2021-04-30,16:35:29,10.95.125.1,identificationSkills/index.html,,
3915,2021-04-30,20:15:30,10.95.125.1,identificationSkills,ArthropodIDGuide.pdf,
3916,2021-05-01,23:39:25,10.95.125.1,identificationSkills,ArthropodIDGuide.pdf,
3917,2021-05-01,23:39:34,10.95.125.1,identificationSkills,"Dichotomous Keys to Arthropod Orders.pdf",
3918,2021-05-02,13:03:41,10.95.123.1,identificationSkills,ArthropodIDGuide.pdf,
3919,2021-05-03,15:26:57,10.95.125.1,conductASurvey,paperDataSheet.pdf,
3920,2021-05-03,17:20:50,10.95.123.1,identificationSkills,ArthropodIDGuide.pdf,
3921,2021-05-03,19:14:48,10.95.125.1,identificationSkills,ArthropodIDGuide.pdf,
3922,2021-05-03,21:20:31,10.95.123.1,resources,GettingStarted.pdf,
3923,2021-05-04,00:10:49,10.95.125.1,resources,GettingStarted.pdf,
3924,2021-05-04,00:11:34,10.95.125.1,resources,TrainingParticipants.pdf,
3925,2021-05-04,00:22:16,10.95.125.1,resources,ArthropodIDslides.pdf,
3926,2021-05-04,00:24:49,10.95.125.1,resources,paperDataSheet.pdf,
3927,2021-05-04,01:40:39,10.95.123.1,conductASurvey,paperDataSheet.pdf,
3928,2021-05-04,17:21:19,10.95.125.1,resources,paperDataSheet.pdf,
3929,2021-05-04,18:28:47,10.95.123.1,resources,"Building A Beat Sheet.pdf",
3930,2021-05-04,20:27:53,10.95.125.1,resources,TrainingParticipants.pdf,
3931,2021-05-04,20:28:15,10.95.125.1,resources,TrainingParticipants.pdf,
3932,2021-05-04,20:43:33,10.95.125.1,resources,GettingStarted.pdf,
3933,2021-05-04,21:23:34,10.95.125.1,identificationSkills,ArthropodIDGuide.pdf,
3934,2021-05-04,21:27:02,10.95.125.1,identificationSkills,"Dichotomous Keys to Arthropod Orders.pdf",
3935,2021-05-04,21:31:15,10.95.125.1,identificationSkills,ArthropodIDGuide.pdf,
3936,2021-05-04,21:46:02,10.95.125.1,identificationSkills,ArthropodIDGuide.pdf,
3937,2021-05-05,16:40:17,10.95.125.1,resources,hotOrCold.pdf,
3938,2021-05-05,17:15:08,10.95.123.1,identificationSkills,ArthropodIDGuide.pdf,
3939,2021-05-05,17:26:51,10.95.123.1,resources,GettingStarted.pdf,
3940,2021-05-05,17:27:38,10.95.123.1,resources,TrainingParticipants.pdf,
3941,2021-05-05,18:40:07,10.95.125.1,resources,VisualSurveyTestBranch.pdf,
3942,2021-05-05,20:28:23,10.95.123.1,resources,ArthropodIDslides.pdf,
3943,2021-05-05,20:53:43,10.95.123.1,resources,ArthropodIDslides.pdf,
3944,2021-05-06,15:21:00,10.95.125.1,identificationSkills/index.html,,
3945,2021-05-06,19:01:59,10.95.125.1,identificationSkills,ArthropodIDGuide.pdf,
3946,2021-05-07,12:55:59,10.95.123.1,identificationSkills,"Dichotomous Keys to Arthropod Orders.pdf",
3947,2021-05-07,14:28:40,10.95.123.1,identificationSkills,ArthropodIDGuide.pdf,
3948,2021-05-07,16:57:46,10.95.125.1,identificationSkills,"Dichotomous Keys to Arthropod Orders.pdf",
3949,2021-05-07,17:49:34,10.95.125.1,conductASurvey,paperDataSheet.pdf,
3950,2021-05-07,17:50:21,10.95.125.1,resources,MobileAppManual.pdf,
3951,2021-05-07,17:50:57,10.95.125.1,identificationSkills,ArthropodIDGuide.pdf,
3952,2021-05-07,20:13:35,10.95.123.1,identificationSkills,ArthropodIDGuide.pdf,
3953,2021-05-07,20:13:50,10.95.123.1,identificationSkills,ArthropodIDGuide.pdf,
3954,2021-05-07,20:13:55,10.95.123.1,identificationSkills,"Dichotomous Keys to Arthropod Orders.pdf",
3955,2021-05-08,01:18:22,10.95.125.1,resources,GettingStarted.pdf,
3956,2021-05-08,01:38:49,10.95.123.1,conductASurvey,paperDataSheet.pdf,
3957,2021-05-08,12:56:57,10.95.125.1,identificationSkills,ArthropodIDGuide.pdf,
3958,2021-05-08,19:21:35,10.95.123.1,resources,Caterpillars.pdf,
3959,2021-05-08,19:22:38,10.95.123.1,resources,"Data Exploration.pdf",
3960,2021-05-08,19:23:17,10.95.123.1,resources,"Arthropod Food Web lesson plan.pdf",
3961,2021-05-08,19:23:38,10.95.123.1,resources,Caterpillars.pdf,
3962,2021-05-08,19:23:46,10.95.123.1,resources,Caterpillars.pdf,
3963,2021-05-10,10:14:11,10.95.123.1,identificationSkills,ArthropodIDGuide.pdf,
3964,2021-05-10,13:58:02,10.95.123.1,resources,TrainingParticipants.pdf,
3965,2021-05-11,20:25:06,10.95.123.1,resources,"Building A Beat Sheet.pdf",
3966,2021-05-12,10:38:04,10.95.125.1,identificationSkills,"Dichotomous Keys to Arthropod Orders.pdf",
3967,2021-05-12,10:38:32,10.95.125.1,identificationSkills,ArthropodIDGuide.pdf,
3968,2021-05-12,17:05:01,10.95.125.1,identificationSkills,ArthropodIDGuide.pdf,
3969,2021-05-12,18:21:36,10.95.118.65,identificationSkills/index.html,,
3970,2021-05-12,18:23:45,10.95.118.65,identificationSkills/index.html,,
3971,2021-05-13,11:48:43,10.95.125.1,mapsAndGraphs,"Dynamically Generated Phenology CSV","Y-Axis: Percent of Surveys, Lines: Caterpillars at EwA at Horn Pond in 2021; All arthropods at EwA at Horn Pond in 2021; Ants at EwA at Horn Pond in 2021; Beetles at EwA at Horn Pond in 2021; Bees, wasps, sawflies at EwA at Horn Pond in 2021; Flies at EwA at Horn Pond in 2021;"
3972,2021-05-13,13:43:24,10.95.125.1,identificationSkills/index.html,,
3973,2021-05-13,14:26:00,10.95.118.65,resources,TrainingParticipants.pdf,
3974,2021-05-13,14:27:04,10.95.118.65,resources,ArthropodIDslides.pdf,
3975,2021-05-13,15:22:45,10.95.125.1,resources,"Data Exploration.pdf",
3976,2021-05-13,16:09:53,10.95.125.1,conductASurvey,paperDataSheet.pdf,
3977,2021-05-14,21:17:07,10.95.118.65,identificationSkills/index.html,,
3978,2021-05-15,11:58:22,10.95.118.65,identificationSkills,ArthropodIDGuide.pdf,
3979,2021-05-15,19:44:09,10.95.118.65,identificationSkills,"Dichotomous Keys to Arthropod Orders.pdf",
3980,2021-05-16,19:52:32,10.95.123.1,resources,MobileAppManual.pdf,
3981,2021-05-16,19:52:55,10.95.123.1,resources,VisualSurveyTestBranch.pdf,
3982,2021-05-17,02:22:38,10.95.123.1,resources,GettingStarted.pdf,
3983,2021-05-17,12:19:53,10.95.123.1,identificationSkills,ArthropodIDGuide.pdf,
3984,2021-05-18,10:47:02,10.95.118.65,conductASurvey,paperDataSheet.pdf,
3985,2021-05-18,10:48:28,10.95.118.65,conductASurvey,paperDataSheet.pdf,
3986,2021-05-18,10:54:06,10.95.118.65,identificationSkills,ArthropodIDGuide.pdf,
3987,2021-05-18,12:46:35,10.95.118.65,identificationSkills/index.html,,
3988,2021-05-18,14:05:19,10.95.123.1,identificationSkills,ArthropodIDGuide.pdf,
3989,2021-05-18,14:06:18,10.95.123.1,identificationSkills,"Dichotomous Keys to Arthropod Orders.pdf",
3990,2021-05-18,22:22:05,10.95.118.65,resources,GettingStarted.pdf,
3991,2021-05-18,22:22:20,10.95.118.65,resources,TrainingParticipants.pdf,
3992,2021-05-19,03:03:16,10.95.123.1,identificationSkills,ArthropodIDGuide.pdf,
3993,2021-05-19,11:58:04,10.95.125.1,identificationSkills,ArthropodIDGuide.pdf,
3994,2021-05-19,15:59:53,10.95.125.1,conductASurvey,paperDataSheet.pdf,
3995,2021-05-19,21:11:44,10.95.118.65,resources,GettingStarted.pdf,
3996,2021-05-20,13:01:20,10.95.125.1,identificationSkills,"Dichotomous Keys to Arthropod Orders.pdf",
3997,2021-05-20,16:39:37,10.95.118.65,conductASurvey/index.html,,
3998,2021-05-20,20:55:25,10.95.125.1,mapsAndGraphs,"Dynamically Generated Composition CSV","X-Axis: plant species, Y-Axis: Percent of Arthropods"
3999,2021-05-20,22:33:02,10.95.123.1,conductASurvey,paperDataSheet.pdf,
4000,2021-05-21,04:52:29,10.95.123.1,identificationSkills,ArthropodIDGuide.pdf,
4001,2021-05-21,04:57:38,10.95.123.1,identificationSkills,"Dichotomous Keys to Arthropod Orders.pdf",
4002,2021-05-21,05:00:28,10.95.123.1,identificationSkills,"Dichotomous Keys to Arthropod Orders.pdf",
4003,2021-05-21,05:04:19,10.95.118.65,identificationSkills,"Dichotomous Keys to Arthropod Orders.pdf",
4004,2021-05-21,05:08:12,10.95.118.65,identificationSkills,ArthropodIDGuide.pdf,
4005,2021-05-21,05:15:35,10.95.118.65,identificationSkills,ArthropodIDGuide.pdf,
4006,2021-05-22,01:06:25,10.95.118.65,identificationSkills,"Dichotomous Keys to Arthropod Orders.pdf",
4007,2021-05-22,01:07:05,10.95.118.65,identificationSkills,ArthropodIDGuide.pdf,
4008,2021-05-22,01:07:50,10.95.118.65,resources,paperDataSheet.pdf,
4009,2021-05-22,01:10:53,10.95.118.65,resources,paperDataSheet.pdf,
4010,2021-05-22,11:01:46,10.95.125.1,,,
4011,2021-05-22,18:31:47,10.95.118.65,identificationSkills,"Dichotomous Keys to Arthropod Orders.pdf",
4012,2021-05-22,19:07:53,10.95.125.1,identificationSkills,"Dichotomous Keys to Arthropod Orders.pdf",
4013,2021-05-22,21:45:09,10.95.125.1,identificationSkills/index.html,,
4014,2021-05-23,18:17:10,10.95.123.1,resources,GettingStarted.pdf,
4015,2021-05-23,23:44:36,10.95.125.1,identificationSkills,ArthropodIDGuide.pdf,
4016,2021-05-24,13:06:34,10.95.118.65,identificationSkills,"Dichotomous Keys to Arthropod Orders.pdf",
4017,2021-05-24,14:53:13,10.95.123.1,identificationSkills,ArthropodIDGuide.pdf,
4018,2021-05-24,23:36:32,10.95.123.1,conductASurvey,paperDataSheet.pdf,
4019,2021-05-25,13:48:24,10.95.118.65,resources,paperDataSheet.pdf,
4020,2021-05-25,14:10:25,10.95.125.1,identificationSkills/index.html,,
4021,2021-05-25,15:25:06,10.95.125.1,identificationSkills,"Dichotomous Keys to Arthropod Orders.pdf",
4022,2021-05-25,16:38:39,10.95.125.1,identificationSkills,ArthropodIDGuide.pdf,
4023,2021-05-25,19:35:34,10.95.125.1,resources,GettingStarted.pdf,
4024,2021-05-25,20:00:00,10.95.118.65,resources,TrainingParticipants.pdf,
4025,2021-05-25,20:01:45,10.95.118.65,identificationSkills,ArthropodIDGuide.pdf,
4026,2021-05-26,14:06:21,10.95.125.1,identificationSkills,"Dichotomous Keys to Arthropod Orders.pdf",
4027,2021-05-26,17:52:41,10.95.118.65,conductASurvey,paperDataSheet.pdf,
4028,2021-05-26,20:11:56,10.95.123.1,identificationSkills/index.html,,
4029,2021-05-27,00:51:18,10.95.125.1,conductASurvey,paperDataSheet.pdf,
4030,2021-05-27,03:59:59,10.95.123.1,identificationSkills,ArthropodIDGuide.pdf,
4031,2021-05-27,04:01:59,10.95.123.1,identificationSkills,"Dichotomous Keys to Arthropod Orders.pdf",
4032,2021-05-27,10:40:26,10.95.118.65,identificationSkills,ArthropodIDGuide.pdf,
4033,2021-05-27,10:43:18,10.95.118.65,identificationSkills,ArthropodIDGuide.pdf,
4034,2021-05-27,10:43:39,10.95.118.65,identificationSkills,ArthropodIDGuide.pdf,
4035,2021-05-27,10:54:50,10.95.118.65,identificationSkills,ArthropodIDGuide.pdf,
4036,2021-05-27,19:20:49,10.95.118.65,resources,GettingStarted.pdf,
4037,2021-05-27,19:24:09,10.95.118.65,resources,MobileAppManual.pdf,
4038,2021-05-27,19:24:16,10.95.118.65,resources,GettingStarted.pdf,
4039,2021-05-27,19:24:33,10.95.123.1,resources,"Arthropod Food Web lesson plan.pdf",
4040,2021-05-27,19:24:58,10.95.123.1,resources,GettingStarted.pdf,
4041,2021-05-28,11:09:59,10.95.125.1,resources,"Data Exploration.pdf",
4042,2021-05-28,11:13:21,10.95.125.1,resources,"Phenology Across Trophic Levels lesson plan.pdf",
4043,2021-05-28,11:15:01,10.95.125.1,resources,"Data Exploration.pdf",
4044,2021-05-28,19:07:23,10.95.123.1,conductASurvey,paperDataSheet.pdf,
4045,2021-05-30,13:24:14,10.95.123.1,identificationSkills/index.html,,
4046,2021-05-30,13:26:50,10.95.118.65,identificationSkills/index.html,,
4047,2021-05-31,16:30:04,10.95.118.65,identificationSkills,"Dichotomous Keys to Arthropod Orders.pdf",
4048,2021-05-31,17:45:05,10.95.118.65,identificationSkills,ArthropodIDGuide.pdf,
4049,2021-05-31,18:12:28,10.95.125.1,conductASurvey,paperDataSheet.pdf,
4050,2021-05-31,19:20:18,10.95.123.1,conductASurvey,paperDataSheet.pdf,
4051,2021-06-01,16:45:51,10.95.125.1,mapsAndGraphs,"Dynamically Generated Composition CSV","X-Axis: site, Y-Axis: Biomass Per Survey, Sites Included: Birmingham Zoo AL"
4052,2021-06-01,16:47:48,10.95.125.1,mapsAndGraphs,"Dynamically Generated Composition CSV","X-Axis: site, Y-Axis: Percent of Arthropods, Sites Included: Birmingham Zoo AL"
4053,2021-06-01,16:56:33,10.95.125.1,identificationSkills,ArthropodIDGuide.pdf,
4054,2021-06-01,17:24:33,10.95.125.1,identificationSkills,ArthropodIDGuide.pdf,
4055,2021-06-01,17:33:11,10.95.125.1,resources,GettingStarted.pdf,
4056,2021-06-01,17:33:56,10.95.125.1,resources,TrainingParticipants.pdf,
4057,2021-06-01,18:05:59,10.95.123.1,identificationSkills/index.html,,
4058,2021-06-01,18:06:21,10.95.123.1,identificationSkills/index.html,,
4059,2021-06-02,01:24:33,10.95.125.1,identificationSkills,ArthropodIDGuide.pdf,
4060,2021-06-02,16:53:45,10.95.125.1,conductASurvey,paperDataSheet.pdf,
4061,2021-06-02,17:49:30,10.95.118.65,conductASurvey,paperDataSheet.pdf,
4062,2021-06-02,18:30:25,10.95.125.1,identificationSkills,ArthropodIDGuide.pdf,
4063,2021-06-03,03:23:15,10.95.125.1,identificationSkills,"Dichotomous Keys to Arthropod Orders.pdf",
4064,2021-06-03,03:25:18,10.95.125.1,identificationSkills,ArthropodIDGuide.pdf,
4065,2021-06-03,03:33:24,10.95.125.1,resources,GettingStarted.pdf,
4066,2021-06-03,03:34:07,10.95.125.1,resources,paperDataSheet.pdf,
4067,2021-06-03,11:20:01,10.95.125.1,identificationSkills,ArthropodIDGuide.pdf,
4068,2021-06-03,11:41:18,10.95.125.1,conductASurvey,paperDataSheet.pdf,
4069,2021-06-03,19:13:56,10.95.118.65,identificationSkills/index.html,,
4070,2021-06-03,19:17:34,10.95.118.65,identificationSkills/index.html,,
4071,2021-06-03,19:25:00,10.95.118.65,resources,paperDataSheet.pdf,
4072,2021-06-03,19:25:30,10.95.118.65,resources,VisualSurveyTestBranch.pdf,
4073,2021-06-03,19:28:20,10.95.118.65,identificationSkills,"Dichotomous Keys to Arthropod Orders.pdf",
4074,2021-06-03,19:29:38,10.95.118.65,identificationSkills,ArthropodIDGuide.pdf,
4075,2021-06-03,19:57:34,10.95.118.65,identificationSkills,ArthropodIDGuide.pdf,
4076,2021-06-03,19:58:25,10.95.118.65,identificationSkills,"Dichotomous Keys to Arthropod Orders.pdf",
4077,2021-06-03,21:18:35,10.95.118.65,identificationSkills,ArthropodIDGuide.pdf,
4078,2021-06-04,02:49:40,10.95.118.65,identificationSkills/index.html,,
4079,2021-06-04,12:42:46,10.95.123.1,resources,"Data Exploration.pdf",
4080,2021-06-04,12:47:14,10.95.123.1,resources,"Data Exploration.pdf",
4081,2021-06-04,16:57:21,10.95.125.1,resources,"Data Exploration.pdf",
4082,2021-06-04,18:11:45,10.95.125.1,resources,"Building A Beat Sheet.pdf",
4083,2021-06-04,20:38:19,10.95.118.65,conductASurvey,paperDataSheet.pdf,
4084,2021-06-04,23:53:05,10.95.123.1,resources,MobileAppManual.pdf,
4085,2021-06-06,15:51:36,10.95.118.65,identificationSkills/index.html,,
4086,2021-06-06,15:52:00,10.95.118.65,identificationSkills/index.html,,
4087,2021-06-06,22:58:48,10.95.118.65,identificationSkills,"Dichotomous Keys to Arthropod Orders.pdf",
4088,2021-06-06,22:59:56,10.95.118.65,resources,GettingStarted.pdf,
4089,2021-06-06,23:02:03,10.95.118.65,resources,"Vernal Pool Ruggles 2007.pdf",
4090,2021-06-07,18:40:37,10.95.118.65,identificationSkills,ArthropodIDGuide.pdf,
4091,2021-06-07,18:42:22,10.95.118.65,identificationSkills,ArthropodIDGuide.pdf,
4092,2021-06-07,18:43:50,10.95.118.65,identificationSkills,"Dichotomous Keys to Arthropod Orders.pdf",
4093,2021-06-08,14:34:17,10.95.125.1,mapsAndGraphs,"Dynamically Generated Composition CSV","X-Axis: site, Y-Axis: Percent of Arthropods, Sites Included: Birmingham Zoo AL"
4094,2021-06-08,14:34:26,10.95.125.1,mapsAndGraphs,"Dynamically Generated Composition CSV","X-Axis: site, Y-Axis: Biomass Per Survey, Sites Included: Birmingham Zoo AL"
4095,2021-06-09,14:23:53,10.95.118.65,resources,GettingStarted.pdf,
4096,2021-06-09,14:30:32,10.95.118.65,resources,GettingStarted.pdf,
4097,2021-06-09,15:11:57,10.95.125.1,identificationSkills,ArthropodIDGuide.pdf,
4098,2021-06-09,18:03:31,10.95.118.65,resources,Caterpillars.pdf,
4099,2021-06-09,18:37:28,10.95.125.1,resources,"Arthropod Food Web lesson plan.pdf",
4100,2021-06-10,10:10:54,10.95.125.1,identificationSkills/index.html,,
4101,2021-06-10,10:13:23,10.95.125.1,identificationSkills/index.html,,
4102,2021-06-10,13:36:52,10.95.125.1,identificationSkills,"Dichotomous Keys to Arthropod Orders.pdf",
4103,2021-06-10,13:38:14,10.95.118.65,identificationSkills,ArthropodIDGuide.pdf,
4104,2021-06-11,06:08:36,10.95.123.1,identificationSkills,ArthropodIDGuide.pdf,
4105,2021-06-11,15:46:42,10.95.125.1,conductASurvey,paperDataSheet.pdf,
4106,2021-06-11,17:09:09,10.95.118.65,dataDownload,"Dynamically Generated CSV","Site: 269, YearStart: 2021, YearEnd: 2021, Arthropod: All"
4107,2021-06-11,23:39:51,10.95.123.1,mapsAndGraphs,"Dynamically Generated Map CSV","Comparison Metric: Number per Survey, Observation Method: All, Arthropod Group: Caterpillars, Minimum Length (mm): 5, Plant Species: All, Wet Leaves: true, Month Start: 4, Month End: 9, Year Start: 2017, YearEnd: 2018"
4108,2021-06-12,19:52:34,10.95.123.1,resources,paperDataSheet.pdf,
4109,2021-06-12,20:27:53,10.95.123.1,identificationSkills,ArthropodIDGuide.pdf,
4110,2021-06-12,20:28:03,10.95.123.1,identificationSkills,"Dichotomous Keys to Arthropod Orders.pdf",
4111,2021-06-14,02:55:22,10.95.123.1,identificationSkills,"Dichotomous Keys to Arthropod Orders.pdf",
4112,2021-06-14,03:00:49,10.95.125.1,identificationSkills,ArthropodIDGuide.pdf,
4113,2021-06-14,03:01:12,10.95.125.1,identificationSkills,"Dichotomous Keys to Arthropod Orders.pdf",
4114,2021-06-14,03:01:27,10.95.125.1,identificationSkills,"Dichotomous Keys to Arthropod Orders.pdf",
4115,2021-06-14,15:30:01,10.95.125.1,identificationSkills,"Dichotomous Keys to Arthropod Orders.pdf",
4116,2021-06-14,15:30:23,10.95.125.1,identificationSkills,ArthropodIDGuide.pdf,
4117,2021-06-15,01:47:45,10.95.125.1,identificationSkills,ArthropodIDGuide.pdf,
4118,2021-06-15,01:49:48,10.95.125.1,identificationSkills,"Dichotomous Keys to Arthropod Orders.pdf",
4119,2021-06-15,01:57:25,10.95.125.1,identificationSkills,ArthropodIDGuide.pdf,
4120,2021-06-15,02:01:32,10.95.125.1,conductASurvey,paperDataSheet.pdf,
4121,2021-06-15,21:18:31,10.95.118.65,identificationSkills,ArthropodIDGuide.pdf,
4122,2021-06-15,21:24:12,10.95.118.65,identificationSkills,"Dichotomous Keys to Arthropod Orders.pdf",
4123,2021-06-15,21:40:31,10.95.118.65,resources,VisualSurveyTestBranch.pdf,
4124,2021-06-15,21:42:36,10.95.118.65,resources,VisualSurveyTestBranch.pdf,
4125,2021-06-15,21:47:03,10.95.118.65,resources,"Building A Beat Sheet.pdf",
4126,2021-06-15,21:57:47,10.95.118.65,resources,VisualSurveyTestBranch.pdf,
4127,2021-06-17,11:34:36,10.95.118.65,identificationSkills,ArthropodIDGuide.pdf,
4128,2021-06-17,14:41:00,10.95.125.1,identificationSkills,ArthropodIDGuide.pdf,
4129,2021-06-17,14:47:36,10.95.123.1,dataDownload,"Dynamically Generated CSV","Site: 162, YearStart: 2019, YearEnd: 2021, Arthropod: All"
4130,2021-06-17,14:51:12,10.95.123.1,mapsAndGraphs,"Dynamically Generated Composition CSV","X-Axis: year, Y-Axis: Percent of Arthropods"
4131,2021-06-17,14:52:39,10.95.123.1,mapsAndGraphs,"Dynamically Generated Composition CSV","X-Axis: year, Y-Axis: Percent of Arthropods"
4132,2021-06-18,01:49:23,10.95.125.1,identificationSkills,ArthropodIDGuide.pdf,
4133,2021-06-18,01:50:40,10.95.125.1,identificationSkills,ArthropodIDGuide.pdf,
4134,2021-06-18,13:59:52,10.95.123.1,identificationSkills,ArthropodIDGuide.pdf,
4135,2021-06-18,18:16:29,10.95.123.1,mapsAndGraphs,"Dynamically Generated Phenology CSV","Y-Axis: Biomass Per Survey, Lines: Caterpillars at NC Botanical Garden in 2015;"
4136,2021-06-18,18:16:57,10.95.123.1,mapsAndGraphs,"Dynamically Generated Phenology CSV","Y-Axis: Number Per Survey, Lines: Caterpillars at NC Botanical Garden in 2015;"
4137,2021-06-18,19:28:11,10.95.123.1,dataDownload,"Dynamically Generated CSV","Site: 256, YearStart: 2021, YearEnd: 2021, Arthropod: All"
4138,2021-06-18,19:29:29,10.95.123.1,dataDownload,"Dynamically Generated CSV","Site: All, YearStart: 2002, YearEnd: 2021, Arthropod: caterpillar"
4139,2021-06-18,19:31:46,10.95.125.1,resources,"Building A Beat Sheet.pdf",
4140,2021-06-21,20:02:26,10.95.125.1,dataDownload,"Dynamically Generated CSV","Site: 182, YearStart: 2018, YearEnd: 2019, Arthropod: All"
4141,2021-06-22,21:51:58,10.95.118.65,resources,GettingStarted.pdf,
4142,2021-06-23,01:51:42,10.95.123.1,conductASurvey,paperDataSheet.pdf,
4143,2021-06-23,02:35:23,10.95.123.1,resources,"Building A Beat Sheet.pdf",
4144,2021-06-23,02:36:43,10.95.123.1,resources,TrainingParticipants.pdf,
4145,2021-06-23,02:38:57,10.95.123.1,resources,"Data Exploration.pdf",
4146,2021-06-23,10:58:26,10.95.125.1,conductASurvey,paperDataSheet.pdf,
4147,2021-06-23,16:13:39,10.95.125.1,identificationSkills,"Dichotomous Keys to Arthropod Orders.pdf",
4148,2021-06-23,16:55:40,10.95.123.1,dataDownload,"Dynamically Generated CSV","Site: 67, YearStart: 2018, YearEnd: 2019, Arthropod: All"
4149,2021-06-23,22:20:26,10.95.118.65,identificationSkills/index.html,,
4150,2021-06-24,15:16:02,10.95.123.1,resources,"Building A Beat Sheet.pdf",
4151,2021-06-24,17:46:43,10.95.123.1,dataDownload,"Dynamically Generated CSV","Site: 67, YearStart: 2018, YearEnd: 2019, Arthropod: All"
4152,2021-06-25,13:08:23,10.95.123.1,resources,paperDataSheet.pdf,
4153,2021-06-25,16:05:55,10.95.118.65,dataDownload,"Dynamically Generated CSV","Site: 257, YearStart: 2021, YearEnd: 2021, Arthropod: All"
4154,2021-06-26,02:46:31,10.95.125.1,identificationSkills,ArthropodIDGuide.pdf,
4155,2021-06-26,12:51:02,10.95.125.1,resources,TrainingParticipants.pdf,
4156,2021-06-26,12:51:05,10.95.123.1,resources,MobileAppManual.pdf,
4157,2021-06-26,12:51:20,10.95.123.1,resources,GettingStarted.pdf,
4158,2021-06-26,12:55:21,10.95.125.1,resources,VisualSurveyTestBranch.pdf,
4159,2021-06-26,12:56:16,10.95.125.1,resources,ArthropodIDslides.pdf,
4160,2021-06-26,13:01:35,10.95.125.1,resources,GettingStarted.pdf,
4161,2021-06-28,15:08:13,10.95.125.1,conductASurvey,paperDataSheet.pdf,
4162,2021-06-28,20:08:09,10.95.125.1,conductASurvey,paperDataSheet.pdf,
4163,2021-06-29,13:20:36,10.95.118.65,resources,paperDataSheet.pdf,
4164,2021-06-29,21:53:13,10.95.118.65,identificationSkills/index.html,,
4165,2021-06-29,21:53:29,10.95.118.65,identificationSkills/index.html,,
4166,2021-06-29,21:54:02,10.95.118.65,identificationSkills/index.html,,
4167,2021-06-30,16:53:55,10.95.123.1,conductASurvey,paperDataSheet.pdf,
4168,2021-06-30,17:00:59,10.95.123.1,conductASurvey,paperDataSheet.pdf,
4169,2021-06-30,19:31:19,10.95.125.1,conductASurvey,paperDataSheet.pdf,
4170,2021-06-30,22:57:25,10.95.118.65,identificationSkills/index.html,,
4171,2021-06-30,23:19:38,10.95.118.65,identificationSkills/index.html,,
4172,2021-06-30,23:36:36,10.95.118.65,identificationSkills,ArthropodIDGuide.pdf,
4173,2021-07-01,02:06:16,10.95.118.65,identificationSkills,ArthropodIDGuide.pdf,
4174,2021-07-01,02:08:55,10.95.118.65,identificationSkills,ArthropodIDGuide.pdf,
4175,2021-07-01,02:09:02,10.95.118.65,identificationSkills,"Dichotomous Keys to Arthropod Orders.pdf",
4176,2021-07-01,02:09:49,10.95.118.65,conductASurvey,paperDataSheet.pdf,
4177,2021-07-02,01:57:13,10.95.118.65,conductASurvey,paperDataSheet.pdf,
4178,2021-07-02,02:26:46,10.95.118.65,identificationSkills,ArthropodIDGuide.pdf,
4179,2021-07-02,19:58:04,10.95.123.1,identificationSkills,ArthropodIDGuide.pdf,
4180,2021-07-02,20:55:17,10.95.118.65,identificationSkills,ArthropodIDGuide.pdf,
4181,2021-07-02,20:55:26,10.95.118.65,identificationSkills,ArthropodIDGuide.pdf,
4182,2021-07-02,20:55:29,10.95.118.65,identificationSkills,"Dichotomous Keys to Arthropod Orders.pdf",
4183,2021-07-02,21:03:43,10.95.118.65,resources,GettingStarted.pdf,
4184,2021-07-03,17:58:10,10.95.118.65,dataDownload,"Dynamically Generated CSV","Site: All, YearStart: 2002, YearEnd: 2021, Arthropod: All"
4185,2021-07-04,06:46:47,10.95.125.1,identificationSkills,ArthropodIDGuide.pdf,
4186,2021-07-04,17:41:55,10.95.123.1,identificationSkills/index.html,,
4187,2021-07-04,17:42:13,10.95.123.1,identificationSkills/index.html,,
4188,2021-07-05,14:34:59,10.95.118.65,dataDownload,"Dynamically Generated CSV","Site: 269, YearStart: 2021, YearEnd: 2021, Arthropod: All"
4189,2021-07-05,14:35:56,10.95.118.65,dataDownload,"Dynamically Generated CSV","Site: 268, YearStart: 2021, YearEnd: 2021, Arthropod: All"
4190,2021-07-05,14:36:46,10.95.118.65,dataDownload,"Dynamically Generated CSV","Site: 231, YearStart: 2021, YearEnd: 2021, Arthropod: All"
4191,2021-07-05,14:52:08,10.95.118.65,dataDownload,"Dynamically Generated CSV","Site: 268, YearStart: 2021, YearEnd: 2021, Arthropod: All"
4192,2021-07-06,15:33:32,10.95.123.1,resources,"Building A Beat Sheet.pdf",
4193,2021-07-06,15:39:07,10.95.123.1,resources,paperDataSheet.pdf,
4194,2021-07-06,18:34:34,10.95.123.1,resources,"Phenology Across Trophic Levels lesson plan.pdf",
4195,2021-07-06,18:48:42,10.95.118.65,conductASurvey,paperDataSheet.pdf,
4196,2021-07-06,18:51:22,10.95.125.1,conductASurvey,paperDataSheet.pdf,
4197,2021-07-06,18:53:26,10.95.123.1,resources,ArthropodIDslides.pdf,
4198,2021-07-06,18:54:19,10.95.123.1,resources,Caterpillars.pdf,
4199,2021-07-06,18:56:47,10.95.123.1,identificationSkills,ArthropodIDGuide.pdf,
4200,2021-07-06,18:57:16,10.95.123.1,identificationSkills,ArthropodIDGuide.pdf,
4201,2021-07-06,19:01:45,10.95.118.65,conductASurvey,paperDataSheet.pdf,
4202,2021-07-07,00:49:37,10.95.118.65,identificationSkills/index.html,,
4203,2021-07-07,00:51:47,10.95.118.65,identificationSkills/index.html,,
4204,2021-07-07,19:55:50,10.95.125.1,identificationSkills/index.html,,
4205,2021-07-07,19:56:42,10.95.125.1,identificationSkills/index.html,,
4206,2021-07-07,20:27:11,10.95.118.65,resources,ManageMySurveysGuide.pdf,
4207,2021-07-08,12:40:00,10.95.123.1,conductASurvey,paperDataSheet.pdf,
4208,2021-07-08,14:36:42,10.95.123.1,resources,"Building A Beat Sheet.pdf",
4209,2021-07-08,14:37:10,10.95.123.1,resources,"Building A Beat Sheet.pdf",
4210,2021-07-08,15:17:31,10.95.123.1,resources,"Building A Beat Sheet.pdf",
4211,2021-07-09,12:56:31,10.95.123.1,conductASurvey,paperDataSheet.pdf,
4212,2021-07-09,20:26:50,10.95.123.1,identificationSkills/index.html,,
4213,2021-07-09,20:27:06,10.95.123.1,identificationSkills/index.html,,
4214,2021-07-09,20:28:11,10.95.123.1,identificationSkills/index.html,,
4215,2021-07-10,11:43:15,10.95.123.1,identificationSkills/index.html,,
4216,2021-07-10,14:44:10,10.95.125.1,dataDownload,"Dynamically Generated CSV","Site: All, YearStart: 2021, YearEnd: 2021, Arthropod: ant"
4217,2021-07-10,15:10:40,10.95.125.1,dataDownload,"Dynamically Generated CSV","Site: All, YearStart: 2021, YearEnd: 2021, Arthropod: ant"
4218,2021-07-10,15:20:53,10.95.125.1,dataDownload,"Dynamically Generated CSV","Site: All, YearStart: 2021, YearEnd: 2021, Arthropod: ant"
4219,2021-07-10,15:26:45,10.95.125.1,dataDownload,"Dynamically Generated CSV","Site: All, YearStart: 2021, YearEnd: 2021, Arthropod: ant"
4220,2021-07-10,15:31:37,10.95.125.1,dataDownload,"Dynamically Generated CSV","Site: All, YearStart: 2021, YearEnd: 2021, Arthropod: ant"
4221,2021-07-12,05:36:20,10.95.118.65,identificationSkills,ArthropodIDGuide.pdf,
4222,2021-07-12,05:44:54,10.95.118.65,identificationSkills,"Dichotomous Keys to Arthropod Orders.pdf",
4223,2021-07-12,23:44:53,10.95.125.1,identificationSkills,ArthropodIDGuide.pdf,
4224,2021-07-12,23:45:15,10.95.125.1,identificationSkills,"Dichotomous Keys to Arthropod Orders.pdf",
4225,2021-07-13,14:22:26,10.95.125.1,resources,ManageMySurveysGuide.pdf,
4226,2021-07-13,14:22:28,10.95.125.1,resources,"Data Exploration.pdf",
4227,2021-07-13,14:22:45,10.95.125.1,resources,"Phenology Across Trophic Levels lesson plan.pdf",
4228,2021-07-13,14:22:46,10.95.125.1,resources,"Data Exploration.pdf",
4229,2021-07-13,14:22:55,10.95.125.1,resources,Caterpillars.pdf,
4230,2021-07-13,14:32:55,10.95.125.1,resources,"Phenology Across Trophic Levels lesson plan.pdf",
4231,2021-07-13,16:14:45,10.95.125.1,conductASurvey,paperDataSheet.pdf,
4232,2021-07-13,16:15:33,10.95.125.1,identificationSkills,ArthropodIDGuide.pdf,
4233,2021-07-13,16:16:00,10.95.125.1,identificationSkills,ArthropodIDGuide.pdf,
4234,2021-07-13,16:16:20,10.95.125.1,identificationSkills,"Dichotomous Keys to Arthropod Orders.pdf",
4235,2021-07-13,16:17:18,10.95.125.1,resources,ArthropodIDslides.pdf,
4236,2021-07-13,16:56:36,10.95.125.1,mapsAndGraphs,"Dynamically Generated Phenology CSV","Y-Axis: Percent of Surveys, Lines: Caterpillars at Highlands Biological Station in 2021;"
4237,2021-07-13,16:59:12,10.95.125.1,mapsAndGraphs,"Dynamically Generated Composition CSV","X-Axis: site, Y-Axis: Percent of Arthropods, Sites Included: Highlands Biological Station"
4238,2021-07-14,03:44:31,10.95.125.1,identificationSkills/index.html,,
4239,2021-07-14,18:06:20,10.95.125.1,identificationSkills,ArthropodIDGuide.pdf,
4240,2021-07-14,22:31:08,10.95.123.1,identificationSkills/index.html,,
4241,2021-07-14,22:58:06,10.95.123.1,identificationSkills/index.html,,
4242,2021-07-15,02:47:36,10.95.123.1,resources,"Building A Beat Sheet.pdf",
4243,2021-07-15,03:06:11,10.95.123.1,resources,paperDataSheet.pdf,
4244,2021-07-15,14:26:24,10.95.123.1,resources,VisualSurveyTestBranch.pdf,
4245,2021-07-15,14:52:58,10.95.123.1,identificationSkills,ArthropodIDGuide.pdf,
4246,2021-07-15,15:11:27,10.95.123.1,identificationSkills,ArthropodIDGuide.pdf,
4247,2021-07-15,15:54:00,10.95.123.1,conductASurvey,paperDataSheet.pdf,
4248,2021-07-16,14:57:44,10.95.123.1,mapsAndGraphs,"Dynamically Generated Phenology CSV","Y-Axis: Number Per Survey, Lines: Caterpillars at Cowee MAPS Site in 2021; Caterpillars at Kituah MAPS Site in 2021; Caterpillars at Highlands Biological Station in 2021;"
4249,2021-07-16,19:34:00,10.95.123.1,identificationSkills/index.html,,
4250,2021-07-19,15:29:40,10.95.123.1,identificationSkills,"Dichotomous Keys to Arthropod Orders.pdf",
4251,2021-07-19,15:29:54,10.95.123.1,identificationSkills,ArthropodIDGuide.pdf,
4252,2021-07-20,21:36:35,10.95.123.1,dataDownload,"Dynamically Generated CSV","Site: 60, YearStart: 2018, YearEnd: 2021, Arthropod: All"
4253,2021-07-21,00:06:56,10.95.118.65,dataDownload,"Dynamically Generated CSV","Site: All, YearStart: 2017, YearEnd: 2018, Arthropod: caterpillar"
4254,2021-07-22,02:30:23,10.95.123.1,identificationSkills/index.html,,
4255,2021-07-22,02:30:53,10.95.123.1,identificationSkills/index.html,,
4256,2021-07-22,02:30:58,10.95.123.1,identificationSkills/index.html,,
4257,2021-07-22,02:32:00,10.95.123.1,conductASurvey,paperDataSheet.pdf,
4258,2021-07-23,09:09:29,10.95.118.65,identificationSkills,ArthropodIDGuide.pdf,
4259,2021-07-23,14:27:57,10.95.123.1,resources,"Building A Beat Sheet.pdf",
4260,2021-07-23,23:33:41,10.95.123.1,identificationSkills,"Dichotomous Keys to Arthropod Orders.pdf",
4261,2021-07-24,18:45:24,10.95.125.1,identificationSkills,"Dichotomous Keys to Arthropod Orders.pdf",
4262,2021-07-26,16:31:42,10.95.118.65,resources,paperDataSheet.pdf,
4263,2021-07-26,16:52:46,10.95.123.1,mapsAndGraphs,"Dynamically Generated Composition CSV","X-Axis: site, Y-Axis: Percent of Arthropods, Sites Included: Brookbanks Park"
4264,2021-07-28,01:39:10,10.95.125.1,conductASurvey,paperDataSheet.pdf,
4265,2021-07-28,05:06:04,10.95.123.1,identificationSkills,ArthropodIDGuide.pdf,
4266,2021-07-28,11:59:05,10.95.123.1,resources,paperDataSheet.pdf,
4267,2021-07-28,14:29:20,10.95.123.1,identificationSkills,"Dichotomous Keys to Arthropod Orders.pdf",
4268,2021-07-28,17:34:57,10.95.118.65,identificationSkills/index.html,,
4269,2021-07-28,18:18:13,10.95.118.65,identificationSkills/index.html,,
4270,2021-07-28,18:33:34,10.95.123.1,resources,"Building A Beat Sheet.pdf",
4271,2021-07-28,19:26:07,10.95.118.65,identificationSkills/index.html,,
4272,2021-07-28,19:27:26,10.95.118.65,identificationSkills/index.html,,
4273,2021-07-28,19:31:18,10.95.118.65,resources,"Building A Beat Sheet.pdf",
4274,2021-07-28,19:31:22,10.95.118.65,resources,paperDataSheet.pdf,
4275,2021-07-28,19:49:17,10.95.118.65,resources,ArthropodIDslides.pdf,
4276,2021-07-28,19:51:30,10.95.118.65,identificationSkills,ArthropodIDGuide.pdf,
4277,2021-07-28,20:12:18,10.95.118.65,resources,TrainingParticipants.pdf,
4278,2021-07-28,23:33:45,10.95.123.1,identificationSkills/index.html,,
4279,2021-07-28,23:36:14,10.95.123.1,identificationSkills/index.html,,
4280,2021-07-28,23:36:23,10.95.123.1,identificationSkills/index.html,,
4281,2021-07-29,01:53:22,10.95.118.65,identificationSkills/index.html,,
4282,2021-07-29,02:14:18,10.95.118.65,identificationSkills,ArthropodIDGuide.pdf,
4283,2021-07-29,02:14:56,10.95.118.65,identificationSkills,ArthropodIDGuide.pdf,
4284,2021-07-29,02:30:29,10.95.118.65,identificationSkills/index.html,,
4285,2021-07-29,02:32:12,10.95.118.65,identificationSkills/index.html,,
4286,2021-07-29,05:07:52,10.95.123.1,faq,ArthropodIDGuide.pdf,
4287,2021-07-29,10:45:16,10.95.118.65,identificationSkills,ArthropodIDGuide.pdf,
4288,2021-07-29,10:45:20,10.95.118.65,identificationSkills,ArthropodIDGuide.pdf,
4289,2021-07-29,10:45:24,10.95.118.65,identificationSkills,ArthropodIDGuide.pdf,
4290,2021-07-29,10:45:31,10.95.118.65,identificationSkills,ArthropodIDGuide.pdf,
4291,2021-07-29,10:45:37,10.95.118.65,identificationSkills,ArthropodIDGuide.pdf,
4292,2021-07-29,12:48:52,10.95.125.1,identificationSkills,ArthropodIDGuide.pdf,
4293,2021-07-29,12:51:04,10.95.125.1,identificationSkills/index.html,,
4294,2021-07-29,12:51:19,10.95.125.1,identificationSkills/index.html,,
4295,2021-07-29,14:51:23,10.95.123.1,identificationSkills,ArthropodIDGuide.pdf,
4296,2021-07-29,14:54:40,10.95.125.1,identificationSkills/index.html,,
4297,2021-07-29,14:55:11,10.95.125.1,identificationSkills/index.html,,
4298,2021-07-29,15:20:32,10.95.123.1,identificationSkills,ArthropodIDGuide.pdf,
4299,2021-07-29,15:35:58,10.95.123.1,resources,paperDataSheet.pdf,
4300,2021-07-29,15:38:55,10.95.123.1,resources,MobileAppManual.pdf,
4301,2021-07-29,15:38:59,10.95.123.1,resources,VisualSurveyTestBranch.pdf,
4302,2021-07-30,01:25:58,10.95.123.1,identificationSkills/index.html,,
4303,2021-07-30,02:23:39,10.95.123.1,identificationSkills,ArthropodIDGuide.pdf,
4304,2021-07-30,02:27:30,10.95.123.1,conductASurvey,paperDataSheet.pdf,
4305,2021-07-30,03:19:43,10.95.118.65,identificationSkills/index.html,,
4306,2021-07-30,03:42:54,10.95.125.1,conductASurvey,paperDataSheet.pdf,
4307,2021-07-30,03:53:51,10.95.125.1,conductASurvey,paperDataSheet.pdf,
4308,2021-07-30,09:53:35,10.95.125.1,identificationSkills/index.html,,
4309,2021-07-30,09:53:39,10.95.125.1,identificationSkills/index.html,,
4310,2021-07-30,12:21:31,10.95.118.65,identificationSkills/index.html,,
4311,2021-07-30,13:35:03,10.95.123.1,conductASurvey,paperDataSheet.pdf,
4312,2021-08-01,12:29:45,10.95.125.1,identificationSkills,"Dichotomous Keys to Arthropod Orders.pdf",
4313,2021-08-02,15:56:36,10.95.123.1,conductASurvey,paperDataSheet.pdf,
4314,2021-08-02,16:00:03,10.95.123.1,identificationSkills,ArthropodIDGuide.pdf,
4315,2021-08-02,16:02:38,10.95.123.1,identificationSkills,"Dichotomous Keys to Arthropod Orders.pdf",
4316,2021-08-02,16:04:45,10.95.123.1,identificationSkills,ArthropodIDGuide.pdf,
4317,2021-08-02,16:11:49,10.95.123.1,identificationSkills,"Dichotomous Keys to Arthropod Orders.pdf",
4318,2021-08-02,16:17:06,10.95.123.1,resources,TrainingParticipants.pdf,
4319,2021-08-03,02:00:50,10.95.118.65,conductASurvey,paperDataSheet.pdf,
4320,2021-08-03,13:17:33,10.95.125.1,identificationSkills/index.html,,
4321,2021-08-03,15:04:56,10.95.118.65,identificationSkills,ArthropodIDGuide.pdf,
4322,2021-08-03,17:31:37,10.95.118.65,identificationSkills/index.html,,
4323,2021-08-03,17:51:33,10.95.118.65,identificationSkills/index.html,,
4324,2021-08-03,17:52:08,10.95.118.65,identificationSkills/index.html,,
4325,2021-08-04,01:14:51,10.95.125.1,mapsAndGraphs,"Dynamically Generated Phenology CSV","Y-Axis: Percent of Surveys, Lines: Caterpillars at Brookbanks Park in 2021;"
4326,2021-08-04,01:36:36,10.95.123.1,identificationSkills/index.html,,
4327,2021-08-04,11:32:27,10.95.118.65,identificationSkills,"Dichotomous Keys to Arthropod Orders.pdf",
4328,2021-08-04,11:54:43,10.95.123.1,resources,paperDataSheet.pdf,
4329,2021-08-04,14:00:03,10.95.123.1,mapsAndGraphs,"Dynamically Generated Composition CSV","X-Axis: site, Y-Axis: Percent of Arthropods, Sites Included: Brookbanks Park"
4330,2021-08-04,20:45:09,10.95.118.65,identificationSkills/index.html,,
4331,2021-08-06,13:40:53,10.95.123.1,conductASurvey,paperDataSheet.pdf,
4332,2021-08-06,16:35:48,10.95.118.65,identificationSkills,"Dichotomous Keys to Arthropod Orders.pdf",
4333,2021-08-06,17:22:30,10.95.123.1,dataDownload,"Dynamically Generated CSV","Site: 256, YearStart: 2021, YearEnd: 2021, Arthropod: All"
4334,2021-08-06,17:31:40,10.95.125.1,dataDownload,"Dynamically Generated CSV","Site: 256, YearStart: 2021, YearEnd: 2021, Arthropod: All"
4335,2021-08-06,18:36:44,10.95.118.65,identificationSkills/index.html,,
4336,2021-08-07,01:54:23,10.95.123.1,identificationSkills,ArthropodIDGuide.pdf,
4337,2021-08-07,01:54:25,10.95.123.1,identificationSkills,ArthropodIDGuide.pdf,
4338,2021-08-07,12:50:48,10.95.118.65,identificationSkills,ArthropodIDGuide.pdf,
4339,2021-08-08,12:54:05,10.95.118.65,resources,"Building A Beat Sheet.pdf",
4340,2021-08-08,21:10:37,10.95.118.65,identificationSkills/index.html,,
4341,2021-08-08,21:12:04,10.95.118.65,identificationSkills/index.html,,
4342,2021-08-08,21:12:13,10.95.118.65,identificationSkills/index.html,,
4343,2021-08-08,23:36:57,10.95.125.1,dataDownload,"Dynamically Generated CSV","Site: 56, YearStart: 2018, YearEnd: 2021, Arthropod: All"
4344,2021-08-09,15:45:36,10.95.125.1,resources,paperDataSheet.pdf,
4345,2021-08-10,17:33:08,10.95.118.65,conductASurvey,paperDataSheet.pdf,
4346,2021-08-11,14:47:42,10.95.123.1,resources,paperDataSheet.pdf,
4347,2021-08-11,17:10:28,10.95.123.1,identificationSkills,ArthropodIDGuide.pdf,
4348,2021-08-11,17:10:51,10.95.123.1,identificationSkills,"Dichotomous Keys to Arthropod Orders.pdf",
4349,2021-08-11,17:12:49,10.95.123.1,identificationSkills,ArthropodIDGuide.pdf,
4350,2021-08-15,21:38:30,10.95.118.65,resources,"Phenology Across Trophic Levels lesson plan.pdf",
4351,2021-08-15,21:38:32,10.95.118.65,resources,"Data Exploration.pdf",
4352,2021-08-15,21:40:09,10.95.118.65,resources,"Arthropod Food Web lesson plan.pdf",
4353,2021-08-15,21:40:20,10.95.118.65,resources,MSPhenology.pdf,
4354,2021-08-16,02:06:38,10.95.125.1,resources,"Data Exploration.pdf",
4355,2021-08-16,15:05:03,10.95.123.1,conductASurvey,paperDataSheet.pdf,
4356,2021-08-16,17:33:16,10.95.125.1,resources,"Phenology Across Trophic Levels lesson plan.pdf",
4357,2021-08-16,17:33:18,10.95.125.1,resources,"Data Exploration.pdf",
4358,2021-08-16,17:34:10,10.95.125.1,resources,MSPhenology.pdf,
4359,2021-08-16,17:34:19,10.95.125.1,resources,"Arthropod Food Web lesson plan.pdf",
4360,2021-08-16,20:41:20,10.95.123.1,identificationSkills/index.html,,
4361,2021-08-17,00:29:31,10.95.125.1,identificationSkills,ArthropodIDGuide.pdf,
4362,2021-08-17,00:32:06,10.95.125.1,identificationSkills,"Dichotomous Keys to Arthropod Orders.pdf",
4363,2021-08-17,00:32:55,10.95.125.1,identificationSkills,ArthropodIDGuide.pdf,
4364,2021-08-17,02:51:59,10.95.118.65,identificationSkills,"Dichotomous Keys to Arthropod Orders.pdf",
4365,2021-08-17,03:18:22,10.95.125.1,identificationSkills,"Dichotomous Keys to Arthropod Orders.pdf",
4366,2021-08-17,03:18:44,10.95.125.1,identificationSkills,"Dichotomous Keys to Arthropod Orders.pdf",
4367,2021-08-17,03:58:01,10.95.125.1,identificationSkills,ArthropodIDGuide.pdf,
4368,2021-08-17,07:17:50,10.95.118.65,identificationSkills,ArthropodIDGuide.pdf,
4369,2021-08-18,00:53:15,10.95.118.65,resources,paperDataSheet.pdf,
4370,2021-08-18,16:07:25,10.95.123.1,identificationSkills,"Dichotomous Keys to Arthropod Orders.pdf",
4371,2021-08-22,20:59:02,10.95.125.1,identificationSkills/index.html,,
4372,2021-08-22,20:59:39,10.95.125.1,identificationSkills/index.html,,
4373,2021-08-22,20:59:42,10.95.125.1,identificationSkills/index.html,,
4374,2021-08-22,21:03:29,10.95.125.1,identificationSkills,ArthropodIDGuide.pdf,
4375,2021-08-23,02:51:55,10.95.123.1,mapsAndGraphs,"Dynamically Generated Map CSV","Comparison Metric: Percent of Surveys, Observation Method: All, Arthropod Group: Caterpillars, Minimum Length (mm): 0, Plant Species: All, Wet Leaves: true, Month Start: 1, Month End: 12, Year Start: 2002, YearEnd: 2021"
4376,2021-08-23,03:00:08,10.95.123.1,mapsAndGraphs,"Dynamically Generated Map CSV","Comparison Metric: Percent of Surveys, Observation Method: All, Arthropod Group: Caterpillars, Minimum Length (mm): 0, Plant Species: All, Wet Leaves: true, Month Start: 1, Month End: 12, Year Start: 2002, YearEnd: 2021"
4377,2021-08-23,12:21:46,10.95.125.1,identificationSkills,ArthropodIDGuide.pdf,
4378,2021-08-23,17:38:39,10.95.123.1,resources,"Phenology Across Trophic Levels lesson plan.pdf",
4379,2021-08-23,17:38:43,10.95.123.1,resources,"Data Exploration.pdf",
4380,2021-08-23,20:10:29,10.95.118.65,resources,"Building A Beat Sheet.pdf",
4381,2021-08-24,19:50:01,10.95.118.65,identificationSkills,"Dichotomous Keys to Arthropod Orders.pdf",
4382,2021-08-25,14:57:48,10.95.118.65,identificationSkills/index.html,,
4383,2021-08-25,14:58:46,10.95.118.65,identificationSkills/index.html,,
4384,2021-08-26,19:40:54,10.95.123.1,dataDownload,"Dynamically Generated CSV","Site: 191, YearStart: 2019, YearEnd: 2020, Arthropod: All"
4385,2021-08-26,22:07:33,10.95.123.1,dataDownload,"Dynamically Generated CSV","Site: 93, YearStart: 2018, YearEnd: 2021, Arthropod: All"
4386,2021-08-27,14:23:30,10.95.123.1,resources,paperDataSheet.pdf,
4387,2021-08-27,14:27:37,10.95.123.1,resources,ArthropodIDslides.pdf,
4388,2021-08-27,16:04:35,10.95.118.65,resources,paperDataSheet.pdf,
4389,2021-08-27,19:03:13,10.95.125.1,identificationSkills/index.html,,
4390,2021-08-28,16:10:43,10.95.123.1,identificationSkills,ArthropodIDGuide.pdf,
4391,2021-08-28,16:10:56,10.95.123.1,identificationSkills,"Dichotomous Keys to Arthropod Orders.pdf",
4392,2021-08-29,00:36:03,10.95.123.1,,,
4393,2021-08-29,13:37:15,10.95.125.1,mapsAndGraphs,"Dynamically Generated Composition CSV","X-Axis: month, Y-Axis: Percent of Arthropods"
4394,2021-08-29,13:37:50,10.95.125.1,mapsAndGraphs,"Dynamically Generated Composition CSV","X-Axis: year, Y-Axis: Percent of Arthropods"
4395,2021-08-30,14:45:16,10.95.123.1,resources,paperDataSheet.pdf,
4396,2021-08-30,19:08:32,10.95.125.1,identificationSkills/index.html,,
4397,2021-08-31,13:00:36,10.95.118.65,conductASurvey,paperDataSheet.pdf,
4398,2021-08-31,14:07:00,10.95.118.65,conductASurvey,paperDataSheet.pdf,
4399,2021-08-31,14:07:07,10.95.118.65,conductASurvey,paperDataSheet.pdf,
4400,2021-08-31,16:56:22,10.95.118.65,resources,TrainingParticipants.pdf,
4401,2021-09-01,01:47:24,10.95.123.1,identificationSkills,ArthropodIDGuide.pdf,
4402,2021-09-01,03:55:21,10.95.123.1,identificationSkills,"Dichotomous Keys to Arthropod Orders.pdf",
4403,2021-09-01,12:39:06,10.95.125.1,conductASurvey,paperDataSheet.pdf,
4404,2021-09-02,15:21:36,10.95.123.1,resources,"Data Exploration.pdf",
4405,2021-09-02,15:29:25,10.95.123.1,resources,"Data Exploration.pdf",
4406,2021-09-02,15:39:22,10.95.123.1,mapsAndGraphs,"Dynamically Generated Map CSV","Comparison Metric: Percent of Surveys, Observation Method: All, Arthropod Group: All Arthropods, Minimum Length (mm): 2, Plant Species: All, Wet Leaves: true, Month Start: 1, Month End: 12, Year Start: 2002, YearEnd: 2021"
4407,2021-09-02,17:57:23,10.95.125.1,dataDownload,"Dynamically Generated CSV","Site: 182, YearStart: 2021, YearEnd: 2021, Arthropod: All"
4408,2021-09-02,18:38:22,10.95.125.1,dataDownload,"Dynamically Generated CSV","Site: 182, YearStart: 2021, YearEnd: 2021, Arthropod: All"
4409,2021-09-02,18:38:42,10.95.125.1,dataDownload,"Dynamically Generated CSV","Site: 182, YearStart: 2021, YearEnd: 2021, Arthropod: All"
4410,2021-09-02,19:13:12,10.95.125.1,dataDownload,"Dynamically Generated CSV","Site: 182, YearStart: 2021, YearEnd: 2021, Arthropod: All"
4411,2021-09-03,13:00:33,10.95.125.1,dataDownload,"Dynamically Generated CSV","Site: 182, YearStart: 2021, YearEnd: 2021, Arthropod: All"
4412,2021-09-03,14:26:57,10.95.118.65,identificationSkills,ArthropodIDGuide.pdf,
4413,2021-09-03,15:58:57,10.95.125.1,identificationSkills,ArthropodIDGuide.pdf,
4414,2021-09-03,16:00:00,10.95.125.1,identificationSkills,"Dichotomous Keys to Arthropod Orders.pdf",
4415,2021-09-03,16:07:11,10.95.125.1,identificationSkills,"Dichotomous Keys to Arthropod Orders.pdf",
4416,2021-09-03,16:53:43,10.95.125.1,resources,TrainingParticipants.pdf,
4417,2021-09-03,16:55:38,10.95.125.1,resources,ArthropodIDslides.pdf,
4418,2021-09-03,21:10:16,10.95.118.65,identificationSkills,"Dichotomous Keys to Arthropod Orders.pdf",
4419,2021-09-04,13:19:04,10.95.123.1,dataDownload,"Dynamically Generated CSV","Site: 251, YearStart: 2021, YearEnd: 2021, Arthropod: All"
4420,2021-09-04,13:19:47,10.95.123.1,dataDownload,"Dynamically Generated CSV","Site: 249, YearStart: 2021, YearEnd: 2021, Arthropod: All"
4421,2021-09-04,13:20:18,10.95.123.1,dataDownload,"Dynamically Generated CSV","Site: 252, YearStart: 2021, YearEnd: 2021, Arthropod: All"
4422,2021-09-04,17:03:11,10.95.123.1,identificationSkills,ArthropodIDGuide.pdf,
4423,2021-09-05,00:55:30,10.95.118.65,identificationSkills,ArthropodIDGuide.pdf,
4424,2021-09-05,01:01:07,10.95.118.65,identificationSkills,"Dichotomous Keys to Arthropod Orders.pdf",
4425,2021-09-05,17:54:47,10.95.123.1,identificationSkills,"Dichotomous Keys to Arthropod Orders.pdf",
4426,2021-09-05,17:55:00,10.95.123.1,identificationSkills,ArthropodIDGuide.pdf,
4427,2021-09-05,18:10:11,10.95.125.1,dataDownload,"Dynamically Generated CSV","Site: All, YearStart: 2002, YearEnd: 2021, Arthropod: All"
4428,2021-09-05,18:13:57,10.95.125.1,dataDownload,"Dynamically Generated CSV","Site: All, YearStart: 2002, YearEnd: 2021, Arthropod: All"
4429,2021-09-05,18:16:47,10.95.125.1,dataDownload,"Dynamically Generated CSV","Site: 93, YearStart: 2018, YearEnd: 2021, Arthropod: All"
4430,2021-09-05,18:35:30,10.95.125.1,dataDownload,"Dynamically Generated CSV","Site: 93, YearStart: 2018, YearEnd: 2019, Arthropod: All"
4431,2021-09-05,18:39:53,10.95.125.1,dataDownload,"Dynamically Generated CSV","Site: 93, YearStart: 2019, YearEnd: 2020, Arthropod: All"
4432,2021-09-05,18:43:34,10.95.125.1,dataDownload,"Dynamically Generated CSV","Site: 93, YearStart: 2020, YearEnd: 2021, Arthropod: All"
4433,2021-09-07,15:11:17,10.95.125.1,mapsAndGraphs,"Dynamically Generated Composition CSV","X-Axis: site, Y-Axis: Percent of Arthropods, Sites Included: Walker Nature Center"
4434,2021-09-07,15:22:42,10.95.125.1,mapsAndGraphs,"Dynamically Generated Composition CSV","X-Axis: site, Y-Axis: Percent of Arthropods, Sites Included: Walker Nature Center"
4435,2021-09-07,15:27:05,10.95.125.1,resources,"Data Exploration.pdf",
4436,2021-09-07,15:28:24,10.95.125.1,resources,hotOrCold.pdf,
4437,2021-09-07,15:29:49,10.95.125.1,resources,"Data Exploration.pdf",
4438,2021-09-07,15:33:38,10.95.125.1,mapsAndGraphs,"Dynamically Generated Phenology CSV","Y-Axis: Percent of Surveys, Lines: Caterpillars at Walker Nature Center in 2021;"
4439,2021-09-07,22:41:07,10.95.123.1,mapsAndGraphs,"Dynamically Generated Composition CSV","X-Axis: plant species, Y-Axis: Biomass Per Survey"
4440,2021-09-08,19:24:15,10.95.118.65,mapsAndGraphs,"Dynamically Generated Phenology CSV","Y-Axis: Percent of Surveys, Lines: Caterpillars at Walker Nature Center in 2021;"
4441,2021-09-08,21:30:33,10.95.118.65,identificationSkills,"Dichotomous Keys to Arthropod Orders.pdf",
4442,2021-09-09,16:13:02,10.95.123.1,identificationSkills,ArthropodIDGuide.pdf,
4443,2021-09-09,16:14:00,10.95.123.1,identificationSkills,"Dichotomous Keys to Arthropod Orders.pdf",
4444,2021-09-09,20:57:10,10.95.125.1,mapsAndGraphs,"Dynamically Generated Phenology CSV","Y-Axis: Percent of Surveys, Lines: Caterpillars at Cowee MAPS Site in 2021; Caterpillars at Highlands Biological Station in 2021; Caterpillars at Kituah MAPS Site in 2021;"
4445,2021-09-09,20:57:17,10.95.125.1,mapsAndGraphs,"Dynamically Generated Phenology CSV","Y-Axis: Number Per Survey, Lines: Caterpillars at Cowee MAPS Site in 2021; Caterpillars at Highlands Biological Station in 2021; Caterpillars at Kituah MAPS Site in 2021;"
4446,2021-09-09,20:57:22,10.95.125.1,mapsAndGraphs,"Dynamically Generated Phenology CSV","Y-Axis: Biomass Per Survey, Lines: Caterpillars at Cowee MAPS Site in 2021; Caterpillars at Highlands Biological Station in 2021; Caterpillars at Kituah MAPS Site in 2021;"
4447,2021-09-09,20:58:04,10.95.125.1,mapsAndGraphs,"Dynamically Generated Composition CSV","X-Axis: site, Y-Axis: Percent of Arthropods, Sites Included: Cowee MAPS Site, Highlands Biological Station, Kituah MAPS Site"
4448,2021-09-09,20:58:11,10.95.125.1,mapsAndGraphs,"Dynamically Generated Composition CSV","X-Axis: site, Y-Axis: Biomass Per Survey, Sites Included: Cowee MAPS Site, Highlands Biological Station, Kituah MAPS Site"
4449,2021-09-10,17:47:33,10.95.125.1,mapsAndGraphs,"Dynamically Generated Composition CSV","X-Axis: site, Y-Axis: Percent of Arthropods, Sites Included: Brookbanks Park"
4450,2021-09-10,18:57:30,10.95.123.1,identificationSkills,ArthropodIDGuide.pdf,
4451,2021-09-10,18:57:49,10.95.123.1,identificationSkills,"Dichotomous Keys to Arthropod Orders.pdf",
4452,2021-09-14,01:10:40,10.95.123.1,dataDownload,"Dynamically Generated CSV","Site: 95, YearStart: 2018, YearEnd: 2021, Arthropod: All"
4453,2021-09-14,13:27:56,10.95.125.1,identificationSkills,ArthropodIDGuide.pdf,
4454,2021-09-14,14:22:22,10.95.123.1,identificationSkills,"Dichotomous Keys to Arthropod Orders.pdf",
4455,2021-09-14,14:23:20,10.95.123.1,identificationSkills,ArthropodIDGuide.pdf,
4456,2021-09-15,01:38:27,10.95.118.65,resources,ManageMySurveysGuide.pdf,
4457,2021-09-15,14:27:57,10.95.118.65,identificationSkills/index.html,,
4458,2021-09-15,14:28:01,10.95.118.65,identificationSkills/index.html,,
4459,2021-09-15,14:28:15,10.95.118.65,identificationSkills,ArthropodIDGuide.pdf,
4460,2021-09-15,14:28:15,10.95.118.65,identificationSkills,ArthropodIDGuide.pdf,
4461,2021-09-15,14:28:49,10.95.118.65,identificationSkills,ArthropodIDGuide.pdf,
4462,2021-09-15,14:28:56,10.95.125.1,identificationSkills,ArthropodIDGuide.pdf,
4463,2021-09-15,14:28:57,10.95.123.1,identificationSkills,ArthropodIDGuide.pdf,
4464,2021-09-15,14:29:57,10.95.118.65,identificationSkills,ArthropodIDGuide.pdf,
4465,2021-09-15,14:30:03,10.95.125.1,identificationSkills/index.html,,
4466,2021-09-15,14:30:26,10.95.118.65,identificationSkills,"Dichotomous Keys to Arthropod Orders.pdf",
4467,2021-09-15,14:30:34,10.95.118.65,identificationSkills,ArthropodIDGuide.pdf,
4468,2021-09-15,14:30:40,10.95.123.1,identificationSkills,ArthropodIDGuide.pdf,
4469,2021-09-15,14:30:44,10.95.118.65,identificationSkills,ArthropodIDGuide.pdf,
4470,2021-09-15,14:30:46,10.95.118.65,identificationSkills,ArthropodIDGuide.pdf,
4471,2021-09-15,14:30:57,10.95.125.1,identificationSkills,ArthropodIDGuide.pdf,
4472,2021-09-15,14:31:15,10.95.123.1,identificationSkills,ArthropodIDGuide.pdf,
4473,2021-09-15,14:33:04,10.95.118.65,identificationSkills,ArthropodIDGuide.pdf,
4474,2021-09-15,14:33:14,10.95.123.1,identificationSkills,ArthropodIDGuide.pdf,
4475,2021-09-15,14:46:32,10.95.123.1,identificationSkills,ArthropodIDGuide.pdf,
4476,2021-09-15,14:49:33,10.95.118.65,dataDownload,"Dynamically Generated CSV","Site: 269, YearStart: 2021, YearEnd: 2021, Arthropod: All"
4477,2021-09-15,15:03:47,10.95.118.65,resources,paperDataSheet.pdf,
4478,2021-09-15,17:45:36,10.95.118.65,identificationSkills,ArthropodIDGuide.pdf,
4479,2021-09-15,17:45:51,10.95.118.65,identificationSkills,"Dichotomous Keys to Arthropod Orders.pdf",
4480,2021-09-15,20:03:46,10.95.125.1,resources,"Data Exploration.pdf",
4481,2021-09-15,20:28:39,10.95.118.65,dataDownload,"Dynamically Generated CSV","Site: 269, YearStart: 2021, YearEnd: 2021, Arthropod: All"
4482,2021-09-15,20:29:35,10.95.118.65,dataDownload,"Dynamically Generated CSV","Site: 268, YearStart: 2021, YearEnd: 2021, Arthropod: All"
4483,2021-09-15,20:30:35,10.95.118.65,dataDownload,"Dynamically Generated CSV","Site: 231, YearStart: 2011, YearEnd: 2021, Arthropod: All"
4484,2021-09-15,20:40:59,10.95.118.65,resources,paperDataSheet.pdf,
4485,2021-09-15,22:39:33,10.95.123.1,identificationSkills,"Dichotomous Keys to Arthropod Orders.pdf",
4486,2021-09-17,04:26:01,10.95.125.1,identificationSkills,"Dichotomous Keys to Arthropod Orders.pdf",
4487,2021-09-17,12:59:10,10.95.125.1,identificationSkills,"Dichotomous Keys to Arthropod Orders.pdf",
4488,2021-09-17,12:59:43,10.95.125.1,identificationSkills,ArthropodIDGuide.pdf,
4489,2021-09-17,13:27:16,10.95.125.1,identificationSkills,"Dichotomous Keys to Arthropod Orders.pdf",
4490,2021-09-17,23:23:48,10.95.125.1,dataDownload,"Dynamically Generated CSV","Site: All, YearStart: 2002, YearEnd: 2021, Arthropod: All"
4491,2021-09-18,12:24:39,10.95.118.65,identificationSkills,"Dichotomous Keys to Arthropod Orders.pdf",
4492,2021-09-18,15:55:23,10.95.118.65,resources,MobileAppManual.pdf,
4493,2021-09-18,15:55:33,10.95.118.65,resources,VisualSurveyTestBranch.pdf,
4494,2021-09-20,14:14:14,10.95.125.1,dataDownload,"Dynamically Generated CSV","Site: 182, YearStart: 2021, YearEnd: 2021, Arthropod: All"
4495,2021-09-20,14:51:52,10.95.118.65,resources,MobileAppManual.pdf,
4496,2021-09-20,14:53:00,10.95.118.65,resources,"Building A Beat Sheet.pdf",
4497,2021-09-20,14:53:50,10.95.118.65,resources,VisualSurveyTestBranch.pdf,
4498,2021-09-20,14:53:57,10.95.118.65,resources,paperDataSheet.pdf,
4499,2021-09-20,14:55:06,10.95.118.65,resources,ManageMySurveysGuide.pdf,
4500,2021-09-20,14:55:10,10.95.118.65,resources,"Data Exploration.pdf",
4501,2021-09-20,14:55:21,10.95.118.65,resources,ArthropodIDslides.pdf,
4502,2021-09-20,14:55:26,10.95.118.65,resources,VisualSurveyTestBranch.pdf,
4503,2021-09-20,14:55:34,10.95.118.65,resources,TrainingParticipants.pdf,
4504,2021-09-20,14:55:45,10.95.118.65,resources,GettingStarted.pdf,
4505,2021-09-20,14:55:54,10.95.118.65,resources,MobileAppManual.pdf,
4506,2021-09-20,16:45:43,10.95.118.65,resources,MobileAppManual.pdf,
4507,2021-09-20,16:45:52,10.95.118.65,resources,MobileAppManual.pdf,
4508,2021-09-20,18:41:56,10.95.125.1,identificationSkills,ArthropodIDGuide.pdf,
4509,2021-09-21,12:39:06,10.95.123.1,identificationSkills/index.html,,
4510,2021-09-21,16:57:35,10.95.118.65,dataDownload,"Dynamically Generated CSV","Site: All, YearStart: 2002, YearEnd: 2021, Arthropod: All"
4511,2021-09-21,17:10:41,10.95.118.65,dataDownload,"Dynamically Generated CSV","Site: All, YearStart: 2002, YearEnd: 2021, Arthropod: All"
4512,2021-09-21,19:25:04,10.95.125.1,identificationSkills/index.html,,
4513,2021-09-21,19:36:02,10.95.118.65,identificationSkills,ArthropodIDGuide.pdf,
4514,2021-09-21,19:37:19,10.95.118.65,identificationSkills,"Dichotomous Keys to Arthropod Orders.pdf",
4515,2021-09-22,01:02:02,10.95.118.65,identificationSkills,ArthropodIDGuide.pdf,
4516,2021-09-22,13:29:46,10.95.118.65,conductASurvey,paperDataSheet.pdf,
4517,2021-09-22,14:30:04,10.95.123.1,dataDownload,"Dynamically Generated CSV","Site: 51, YearStart: 2015, YearEnd: 2021, Arthropod: All"
4518,2021-09-24,13:53:28,10.95.118.65,conductASurvey,paperDataSheet.pdf,
4519,2021-09-25,00:04:54,10.95.123.1,identificationSkills,ArthropodIDGuide.pdf,
4520,2021-09-25,10:32:25,10.95.125.1,conductASurvey,paperDataSheet.pdf,
4521,2021-09-25,13:20:41,10.95.118.65,conductASurvey,paperDataSheet.pdf,
4522,2021-09-25,15:52:10,10.95.123.1,identificationSkills,"Dichotomous Keys to Arthropod Orders.pdf",
4523,2021-09-26,02:17:06,10.95.118.65,identificationSkills,ArthropodIDGuide.pdf,
4524,2021-09-28,13:15:32,10.95.125.1,identificationSkills,ArthropodIDGuide.pdf,
4525,2021-09-29,00:59:20,10.95.118.65,identificationSkills,ArthropodIDGuide.pdf,
4526,2021-10-01,17:41:17,10.95.118.65,dataDownload,"Dynamically Generated CSV","Site: 182, YearStart: 2018, YearEnd: 2021, Arthropod: All"
4527,2021-10-04,18:12:49,10.95.123.1,identificationSkills,ArthropodIDGuide.pdf,
4528,2021-10-04,18:18:57,10.95.118.65,identificationSkills,ArthropodIDGuide.pdf,
4529,2021-10-04,20:47:49,10.95.118.65,dataDownload,"Dynamically Generated CSV","Site: 182, YearStart: 2018, YearEnd: 2021, Arthropod: All"
4530,2021-10-05,00:04:55,10.95.125.1,identificationSkills,"Dichotomous Keys to Arthropod Orders.pdf",
4531,2021-10-05,05:09:30,10.95.123.1,identificationSkills,ArthropodIDGuide.pdf,
4532,2021-10-05,05:09:45,10.95.123.1,identificationSkills,"Dichotomous Keys to Arthropod Orders.pdf",
4533,2021-10-05,19:27:26,10.95.125.1,identificationSkills,"Dichotomous Keys to Arthropod Orders.pdf",
4534,2021-10-05,20:26:34,10.95.125.1,identificationSkills,ArthropodIDGuide.pdf,
4535,2021-10-06,13:56:21,10.95.125.1,identificationSkills,ArthropodIDGuide.pdf,
4536,2021-10-06,14:04:40,10.95.125.1,identificationSkills,ArthropodIDGuide.pdf,
4537,2021-10-06,14:05:04,10.95.123.1,identificationSkills,ArthropodIDGuide.pdf,
4538,2021-10-06,14:05:18,10.95.118.65,identificationSkills,ArthropodIDGuide.pdf,
4539,2021-10-06,14:09:55,10.95.123.1,identificationSkills,"Dichotomous Keys to Arthropod Orders.pdf",
4540,2021-10-06,14:10:51,10.95.123.1,identificationSkills,ArthropodIDGuide.pdf,
4541,2021-10-06,15:42:27,10.95.125.1,identificationSkills,ArthropodIDGuide.pdf,
4542,2021-10-06,15:46:57,10.95.123.1,identificationSkills,"Dichotomous Keys to Arthropod Orders.pdf",
4543,2021-10-08,00:50:44,10.95.125.1,identificationSkills,"Dichotomous Keys to Arthropod Orders.pdf",
4544,2021-10-11,20:19:03,10.95.118.65,resources,TrainingParticipants.pdf,
4545,2021-10-11,20:19:09,10.95.118.65,resources,GettingStarted.pdf,
4546,2021-10-11,20:19:22,10.95.118.65,resources,MobileAppManual.pdf,
4547,2021-10-11,20:23:11,10.95.118.65,identificationSkills,ArthropodIDGuide.pdf,
4548,2021-10-11,20:23:50,10.95.118.65,resources,ArthropodIDslides.pdf,
4549,2021-10-11,20:26:34,10.95.118.65,resources,ManageMySurveysGuide.pdf,
4550,2021-10-11,20:30:58,10.95.118.65,resources,"Data Exploration.pdf",
4551,2021-10-12,01:29:31,10.95.123.1,identificationSkills/index.html,,
4552,2021-10-12,01:42:44,10.95.123.1,identificationSkills,ArthropodIDGuide.pdf,
4553,2021-10-12,01:42:51,10.95.123.1,identificationSkills,ArthropodIDGuide.pdf,
4554,2021-10-12,01:42:56,10.95.123.1,identificationSkills,"Dichotomous Keys to Arthropod Orders.pdf",
4555,2021-10-12,15:14:02,10.95.123.1,identificationSkills/index.html,,
4556,2021-10-14,11:12:55,10.95.118.65,identificationSkills,ArthropodIDGuide.pdf,
4557,2021-10-14,19:09:37,10.95.123.1,dataDownload,"Dynamically Generated CSV","Site: 182, YearStart: 2021, YearEnd: 2021, Arthropod: All"
4558,2021-10-15,00:40:27,10.95.125.1,identificationSkills/index.html,ArthropodIDGuide.pdf,
4559,2021-10-15,17:36:21,10.95.125.1,identificationSkills,ArthropodIDGuide.pdf,
4560,2021-10-15,17:37:22,10.95.125.1,identificationSkills,"Dichotomous Keys to Arthropod Orders.pdf",
4561,2021-10-15,18:43:19,10.95.123.1,identificationSkills,"Dichotomous Keys to Arthropod Orders.pdf",
4562,2021-10-16,18:22:16,10.95.125.1,mapsAndGraphs/trends.html,"Dynamically Generated Trends CSV","Y-Axis: Percent of Surveys, Trend Lines: Caterpillars at NC Botanical Garden; Caterpillars at NC Botanical Garden; Caterpillars at NC Botanical Garden; Caterpillars at NC Botanical Garden; Caterpillars at NC Botanical Garden; Caterpillars at NC Botanical Garden; Caterpillars at NC Botanical Garden; Caterpillars at NC Botanical Garden;"
4563,2021-10-16,18:24:26,10.95.125.1,mapsAndGraphs/trends.html,"Dynamically Generated Phenology CSV","Y-Axis: Percent of Surveys, Lines: Caterpillars at NC Botanical Garden in 2021;"
4564,2021-10-16,18:33:48,10.95.125.1,mapsAndGraphs/trends.html,"Dynamically Generated Trends CSV","Y-Axis: Percent of Surveys, Trend Lines: Caterpillars at NC Botanical Garden; Caterpillars at NC Botanical Garden; Caterpillars at NC Botanical Garden; Caterpillars at NC Botanical Garden; Caterpillars at NC Botanical Garden; Caterpillars at NC Botanical Garden; Caterpillars at NC Botanical Garden; Caterpillars at NC Botanical Garden;"
4565,2021-10-16,18:41:47,10.95.125.1,mapsAndGraphs/trends.html,"Dynamically Generated Trends CSV","Y-Axis: Percent of Surveys, Trend Lines: Caterpillars at NC Botanical Garden; Caterpillars at NC Botanical Garden; Caterpillars at NC Botanical Garden; Caterpillars at NC Botanical Garden; Caterpillars at NC Botanical Garden; Caterpillars at NC Botanical Garden; Caterpillars at NC Botanical Garden; Caterpillars at NC Botanical Garden;"
4566,2021-10-16,18:45:41,10.95.125.1,mapsAndGraphs/trends.html,"Dynamically Generated Trends CSV","Y-Axis: Percent of Surveys, Trend Lines: Caterpillars at Prairie Ridge Ecostation; Caterpillars at Prairie Ridge Ecostation; Caterpillars at Prairie Ridge Ecostation; Caterpillars at Prairie Ridge Ecostation; Caterpillars at Prairie Ridge Ecostation; Caterpillars at Prairie Ridge Ecostation; Caterpillars at Prairie Ridge Ecostation; Caterpillars at Prairie Ridge Ecostation;"
4567,2021-10-16,18:46:37,10.95.125.1,mapsAndGraphs/trends.html,"Dynamically Generated Trends CSV","Y-Axis: Percent of Surveys, Trend Lines: Caterpillars at Prairie Ridge Ecostation; Caterpillars at Prairie Ridge Ecostation; Caterpillars at Prairie Ridge Ecostation; Caterpillars at Prairie Ridge Ecostation; Caterpillars at Prairie Ridge Ecostation; Caterpillars at Prairie Ridge Ecostation; Caterpillars at Prairie Ridge Ecostation; Caterpillars at Prairie Ridge Ecostation;"
4568,2021-10-16,21:09:08,10.95.125.1,mapsAndGraphs/trends.html,"Dynamically Generated Trends CSV","Y-Axis: Percent of Surveys, Trend Lines: Ants at Prairie Ridge Ecostation; Ants at Prairie Ridge Ecostation; Ants at Prairie Ridge Ecostation; Ants at Prairie Ridge Ecostation; Ants at Prairie Ridge Ecostation; Ants at Prairie Ridge Ecostation; Ants at Prairie Ridge Ecostation; Ants at Prairie Ridge Ecostation; Caterpillars at Prairie Ridge Ecostation; Caterpillars at Prairie Ridge Ecostation; Caterpillars at Prairie Ridge Ecostation; Caterpillars at Prairie Ridge Ecostation; Caterpillars at Prairie Ridge Ecostation; Caterpillars at Prairie Ridge Ecostation; Caterpillars at Prairie Ridge Ecostation; Caterpillars at Prairie Ridge Ecostation;"
4569,2021-10-17,00:14:38,10.95.118.65,identificationSkills,"Dichotomous Keys to Arthropod Orders.pdf",
4570,2021-10-17,17:22:34,10.95.118.65,identificationSkills/index.html,,
4571,2021-10-18,18:49:35,10.95.125.1,resources,"Arthropod Food Web lesson plan.pdf",
4572,2021-10-18,18:52:03,10.95.125.1,resources,BugBlitz_ProjectInfo.pdf,
4573,2021-10-18,18:53:09,10.95.125.1,resources,zehnder.pdf,
4574,2021-10-18,18:53:51,10.95.125.1,resources,"Data Exploration.pdf",
4575,2021-10-19,01:02:51,10.95.125.1,dataDownload,"Dynamically Generated CSV","Site: All, YearStart: 2002, YearEnd: 2021, Arthropod: All"
4576,2021-10-19,14:55:57,10.95.123.1,resources,"Building A Beat Sheet.pdf",
4577,2021-10-19,15:15:51,10.95.123.1,resources,GettingStarted.pdf,
4578,2021-10-20,14:47:11,10.95.123.1,dataDownload,"Dynamically Generated CSV","Site: All, YearStart: 2002, YearEnd: 2021, Arthropod: All"
4579,2021-10-20,19:22:11,10.95.118.65,identificationSkills,"Dichotomous Keys to Arthropod Orders.pdf",
4580,2021-10-20,19:23:42,10.95.118.65,identificationSkills,ArthropodIDGuide.pdf,
4581,2021-10-21,18:41:02,10.95.123.1,identificationSkills/index.html,,
4582,2021-10-21,18:41:41,10.95.123.1,identificationSkills/index.html,,
4583,2021-10-21,20:58:44,10.95.125.1,identificationSkills,"Dichotomous Keys to Arthropod Orders.pdf",
4584,2021-10-22,01:33:21,10.95.123.1,identificationSkills,ArthropodIDGuide.pdf,
4585,2021-10-22,01:35:14,10.95.123.1,identificationSkills,"Dichotomous Keys to Arthropod Orders.pdf",
4586,2021-10-22,01:36:29,10.95.123.1,identificationSkills,ArthropodIDGuide.pdf,
4587,2021-10-22,01:36:50,10.95.123.1,identificationSkills,ArthropodIDGuide.pdf,
4588,2021-10-22,01:36:53,10.95.123.1,identificationSkills,"Dichotomous Keys to Arthropod Orders.pdf",
4589,2021-10-22,15:26:58,10.95.123.1,identificationSkills,"Dichotomous Keys to Arthropod Orders.pdf",
4590,2021-10-22,16:10:10,10.95.123.1,identificationSkills,"Dichotomous Keys to Arthropod Orders.pdf",
4591,2021-10-24,22:37:27,10.95.125.1,identificationSkills,"Dichotomous Keys to Arthropod Orders.pdf",
4592,2021-10-25,01:36:58,10.95.125.1,identificationSkills/index.html,,
4593,2021-10-25,12:44:14,10.95.125.1,conductASurvey,paperDataSheet.pdf,
4594,2021-10-25,12:54:56,10.95.125.1,faq,ArthropodIDGuide.pdf,
4595,2021-10-25,13:02:48,10.95.125.1,resources,GettingStarted.pdf,
4596,2021-10-25,13:03:43,10.95.125.1,resources,TrainingParticipants.pdf,
4597,2021-10-25,13:06:40,10.95.125.1,identificationSkills,"Dichotomous Keys to Arthropod Orders.pdf",
4598,2021-10-25,13:08:06,10.95.125.1,resources,VisualSurveyTestBranch.pdf,
4599,2021-10-25,13:10:49,10.95.125.1,resources,ArthropodIDslides.pdf,
4600,2021-10-27,04:53:04,10.95.118.65,identificationSkills/index.html,,
4601,2021-10-27,05:01:54,10.95.118.65,resources,TrainingParticipants.pdf,
4602,2021-10-27,13:12:06,10.95.118.65,mapsAndGraphs,"Dynamically Generated Composition CSV","X-Axis: plant species, Y-Axis: Percent of Arthropods"
4603,2021-10-28,14:51:18,10.95.123.1,dataDownload,"Dynamically Generated CSV","Site: All, YearStart: 2002, YearEnd: 2021, Arthropod: All"
4604,2021-10-28,15:44:21,10.95.118.65,identificationSkills,ArthropodIDGuide.pdf,
4605,2021-10-28,15:45:08,10.95.118.65,identificationSkills,ArthropodIDGuide.pdf,
4606,2021-10-28,15:45:18,10.95.118.65,identificationSkills,"Dichotomous Keys to Arthropod Orders.pdf",
4607,2021-10-28,15:58:36,10.95.123.1,conductASurvey,paperDataSheet.pdf,
4608,2021-10-28,16:16:24,10.95.123.1,identificationSkills/index.html,,
4609,2021-10-28,16:17:33,10.95.123.1,identificationSkills/index.html,,
4610,2021-10-28,16:18:03,10.95.123.1,identificationSkills/index.html,,
4611,2021-10-28,16:18:08,10.95.123.1,identificationSkills/index.html,,
4612,2021-10-29,12:48:04,10.95.123.1,mapsAndGraphs,"Dynamically Generated Composition CSV","X-Axis: plant species, Y-Axis: Percent of Arthropods"
4613,2021-10-29,13:45:56,10.95.118.65,dataDownload,"Dynamically Generated CSV","Site: All, YearStart: 2002, YearEnd: 2021, Arthropod: caterpillar"
4614,2021-10-29,19:11:44,10.95.123.1,mapsAndGraphs,"Dynamically Generated Composition CSV","X-Axis: site, Y-Axis: Percent of Arthropods, Sites Included: Middle Mill"
4615,2021-10-30,21:38:26,10.95.123.1,mapsAndGraphs/trends.html,"Dynamically Generated Trends CSV","Y-Axis: Percent of Surveys, Trend Lines: Caterpillars at Prairie Ridge Ecostation; Caterpillars at Prairie Ridge Ecostation;"
4616,2021-10-31,01:12:58,10.95.125.1,mapsAndGraphs/trends.html,"Dynamically Generated Trends CSV","Y-Axis: Percent of Surveys, Trend Lines: Caterpillars at Acadia NP - Alder; Grasshoppers and crickets at Prairie Ridge Ecostation; Caterpillars at Prairie Ridge Ecostation; Spiders at Prairie Ridge Ecostation; Leaf hoppers and cicadas at Prairie Ridge Ecostation; Caterpillars at Coweeta - BS; Caterpillars at Prairie Ridge Ecostation; Spiders at Prairie Ridge Ecostation; Grasshoppers and crickets at Prairie Ridge Ecostation; Leaf hoppers and cicadas at Prairie Ridge Ecostation; Caterpillars at Acadia NP - Alder; Caterpillars at Coweeta - BS; Caterpillars at 16 Old Paris Mtn;"
4617,2021-10-31,05:56:56,10.95.118.65,identificationSkills/index.html,,
4618,2021-10-31,05:57:01,10.95.118.65,identificationSkills/index.html,,
4619,2021-10-31,23:34:39,10.95.118.65,identificationSkills/index.html,,
4620,2021-10-31,23:35:22,10.95.118.65,identificationSkills/index.html,,
4621,2021-11-01,12:07:50,10.95.118.65,identificationSkills/index.html,,
4622,2021-11-01,12:14:15,10.95.118.65,identificationSkills/index.html,,
4623,2021-11-01,13:00:09,10.95.118.65,identificationSkills/index.html,,
4624,2021-11-01,15:22:13,10.95.123.1,resources,"Phenology Across Trophic Levels lesson plan.pdf",
4625,2021-11-01,15:23:39,10.95.123.1,resources,TrainingParticipants.pdf,
4626,2021-11-01,15:23:55,10.95.123.1,resources,GettingStarted.pdf,
4627,2021-11-01,15:24:14,10.95.123.1,resources,ArthropodIDslides.pdf,
4628,2021-11-01,15:25:57,10.95.123.1,resources,VisualSurveyTestBranch.pdf,
4629,2021-11-01,15:34:22,10.95.123.1,identificationSkills,ArthropodIDGuide.pdf,
4630,2021-11-01,15:34:27,10.95.123.1,identificationSkills,"Dichotomous Keys to Arthropod Orders.pdf",
4631,2021-11-01,17:16:13,10.95.125.1,mapsAndGraphs,"Dynamically Generated Composition CSV","X-Axis: plant species, Y-Axis: Percent of Arthropods"
4632,2021-11-01,17:23:14,10.95.118.65,mapsAndGraphs,"Dynamically Generated Composition CSV","X-Axis: plant species, Y-Axis: Percent of Arthropods"
4633,2021-11-01,17:29:20,10.95.125.1,mapsAndGraphs,"Dynamically Generated Composition CSV","X-Axis: plant species, Y-Axis: Percent of Arthropods"
4634,2021-11-01,17:31:04,10.95.123.1,mapsAndGraphs,"Dynamically Generated Composition CSV","X-Axis: site, Y-Axis: Percent of Arthropods, Sites Included: Appalachian State University"
4635,2021-11-01,17:33:48,10.95.125.1,mapsAndGraphs,"Dynamically Generated Composition CSV","X-Axis: plant species, Y-Axis: Percent of Arthropods"
4636,2021-11-01,17:35:57,10.95.125.1,mapsAndGraphs,"Dynamically Generated Composition CSV","X-Axis: plant species, Y-Axis: Percent of Arthropods"
4637,2021-11-01,17:37:12,10.95.123.1,identificationSkills/index.html,,
4638,2021-11-01,17:38:25,10.95.125.1,mapsAndGraphs,"Dynamically Generated Phenology CSV","Y-Axis: Percent of Surveys, Lines: Caterpillars at Appalachian State University in 2021;"
4639,2021-11-01,17:38:34,10.95.125.1,mapsAndGraphs,"Dynamically Generated Composition CSV","X-Axis: site, Y-Axis: Percent of Arthropods, Sites Included: Appalachian State University"
4640,2021-11-01,17:39:08,10.95.118.65,mapsAndGraphs,"Dynamically Generated Composition CSV","X-Axis: plant species, Y-Axis: Percent of Arthropods"
4641,2021-11-01,17:40:11,10.95.125.1,mapsAndGraphs,"Dynamically Generated Composition CSV","X-Axis: plant species, Y-Axis: Percent of Arthropods"
4642,2021-11-01,18:10:46,10.95.118.65,mapsAndGraphs,"Dynamically Generated Composition CSV","X-Axis: plant species, Y-Axis: Percent of Arthropods"
4643,2021-11-01,18:23:03,10.95.125.1,mapsAndGraphs,"Dynamically Generated Phenology CSV","Y-Axis: Percent of Surveys, Lines: Caterpillars at Wye Marsh Wildlife Centre in 2019;"
4644,2021-11-01,19:19:11,10.95.125.1,mapsAndGraphs,"Dynamically Generated Composition CSV","X-Axis: plant species, Y-Axis: Percent of Arthropods"
4645,2021-11-01,19:20:23,10.95.125.1,mapsAndGraphs,"Dynamically Generated Composition CSV","X-Axis: plant species, Y-Axis: Percent of Arthropods"
4646,2021-11-01,19:26:13,10.95.118.65,mapsAndGraphs,"Dynamically Generated Composition CSV","X-Axis: plant species, Y-Axis: Percent of Arthropods"
4647,2021-11-01,19:27:05,10.95.125.1,mapsAndGraphs,"Dynamically Generated Composition CSV","X-Axis: plant species, Y-Axis: Percent of Arthropods"
4648,2021-11-01,19:39:12,10.95.123.1,mapsAndGraphs,"Dynamically Generated Composition CSV","X-Axis: plant species, Y-Axis: Percent of Arthropods"
4649,2021-11-01,19:39:22,10.95.118.65,mapsAndGraphs,"Dynamically Generated Composition CSV","X-Axis: plant species, Y-Axis: Percent of Arthropods"
4650,2021-11-01,19:45:13,10.95.118.65,mapsAndGraphs,"Dynamically Generated Composition CSV","X-Axis: plant species, Y-Axis: Percent of Arthropods"
4651,2021-11-01,19:45:50,10.95.118.65,mapsAndGraphs,"Dynamically Generated Composition CSV","X-Axis: plant species, Y-Axis: Percent of Arthropods"
4652,2021-11-01,19:53:17,10.95.123.1,mapsAndGraphs,"Dynamically Generated Composition CSV","X-Axis: plant species, Y-Axis: Percent of Arthropods"
4653,2021-11-01,21:10:23,10.95.118.65,mapsAndGraphs,"Dynamically Generated Composition CSV","X-Axis: plant species, Y-Axis: Percent of Arthropods"
4654,2021-11-01,21:12:21,10.95.118.65,mapsAndGraphs,"Dynamically Generated Composition CSV","X-Axis: plant species, Y-Axis: Percent of Arthropods"
4655,2021-11-01,21:18:05,10.95.125.1,mapsAndGraphs,"Dynamically Generated Composition CSV","X-Axis: plant species, Y-Axis: Percent of Arthropods"
4656,2021-11-01,21:18:22,10.95.123.1,mapsAndGraphs,"Dynamically Generated Composition CSV","X-Axis: plant species, Y-Axis: Percent of Arthropods"
4657,2021-11-01,21:20:52,10.95.125.1,mapsAndGraphs,"Dynamically Generated Composition CSV","X-Axis: plant species, Y-Axis: Percent of Arthropods"
4658,2021-11-01,21:22:22,10.95.125.1,mapsAndGraphs,"Dynamically Generated Composition CSV","X-Axis: plant species, Y-Axis: Percent of Arthropods"
4659,2021-11-01,21:24:52,10.95.118.65,mapsAndGraphs,"Dynamically Generated Composition CSV","X-Axis: plant species, Y-Axis: Percent of Arthropods"
4660,2021-11-01,21:26:49,10.95.125.1,identificationSkills/index.html,,
4661,2021-11-01,21:52:46,10.95.118.65,mapsAndGraphs,"Dynamically Generated Composition CSV","X-Axis: plant species, Y-Axis: Percent of Arthropods"
4662,2021-11-01,22:27:12,10.95.125.1,identificationSkills,"Dichotomous Keys to Arthropod Orders.pdf",
4663,2021-11-01,23:53:24,10.95.125.1,mapsAndGraphs,"Dynamically Generated Composition CSV","X-Axis: plant species, Y-Axis: Percent of Arthropods"
4664,2021-11-01,23:56:17,10.95.125.1,mapsAndGraphs,"Dynamically Generated Composition CSV","X-Axis: plant species, Y-Axis: Percent of Arthropods"
4665,2021-11-01,23:58:34,10.95.123.1,identificationSkills,ArthropodIDGuide.pdf,
4666,2021-11-01,23:58:54,10.95.118.65,mapsAndGraphs,"Dynamically Generated Composition CSV","X-Axis: plant species, Y-Axis: Percent of Arthropods"
4667,2021-11-02,00:01:04,10.95.125.1,mapsAndGraphs,"Dynamically Generated Composition CSV","X-Axis: plant species, Y-Axis: Percent of Arthropods"
4668,2021-11-02,00:07:37,10.95.125.1,mapsAndGraphs,"Dynamically Generated Composition CSV","X-Axis: plant species, Y-Axis: Percent of Arthropods"
4669,2021-11-02,01:51:03,10.95.123.1,mapsAndGraphs,"Dynamically Generated Composition CSV","X-Axis: plant species, Y-Axis: Percent of Arthropods"
4670,2021-11-02,03:29:50,10.95.118.65,mapsAndGraphs,"Dynamically Generated Composition CSV","X-Axis: plant species, Y-Axis: Percent of Arthropods"
4671,2021-11-02,13:22:11,10.95.118.65,mapsAndGraphs,"Dynamically Generated Composition CSV","X-Axis: plant species, Y-Axis: Percent of Arthropods"
4672,2021-11-02,13:22:19,10.95.125.1,mapsAndGraphs,"Dynamically Generated Composition CSV","X-Axis: plant species, Y-Axis: Percent of Arthropods"
4673,2021-11-02,13:23:16,10.95.123.1,mapsAndGraphs,"Dynamically Generated Composition CSV","X-Axis: plant species, Y-Axis: Percent of Arthropods"
4674,2021-11-02,13:23:17,10.95.125.1,mapsAndGraphs,"Dynamically Generated Composition CSV","X-Axis: plant species, Y-Axis: Percent of Arthropods"
4675,2021-11-02,13:36:40,10.95.123.1,mapsAndGraphs,"Dynamically Generated Composition CSV","X-Axis: plant species, Y-Axis: Percent of Arthropods"
4676,2021-11-02,13:50:52,10.95.123.1,mapsAndGraphs,"Dynamically Generated Composition CSV","X-Axis: plant species, Y-Axis: Percent of Arthropods"
4677,2021-11-02,13:51:27,10.95.123.1,mapsAndGraphs,"Dynamically Generated Composition CSV","X-Axis: plant species, Y-Axis: Percent of Arthropods"
4678,2021-11-02,13:54:28,10.95.123.1,mapsAndGraphs,"Dynamically Generated Composition CSV","X-Axis: plant species, Y-Axis: Percent of Arthropods"
4679,2021-11-02,14:01:51,10.95.118.65,identificationSkills/index.html,,
4680,2021-11-02,14:10:31,10.95.118.65,identificationSkills/index.html,,
4681,2021-11-02,14:10:37,10.95.118.65,identificationSkills/index.html,,
4682,2021-11-02,14:21:24,10.95.118.65,conductASurvey,paperDataSheet.pdf,
4683,2021-11-02,15:12:18,10.95.118.65,mapsAndGraphs,"Dynamically Generated Composition CSV","X-Axis: plant species, Y-Axis: Percent of Arthropods"
4684,2021-11-02,15:17:36,10.95.125.1,mapsAndGraphs,"Dynamically Generated Composition CSV","X-Axis: plant species, Y-Axis: Percent of Arthropods"
4685,2021-11-02,15:18:22,10.95.118.65,mapsAndGraphs,"Dynamically Generated Composition CSV","X-Axis: plant species, Y-Axis: Percent of Arthropods"
4686,2021-11-02,15:20:15,10.95.125.1,mapsAndGraphs,"Dynamically Generated Composition CSV","X-Axis: plant species, Y-Axis: Percent of Arthropods"
4687,2021-11-02,15:28:24,10.95.123.1,mapsAndGraphs,"Dynamically Generated Composition CSV","X-Axis: plant species, Y-Axis: Percent of Arthropods"
4688,2021-11-02,15:32:16,10.95.123.1,mapsAndGraphs,"Dynamically Generated Composition CSV","X-Axis: plant species, Y-Axis: Percent of Arthropods"
4689,2021-11-02,15:50:36,10.95.125.1,dataDownload,"Dynamically Generated CSV","Site: 182, YearStart: 2018, YearEnd: 2021, Arthropod: All"
4690,2021-11-02,15:52:07,10.95.118.65,mapsAndGraphs,"Dynamically Generated Composition CSV","X-Axis: plant species, Y-Axis: Percent of Arthropods"
4691,2021-11-02,15:52:48,10.95.118.65,mapsAndGraphs,"Dynamically Generated Composition CSV","X-Axis: plant species, Y-Axis: Percent of Arthropods"
4692,2021-11-02,16:04:38,10.95.125.1,mapsAndGraphs,"Dynamically Generated Composition CSV","X-Axis: plant species, Y-Axis: Percent of Arthropods"
4693,2021-11-02,16:13:37,10.95.125.1,identificationSkills,"Dichotomous Keys to Arthropod Orders.pdf",
4694,2021-11-02,16:26:57,10.95.118.65,identificationSkills/index.html,,
4695,2021-11-02,17:10:34,10.95.123.1,mapsAndGraphs,"Dynamically Generated Composition CSV","X-Axis: plant species, Y-Axis: Percent of Arthropods"
4696,2021-11-02,17:17:27,10.95.118.65,mapsAndGraphs,"Dynamically Generated Composition CSV","X-Axis: site, Y-Axis: Percent of Arthropods, Sites Included: Appalachian State University"
4697,2021-11-02,17:26:35,10.95.123.1,mapsAndGraphs,"Dynamically Generated Composition CSV","X-Axis: site, Y-Axis: Percent of Arthropods, Sites Included: Appalachian State University"
4698,2021-11-02,17:31:10,10.95.123.1,mapsAndGraphs,"Dynamically Generated Composition CSV","X-Axis: plant species, Y-Axis: Percent of Arthropods"
4699,2021-11-02,17:37:16,10.95.118.65,mapsAndGraphs,"Dynamically Generated Composition CSV","X-Axis: plant species, Y-Axis: Percent of Arthropods"
4700,2021-11-02,17:44:25,10.95.118.65,mapsAndGraphs,"Dynamically Generated Composition CSV","X-Axis: plant species, Y-Axis: Percent of Arthropods"
4701,2021-11-02,17:45:04,10.95.118.65,mapsAndGraphs,"Dynamically Generated Composition CSV","X-Axis: plant species, Y-Axis: Percent of Arthropods"
4702,2021-11-02,19:06:10,10.95.123.1,conductASurvey,paperDataSheet.pdf,
4703,2021-11-02,19:08:28,10.95.118.65,mapsAndGraphs,"Dynamically Generated Composition CSV","X-Axis: plant species, Y-Axis: Percent of Arthropods"
4704,2021-11-02,19:08:46,10.95.118.65,mapsAndGraphs,"Dynamically Generated Composition CSV","X-Axis: plant species, Y-Axis: Percent of Arthropods"
4705,2021-11-02,19:14:37,10.95.125.1,mapsAndGraphs,"Dynamically Generated Composition CSV","X-Axis: plant species, Y-Axis: Percent of Arthropods"
4706,2021-11-02,19:19:39,10.95.123.1,mapsAndGraphs,"Dynamically Generated Composition CSV","X-Axis: plant species, Y-Axis: Percent of Arthropods"
4707,2021-11-02,19:23:39,10.95.125.1,mapsAndGraphs,"Dynamically Generated Composition CSV","X-Axis: plant species, Y-Axis: Percent of Arthropods"
4708,2021-11-02,19:27:22,10.95.125.1,mapsAndGraphs,"Dynamically Generated Composition CSV","X-Axis: plant species, Y-Axis: Percent of Arthropods"
4709,2021-11-02,19:27:29,10.95.118.65,mapsAndGraphs,"Dynamically Generated Composition CSV","X-Axis: plant species, Y-Axis: Percent of Arthropods"
4710,2021-11-02,19:28:43,10.95.125.1,resources,"Data Exploration.pdf",
4711,2021-11-02,19:29:02,10.95.118.65,mapsAndGraphs,"Dynamically Generated Composition CSV","X-Axis: site, Y-Axis: Percent of Arthropods, Sites Included: Appalachian State University"
4712,2021-11-02,21:19:09,10.95.123.1,mapsAndGraphs,"Dynamically Generated Composition CSV","X-Axis: plant species, Y-Axis: Percent of Arthropods"
4713,2021-11-02,21:20:17,10.95.123.1,mapsAndGraphs,"Dynamically Generated Composition CSV","X-Axis: plant species, Y-Axis: Percent of Arthropods"
4714,2021-11-02,21:20:19,10.95.123.1,mapsAndGraphs,"Dynamically Generated Composition CSV","X-Axis: plant species, Y-Axis: Percent of Arthropods"
4715,2021-11-02,21:31:33,10.95.118.65,mapsAndGraphs,"Dynamically Generated Composition CSV","X-Axis: plant species, Y-Axis: Percent of Arthropods"
4716,2021-11-02,21:42:01,10.95.118.65,mapsAndGraphs,"Dynamically Generated Composition CSV","X-Axis: plant species, Y-Axis: Percent of Arthropods"
4717,2021-11-03,01:05:16,10.95.118.65,identificationSkills/index.html,,
4718,2021-11-03,01:07:34,10.95.118.65,identificationSkills/index.html,,
4719,2021-11-03,13:19:03,10.95.123.1,mapsAndGraphs,"Dynamically Generated Composition CSV","X-Axis: plant species, Y-Axis: Percent of Arthropods"
4720,2021-11-03,13:21:03,10.95.123.1,mapsAndGraphs,"Dynamically Generated Composition CSV","X-Axis: plant species, Y-Axis: Percent of Arthropods"
4721,2021-11-03,13:25:03,10.95.118.65,mapsAndGraphs,"Dynamically Generated Composition CSV","X-Axis: plant species, Y-Axis: Percent of Arthropods"
4722,2021-11-03,13:31:13,10.95.125.1,mapsAndGraphs,"Dynamically Generated Composition CSV","X-Axis: plant species, Y-Axis: Percent of Arthropods"
4723,2021-11-03,13:32:00,10.95.125.1,mapsAndGraphs,"Dynamically Generated Composition CSV","X-Axis: plant species, Y-Axis: Percent of Arthropods"
4724,2021-11-03,13:36:31,10.95.125.1,mapsAndGraphs,"Dynamically Generated Composition CSV","X-Axis: plant species, Y-Axis: Percent of Arthropods"
4725,2021-11-03,13:43:22,10.95.125.1,identificationSkills/index.html,,
4726,2021-11-03,13:46:59,10.95.123.1,mapsAndGraphs,"Dynamically Generated Composition CSV","X-Axis: plant species, Y-Axis: Percent of Arthropods"
4727,2021-11-03,13:47:50,10.95.123.1,mapsAndGraphs,"Dynamically Generated Composition CSV","X-Axis: plant species, Y-Axis: Percent of Arthropods"
4728,2021-11-03,13:48:18,10.95.125.1,mapsAndGraphs,"Dynamically Generated Composition CSV","X-Axis: site, Y-Axis: Percent of Arthropods, Sites Included: Appalachian State University"
4729,2021-11-03,13:49:11,10.95.125.1,mapsAndGraphs,"Dynamically Generated Composition CSV","X-Axis: site, Y-Axis: Percent of Arthropods, Sites Included: Appalachian State University"
4730,2021-11-03,13:58:10,10.95.123.1,mapsAndGraphs,"Dynamically Generated Composition CSV","X-Axis: plant species, Y-Axis: Percent of Arthropods"
4731,2021-11-03,14:00:58,10.95.118.65,mapsAndGraphs,"Dynamically Generated Composition CSV","X-Axis: plant species, Y-Axis: Percent of Arthropods"
4732,2021-11-03,14:12:28,10.95.125.1,identificationSkills/index.html,,
4733,2021-11-03,14:12:52,10.95.125.1,identificationSkills/index.html,,
4734,2021-11-03,15:21:46,10.95.123.1,identificationSkills/index.html,,
4735,2021-11-03,15:27:21,10.95.123.1,mapsAndGraphs,"Dynamically Generated Composition CSV","X-Axis: plant species, Y-Axis: Percent of Arthropods"
4736,2021-11-03,15:29:14,10.95.123.1,mapsAndGraphs,"Dynamically Generated Composition CSV","X-Axis: plant species, Y-Axis: Percent of Arthropods"
4737,2021-11-03,15:30:20,10.95.123.1,mapsAndGraphs,"Dynamically Generated Composition CSV","X-Axis: plant species, Y-Axis: Percent of Arthropods"
4738,2021-11-03,15:39:23,10.95.118.65,mapsAndGraphs,"Dynamically Generated Composition CSV","X-Axis: plant species, Y-Axis: Percent of Arthropods"
4739,2021-11-03,15:41:03,10.95.125.1,mapsAndGraphs,"Dynamically Generated Composition CSV","X-Axis: plant species, Y-Axis: Percent of Arthropods"
4740,2021-11-03,15:41:41,10.95.118.65,mapsAndGraphs,"Dynamically Generated Composition CSV","X-Axis: plant species, Y-Axis: Percent of Arthropods"
4741,2021-11-03,15:44:16,10.95.118.65,mapsAndGraphs,"Dynamically Generated Composition CSV","X-Axis: plant species, Y-Axis: Percent of Arthropods"
4742,2021-11-03,16:02:43,10.95.123.1,mapsAndGraphs,"Dynamically Generated Composition CSV","X-Axis: site, Y-Axis: Percent of Arthropods, Sites Included: Appalachian State University"
4743,2021-11-03,16:10:48,10.95.123.1,mapsAndGraphs,"Dynamically Generated Composition CSV","X-Axis: site, Y-Axis: Percent of Arthropods, Sites Included: Appalachian State University"
4744,2021-11-03,16:11:34,10.95.123.1,mapsAndGraphs,"Dynamically Generated Composition CSV","X-Axis: site, Y-Axis: Percent of Arthropods, Sites Included: Appalachian State University"
4745,2021-11-03,17:40:34,10.95.125.1,mapsAndGraphs,"Dynamically Generated Composition CSV","X-Axis: plant species, Y-Axis: Percent of Arthropods"
4746,2021-11-03,17:41:34,10.95.125.1,mapsAndGraphs,"Dynamically Generated Composition CSV","X-Axis: plant species, Y-Axis: Percent of Arthropods"
4747,2021-11-03,17:50:14,10.95.125.1,resources,"Building A Beat Sheet.pdf",
4748,2021-11-03,21:09:02,10.95.125.1,mapsAndGraphs,"Dynamically Generated Composition CSV","X-Axis: plant species, Y-Axis: Percent of Arthropods"
4749,2021-11-03,21:10:55,10.95.118.65,mapsAndGraphs,"Dynamically Generated Composition CSV","X-Axis: plant species, Y-Axis: Percent of Arthropods"
4750,2021-11-03,21:23:34,10.95.123.1,mapsAndGraphs,"Dynamically Generated Composition CSV","X-Axis: site, Y-Axis: Percent of Arthropods, Sites Included: Appalachian State University"
4751,2021-11-03,21:26:18,10.95.123.1,mapsAndGraphs,"Dynamically Generated Composition CSV","X-Axis: site, Y-Axis: Percent of Arthropods, Sites Included: Appalachian State University"
4752,2021-11-03,21:28:14,10.95.123.1,mapsAndGraphs,"Dynamically Generated Composition CSV","X-Axis: plant species, Y-Axis: Percent of Arthropods"
4753,2021-11-03,21:46:12,10.95.118.65,mapsAndGraphs,"Dynamically Generated Composition CSV","X-Axis: plant species, Y-Axis: Percent of Arthropods"
4754,2021-11-03,21:46:34,10.95.125.1,dataDownload,"Dynamically Generated CSV","Site: 182, YearStart: 2018, YearEnd: 2021, Arthropod: All"
4755,2021-11-04,13:16:42,10.95.125.1,mapsAndGraphs,"Dynamically Generated Composition CSV","X-Axis: site, Y-Axis: Percent of Arthropods, Sites Included: Appalachian State University"
4756,2021-11-04,13:24:01,10.95.118.65,mapsAndGraphs,"Dynamically Generated Composition CSV","X-Axis: plant species, Y-Axis: Percent of Arthropods"
4757,2021-11-04,13:25:02,10.95.123.1,mapsAndGraphs,"Dynamically Generated Composition CSV","X-Axis: plant species, Y-Axis: Percent of Arthropods"
4758,2021-11-04,13:26:15,10.95.123.1,mapsAndGraphs,"Dynamically Generated Composition CSV","X-Axis: plant species, Y-Axis: Percent of Arthropods"
4759,2021-11-04,13:45:09,10.95.118.65,mapsAndGraphs,"Dynamically Generated Composition CSV","X-Axis: plant species, Y-Axis: Percent of Arthropods"
4760,2021-11-04,15:11:35,10.95.118.65,mapsAndGraphs,"Dynamically Generated Composition CSV","X-Axis: plant species, Y-Axis: Percent of Arthropods"
4761,2021-11-04,15:12:33,10.95.118.65,mapsAndGraphs,"Dynamically Generated Composition CSV","X-Axis: plant species, Y-Axis: Percent of Arthropods"
4762,2021-11-04,15:27:58,10.95.118.65,mapsAndGraphs,"Dynamically Generated Composition CSV","X-Axis: plant species, Y-Axis: Percent of Arthropods"
4763,2021-11-04,15:33:54,10.95.123.1,mapsAndGraphs,"Dynamically Generated Composition CSV","X-Axis: plant species, Y-Axis: Percent of Arthropods"
4764,2021-11-04,15:35:10,10.95.118.65,mapsAndGraphs,"Dynamically Generated Composition CSV","X-Axis: plant species, Y-Axis: Percent of Arthropods"
4765,2021-11-04,15:36:07,10.95.123.1,mapsAndGraphs,"Dynamically Generated Composition CSV","X-Axis: plant species, Y-Axis: Percent of Arthropods"
4766,2021-11-04,16:28:01,10.95.123.1,identificationSkills/index.html,,
4767,2021-11-04,17:11:14,10.95.123.1,mapsAndGraphs,"Dynamically Generated Composition CSV","X-Axis: plant species, Y-Axis: Percent of Arthropods"
4768,2021-11-04,17:23:33,10.95.123.1,mapsAndGraphs,"Dynamically Generated Composition CSV","X-Axis: plant species, Y-Axis: Percent of Arthropods"
4769,2021-11-04,17:25:12,10.95.125.1,mapsAndGraphs,"Dynamically Generated Composition CSV","X-Axis: plant species, Y-Axis: Percent of Arthropods"
4770,2021-11-04,17:25:43,10.95.118.65,mapsAndGraphs,"Dynamically Generated Composition CSV","X-Axis: site, Y-Axis: Percent of Arthropods, Sites Included: Appalachian State University"
4771,2021-11-04,17:26:25,10.95.118.65,mapsAndGraphs,"Dynamically Generated Composition CSV","X-Axis: site, Y-Axis: Percent of Arthropods, Sites Included: Appalachian State University"
4772,2021-11-04,17:37:08,10.95.118.65,mapsAndGraphs,"Dynamically Generated Composition CSV","X-Axis: plant species, Y-Axis: Percent of Arthropods"
4773,2021-11-04,17:51:10,10.95.125.1,identificationSkills/index.html,,
4774,2021-11-04,17:52:00,10.95.118.65,mapsAndGraphs,"Dynamically Generated Composition CSV","X-Axis: plant species, Y-Axis: Percent of Arthropods"
4775,2021-11-04,17:57:29,10.95.118.65,mapsAndGraphs,"Dynamically Generated Composition CSV","X-Axis: plant species, Y-Axis: Percent of Arthropods"
4776,2021-11-04,17:58:01,10.95.118.65,mapsAndGraphs,"Dynamically Generated Composition CSV","X-Axis: plant species, Y-Axis: Percent of Arthropods"
4777,2021-11-04,18:25:01,10.95.125.1,mapsAndGraphs,"Dynamically Generated Composition CSV","X-Axis: plant species, Y-Axis: Percent of Arthropods"
4778,2021-11-05,13:40:54,10.95.118.65,dataDownload,"Dynamically Generated CSV","Site: All, YearStart: 2016, YearEnd: 2021, Arthropod: caterpillar"
4779,2021-11-05,13:49:44,10.95.118.65,dataDownload,"Dynamically Generated CSV","Site: All, YearStart: 2019, YearEnd: 2021, Arthropod: caterpillar"
4780,2021-11-05,17:24:26,10.95.123.1,dataDownload,"Dynamically Generated CSV","Site: 278, YearStart: 2021, YearEnd: 2021, Arthropod: All"
4781,2021-11-05,22:58:07,10.95.125.1,identificationSkills/index.html,,
4782,2021-11-05,22:58:07,10.95.125.1,identificationSkills/index.html,,
4783,2021-11-05,22:58:12,10.95.125.1,identificationSkills/index.html,,
4784,2021-11-06,17:07:21,10.95.123.1,mapsAndGraphs/trends.html,"Dynamically Generated Trends CSV","Y-Axis: Percent of Surveys, Trend Lines: Caterpillars at Acadia NP - Alder; Caterpillars at Acadia NP - Alder;"
4785,2021-11-06,17:17:13,10.95.123.1,mapsAndGraphs/trends.html,"Dynamically Generated Trends CSV","Y-Axis: Percent of Surveys, Trend Lines: Caterpillars at Acadia NP - Alder; Caterpillars at Acadia NP - Alder;"
4786,2021-11-06,17:17:42,10.95.123.1,mapsAndGraphs/trends.html,"Dynamically Generated Trends CSV","Y-Axis: Percent of Surveys, Trend Lines: Caterpillars at Acadia NP - Alder; Caterpillars at Acadia NP - Alder;"
4787,2021-11-06,17:20:53,10.95.123.1,mapsAndGraphs/trends.html,"Dynamically Generated Trends CSV","Y-Axis: Percent of Surveys, Trend Lines: Ants at Acadia NP - Alder; All arthropods at Acadia NP - Alder; Caterpillars at Acadia NP - Alder; Bees, wasps, sawflies at Acadia NP - Alder; Caterpillars at Acadia NP - Alder; All arthropods at Acadia NP - Alder; Bees, wasps, sawflies at Acadia NP - Alder; Ants at Acadia NP - Alder;"
4788,2021-11-06,19:18:02,10.95.125.1,mapsAndGraphs/trends.html,"Dynamically Generated Trends CSV","Y-Axis: Percent of Surveys, Trend Lines: Caterpillars at Acadia NP - Alder; Caterpillars at Acadia NP - Alder;"
4789,2021-11-06,19:20:09,10.95.125.1,mapsAndGraphs/trends.html,"Dynamically Generated Trends CSV","Y-Axis: Percent of Surveys, Trend Lines: Caterpillars at Acadia NP - Alder; Caterpillars at Acadia NP - Alder;"
4790,2021-11-08,19:45:45,10.95.123.1,identificationSkills/index.html,,
4791,2021-11-09,16:15:03,10.95.118.65,dataDownload,"Dynamically Generated CSV","Site: 60, YearStart: 2021, YearEnd: 2021, Arthropod: All"
4792,2021-11-09,16:24:05,10.95.118.65,mapsAndGraphs,"Dynamically Generated Map CSV","Comparison Metric: Number per Survey, Observation Method: All, Arthropod Group: All Arthropods, Minimum Length (mm): 0, Plant Species: All, Wet Leaves: true, Month Start: 1, Month End: 11, Year Start: 2010, YearEnd: 2010"
4793,2021-11-09,16:40:06,10.95.118.65,mapsAndGraphs,"Dynamically Generated Map CSV","Comparison Metric: Number per Survey, Observation Method: All, Arthropod Group: Caterpillars, Minimum Length (mm): 0, Plant Species: All, Wet Leaves: true, Month Start: 1, Month End: 12, Year Start: 2015, YearEnd: 2015"
4794,2021-11-09,16:42:15,10.95.118.65,mapsAndGraphs,"Dynamically Generated Map CSV","Comparison Metric: Number per Survey, Observation Method: All, Arthropod Group: All Arthropods, Minimum Length (mm): 0, Plant Species: All, Wet Leaves: true, Month Start: 1, Month End: 12, Year Start: 2015, YearEnd: 2015"
4795,2021-11-09,16:43:51,10.95.118.65,mapsAndGraphs,"Dynamically Generated Map CSV","Comparison Metric: Percent of Surveys, Observation Method: All, Arthropod Group: All Arthropods, Minimum Length (mm): 0, Plant Species: All, Wet Leaves: true, Month Start: 1, Month End: 12, Year Start: 2015, YearEnd: 2015"
4796,2021-11-09,17:25:32,10.95.118.65,dataDownload,"Dynamically Generated CSV","Site: 78, YearStart: 2015, YearEnd: 2015, Arthropod: All"
4797,2021-11-09,20:43:46,10.95.118.65,dataDownload,"Dynamically Generated CSV","Site: 92, YearStart: 2021, YearEnd: 2021, Arthropod: All"
4798,2021-11-14,04:37:20,10.95.118.65,conductASurvey,paperDataSheet.pdf,
4799,2021-11-14,11:58:38,10.95.118.65,identificationSkills/index.html,,
4800,2021-11-14,12:02:34,10.95.118.65,identificationSkills/index.html,,
4801,2021-11-14,12:03:30,10.95.118.65,identificationSkills/index.html,,
4802,2021-11-15,23:50:56,10.95.118.65,identificationSkills,ArthropodIDGuide.pdf,
4803,2021-11-18,00:47:33,10.95.123.1,identificationSkills/index.html,,
4804,2021-11-18,00:47:56,10.95.123.1,identificationSkills/index.html,,
4805,2021-11-18,07:33:13,10.95.123.1,identificationSkills,"Dichotomous Keys to Arthropod Orders.pdf",
4806,2021-11-19,20:16:29,10.95.123.1,mapsAndGraphs,"Dynamically Generated Phenology CSV","Y-Axis: Percent of Surveys, Lines: Caterpillars at Middle Mill in 2021;"
4807,2021-11-19,20:20:55,10.95.123.1,dataDownload,"Dynamically Generated CSV","Site: 278, YearStart: 2021, YearEnd: 2021, Arthropod: All"
4808,2021-11-22,16:58:45,10.95.118.65,identificationSkills,ArthropodIDGuide.pdf,
4809,2021-11-22,16:58:56,10.95.118.65,identificationSkills,"Dichotomous Keys to Arthropod Orders.pdf",
4810,2021-11-23,01:39:57,10.95.118.65,mapsAndGraphs,"Dynamically Generated Composition CSV","X-Axis: plant species, Y-Axis: Percent of Arthropods"
4811,2021-11-28,20:18:59,10.95.125.1,resources,TrainingParticipants.pdf,
4812,2021-12-06,19:20:45,10.95.118.65,dataDownload,"Dynamically Generated CSV","Site: 225, YearStart: 2020, YearEnd: 2021, Arthropod: All"
4813,2021-12-06,19:21:47,10.95.118.65,dataDownload,"Dynamically Generated CSV","Site: 277, YearStart: 2021, YearEnd: 2021, Arthropod: All"
4814,2021-12-06,19:22:12,10.95.118.65,dataDownload,"Dynamically Generated CSV","Site: 278, YearStart: 2021, YearEnd: 2021, Arthropod: All"
4815,2021-12-06,19:25:27,10.95.118.65,dataDownload,"Dynamically Generated CSV","Site: 273, YearStart: 2021, YearEnd: 2021, Arthropod: All"
4816,2021-12-09,20:50:03,10.95.118.65,resources,"Building A Beat Sheet.pdf",
4817,2021-12-09,20:50:29,10.95.118.65,resources,GettingStarted.pdf,
4818,2021-12-09,20:50:39,10.95.118.65,resources,TrainingParticipants.pdf,
4819,2021-12-09,20:50:48,10.95.118.65,resources,ArthropodIDslides.pdf,
4820,2021-12-09,20:51:23,10.95.118.65,resources,Calinger.pdf,
4821,2021-12-09,20:51:41,10.95.118.65,resources,VisualSurveyTestBranch.pdf,
4822,2021-12-09,20:51:52,10.95.118.65,resources,TrainingParticipants.pdf,
4823,2021-12-09,20:51:57,10.95.118.65,resources,ArthropodIDslides.pdf,
4824,2021-12-09,20:52:06,10.95.118.65,identificationSkills,ArthropodIDGuide.pdf,
4825,2021-12-12,14:14:47,10.95.118.65,identificationSkills/index.html,,
4826,2021-12-12,14:15:47,10.95.118.65,identificationSkills/index.html,,
4827,2021-12-14,03:55:24,10.95.118.65,identificationSkills,ArthropodIDGuide.pdf,
4828,2021-12-14,03:55:45,10.95.118.65,identificationSkills,"Dichotomous Keys to Arthropod Orders.pdf",
4829,2021-12-15,15:01:28,10.95.123.1,resources,GettingStarted.pdf,
4830,2021-12-15,15:27:49,10.95.118.65,mapsAndGraphs,"Dynamically Generated Map CSV","Comparison Metric: Percent of Surveys, Observation Method: All, Arthropod Group: Caterpillars, Minimum Length (mm): 0, Plant Species: All, Wet Leaves: true, Month Start: 1, Month End: 12, Year Start: 2002, YearEnd: 2021"
4831,2021-12-15,15:29:13,10.95.118.65,dataDownload,"Dynamically Generated CSV","Site: 60, YearStart: 2018, YearEnd: 2021, Arthropod: All"
4832,2021-12-16,20:36:47,10.95.123.1,identificationSkills,ArthropodIDGuide.pdf,
4833,2021-12-21,15:46:49,10.95.125.1,resources,"Data Exploration.pdf",
4834,2021-12-21,16:30:58,10.95.125.1,resources,GettingStarted.pdf,
4835,2021-12-21,16:31:36,10.95.125.1,resources,"Phenology Across Trophic Levels lesson plan.pdf",
4836,2021-12-21,16:31:46,10.95.125.1,resources,MSPhenology.pdf,
4837,2021-12-21,16:31:58,10.95.125.1,resources,Calinger.pdf,
4838,2021-12-21,17:15:01,10.95.125.1,resources,"Data Exploration.pdf",
4839,2021-12-22,16:08:00,10.95.125.1,identificationSkills,"Dichotomous Keys to Arthropod Orders.pdf",
4840,2021-12-22,16:12:05,10.95.125.1,identificationSkills,"Dichotomous Keys to Arthropod Orders.pdf",
4841,2021-12-22,16:12:50,10.95.125.1,identificationSkills,ArthropodIDGuide.pdf,
4842,2021-12-22,19:39:10,10.95.125.1,resources,"Building A Beat Sheet.pdf",
4843,2022-01-03,14:45:08,10.95.118.65,identificationSkills,ArthropodIDGuide.pdf,
4844,2022-01-03,14:45:12,10.95.118.65,identificationSkills,ArthropodIDGuide.pdf,
4845,2022-01-03,14:45:12,10.95.118.65,identificationSkills,"Dichotomous Keys to Arthropod Orders.pdf",
4846,2022-01-04,14:10:49,10.95.118.65,resources,paperDataSheet.pdf,
4847,2022-01-04,14:12:32,10.95.118.65,resources,insect_predation.pdf,
4848,2022-01-04,14:13:54,10.95.118.65,resources,"Arthropod Food Web lesson plan.pdf",
4849,2022-01-05,20:13:29,10.95.125.1,mapsAndGraphs,"Dynamically Generated Map CSV","Comparison Metric: Percent of Surveys, Observation Method: All, Arthropod Group: Caterpillars, Minimum Length (mm): 0, Plant Species: All, Wet Leaves: true, Month Start: 1, Month End: 12, Year Start: 2002, YearEnd: 2022"
4850,2022-01-05,20:57:20,10.95.125.1,mapsAndGraphs,"Dynamically Generated Phenology CSV","Y-Axis: Percent of Surveys, Lines: Caterpillars at NC Botanical Garden in 2021;"
4851,2022-01-05,21:08:56,10.95.125.1,mapsAndGraphs,"Dynamically Generated Composition CSV","X-Axis: site, Y-Axis: Percent of Arthropods, Sites Included: NC Botanical Garden, Acadia NP - Alder, Azalea Repository (TNCA), Austin Nature"
4852,2022-01-06,03:11:13,10.95.123.1,mapsAndGraphs,"Dynamically Generated Phenology CSV","Y-Axis: Biomass Per Survey, Lines: All arthropods at Cowee MAPS Site in 2021;"
4853,2022-01-06,03:13:08,10.95.123.1,mapsAndGraphs,"Dynamically Generated Phenology CSV","Y-Axis: Biomass Per Survey, Lines: All arthropods at Cowee MAPS Site in 2021; All arthropods at Highlands Biological Station in 2021; All arthropods at Kituah MAPS Site in 2021;"
4854,2022-01-06,03:14:13,10.95.123.1,mapsAndGraphs,"Dynamically Generated Phenology CSV","Y-Axis: Number Per Survey, Lines: All arthropods at Cowee MAPS Site in 2021; All arthropods at Highlands Biological Station in 2021; All arthropods at Kituah MAPS Site in 2021;"
4855,2022-01-06,03:30:04,10.95.123.1,mapsAndGraphs,"Dynamically Generated Phenology CSV","Y-Axis: Number Per Survey, Lines: Flies at Cowee MAPS Site in 2021; Flies at Highlands Biological Station in 2021; Flies at Kituah MAPS Site in 2021;"
4856,2022-01-06,03:31:19,10.95.123.1,mapsAndGraphs,"Dynamically Generated Phenology CSV","Y-Axis: Biomass Per Survey, Lines: Flies at Cowee MAPS Site in 2021; Flies at Highlands Biological Station in 2021; Flies at Kituah MAPS Site in 2021;"
4857,2022-01-06,03:33:18,10.95.123.1,mapsAndGraphs,"Dynamically Generated Phenology CSV","Y-Axis: Biomass Per Survey, Lines: Beetles at Cowee MAPS Site in 2021; Beetles at Kituah MAPS Site in 2021; Beetles at Highlands Biological Station in 2021;"
4858,2022-01-06,03:36:10,10.95.123.1,mapsAndGraphs,"Dynamically Generated Phenology CSV","Y-Axis: Biomass Per Survey, Lines: True bugs at Cowee MAPS Site in 2021; True bugs at Kituah MAPS Site in 2021; True bugs at Highlands Biological Station in 2021;"
4859,2022-01-06,04:29:41,10.95.123.1,mapsAndGraphs,"Dynamically Generated Phenology CSV","Y-Axis: Biomass Per Survey, Lines: Aphids and psyllids at Cowee MAPS Site in 2021; Aphids and psyllids at Kituah MAPS Site in 2021; Aphids and psyllids at Highlands Biological Station in 2021;"
4860,2022-01-06,04:31:28,10.95.123.1,mapsAndGraphs,"Dynamically Generated Phenology CSV","Y-Axis: Biomass Per Survey, Lines: Leaf hoppers and cicadas at Cowee MAPS Site in 2021; Leaf hoppers and cicadas at Highlands Biological Station in 2021; Leaf hoppers and cicadas at Kituah MAPS Site in 2021;"
4861,2022-01-06,13:44:55,10.95.125.1,dataDownload,"Dynamically Generated CSV","Site: 222, YearStart: 2022, YearEnd: 2022, Arthropod: All"
4862,2022-01-10,13:21:04,10.95.125.1,resources,"Data Exploration.pdf",
4863,2022-01-10,13:38:22,10.95.125.1,dataDownload,"Dynamically Generated CSV","Site: All, YearStart: 2002, YearEnd: 2021, Arthropod: All"
4864,2022-01-12,20:45:46,10.95.125.1,identificationSkills,ArthropodIDGuide.pdf,
4865,2022-01-13,01:34:23,10.95.123.1,mapsAndGraphs,"Dynamically Generated Phenology CSV","Y-Axis: Percent of Surveys, Lines: Caterpillars at Cowee MAPS Site in 2021; Beetles at Cowee MAPS Site in 2021; Flies at Cowee MAPS Site in 2021; Leaf hoppers and cicadas at Cowee MAPS Site in 2021; Aphids and psyllids at Cowee MAPS Site in 2021; Caterpillars at Highlands Biological Station in 2021; Beetles at Highlands Biological Station in 2021; Flies at Highlands Biological Station in 2021; Leaf hoppers and cicadas at Highlands Biological Station in 2021; True bugs at Cowee MAPS Site in 2021; Aphids and psyllids at Highlands Biological Station in 2021; True bugs at Highlands Biological Station in 2021; Caterpillars at Kituah MAPS Site in 2021; Beetles at Kituah MAPS Site in 2021;"
4866,2022-01-13,01:42:44,10.95.123.1,mapsAndGraphs,"Dynamically Generated Phenology CSV","Y-Axis: Number Per Survey, Lines: Caterpillars at Cowee MAPS Site in 2021; Beetles at Cowee MAPS Site in 2021; Flies at Cowee MAPS Site in 2021; Leaf hoppers and cicadas at Cowee MAPS Site in 2021; Aphids and psyllids at Cowee MAPS Site in 2021; Caterpillars at Highlands Biological Station in 2021; Beetles at Highlands Biological Station in 2021; Flies at Highlands Biological Station in 2021; Leaf hoppers and cicadas at Highlands Biological Station in 2021; True bugs at Cowee MAPS Site in 2021; Aphids and psyllids at Highlands Biological Station in 2021; True bugs at Highlands Biological Station in 2021; Caterpillars at Kituah MAPS Site in 2021; Beetles at Kituah MAPS Site in 2021;"
4867,2022-01-13,01:50:07,10.95.123.1,mapsAndGraphs,"Dynamically Generated Phenology CSV","Y-Axis: Percent of Surveys, Lines: Flies at Kituah MAPS Site in 2021; Aphids and psyllids at Kituah MAPS Site in 2021; True bugs at Kituah MAPS Site in 2021; Leaf hoppers and cicadas at Kituah MAPS Site in 2021;"
4868,2022-01-13,01:51:44,10.95.123.1,mapsAndGraphs,"Dynamically Generated Phenology CSV","Y-Axis: Number Per Survey, Lines: Flies at Kituah MAPS Site in 2021; Aphids and psyllids at Kituah MAPS Site in 2021; True bugs at Kituah MAPS Site in 2021; Leaf hoppers and cicadas at Kituah MAPS Site in 2021;"
4869,2022-01-14,23:34:29,10.95.118.65,resources,GettingStarted.pdf,
4870,2022-01-17,19:47:07,10.95.118.65,resources,TrainingParticipants.pdf,
4871,2022-01-17,19:47:31,10.95.118.65,resources,GettingStarted.pdf,
4872,2022-01-18,14:53:46,10.95.123.1,identificationSkills/index.html,,
4873,2022-01-18,15:24:41,10.95.125.1,mapsAndGraphs,"Dynamically Generated Map CSV","Comparison Metric: Percent of Surveys, Observation Method: All, Arthropod Group: Caterpillars, Minimum Length (mm): 0, Plant Species: All, Wet Leaves: true, Month Start: 1, Month End: 12, Year Start: 2002, YearEnd: 2022"
4874,2022-01-18,15:27:26,10.95.125.1,identificationSkills,ArthropodIDGuide.pdf,
4875,2022-01-18,15:29:52,10.95.125.1,identificationSkills,"Dichotomous Keys to Arthropod Orders.pdf",
4876,2022-01-18,17:21:58,10.95.118.65,identificationSkills,ArthropodIDGuide.pdf,
4877,2022-01-18,17:22:03,10.95.118.65,identificationSkills,"Dichotomous Keys to Arthropod Orders.pdf",
4878,2022-01-19,14:24:41,10.95.125.1,identificationSkills/index.html,,
4879,2022-01-19,19:51:10,10.95.118.65,identificationSkills,ArthropodIDGuide.pdf,
4880,2022-01-19,19:55:03,10.95.125.1,conductASurvey,paperDataSheet.pdf,
4881,2022-01-19,19:57:21,10.95.125.1,conductASurvey,paperDataSheet.pdf,
4882,2022-01-20,13:07:24,10.95.118.65,resources,MSPhenology.pdf,
4883,2022-01-20,13:17:34,10.95.118.65,resources,zehnder.pdf,
4884,2022-01-20,16:17:33,10.95.125.1,resources,"Data Exploration.pdf",
4885,2022-01-20,16:19:23,10.95.125.1,conductASurvey,paperDataSheet.pdf,
4886,2022-01-20,18:54:48,10.95.125.1,identificationSkills/index.html,,
4887,2022-01-20,19:07:10,10.95.118.65,conductASurvey,paperDataSheet.pdf,
4888,2022-01-20,21:22:55,10.95.118.65,identificationSkills,ArthropodIDGuide.pdf,
4889,2022-01-20,21:28:40,10.95.123.1,identificationSkills,ArthropodIDGuide.pdf,
4890,2022-01-21,05:14:19,10.95.123.1,identificationSkills/index.html,,
4891,2022-01-21,05:15:26,10.95.123.1,identificationSkills/index.html,,
4892,2022-01-24,20:25:48,10.95.118.65,identificationSkills/index.html,,
4893,2022-01-26,15:59:59,10.95.125.1,resources,paperDataSheet.pdf,
4894,2022-01-26,16:00:44,10.95.125.1,resources,ManageMySurveysGuide.pdf,
4895,2022-01-31,19:52:15,10.95.118.65,conductASurvey,paperDataSheet.pdf,
4896,2022-02-03,17:52:48,10.95.125.1,identificationSkills/index.html,,
4897,2022-02-03,18:01:07,10.95.125.1,conductASurvey,paperDataSheet.pdf,
4898,2022-02-04,04:46:03,10.95.123.1,resources,paperDataSheet.pdf,
4899,2022-02-04,22:17:18,10.95.125.1,mapsAndGraphs,"Dynamically Generated Trends CSV","Y-Axis: Percent of Surveys, Trend Lines: Caterpillars at Coweeta - BB; Caterpillars at Coweeta - BB;"
4900,2022-02-05,16:34:03,10.95.118.65,resources,GettingStarted.pdf,
4901,2022-02-05,16:38:14,10.95.118.65,resources,GettingStarted.pdf,
4902,2022-02-05,16:48:48,10.95.118.65,resources,"Data Exploration.pdf",
4903,2022-02-05,16:53:04,10.95.118.65,resources,"Vernal Pool Ruggles 2007.pdf",
4904,2022-02-06,16:53:16,10.95.118.65,identificationSkills/index.html,,
4905,2022-02-07,04:21:33,10.95.123.1,resources,VisualSurveyTestBranch.pdf,
4906,2022-02-07,04:23:31,10.95.123.1,resources,GettingStarted.pdf,
4907,2022-02-07,04:42:03,10.95.123.1,conductASurvey,paperDataSheet.pdf,
4908,2022-02-07,05:35:54,10.95.123.1,identificationSkills,ArthropodIDGuide.pdf,
4909,2022-02-08,15:06:49,10.95.123.1,identificationSkills,"Dichotomous Keys to Arthropod Orders.pdf",
4910,2022-02-08,15:07:01,10.95.123.1,identificationSkills,ArthropodIDGuide.pdf,
4911,2022-02-08,15:14:46,10.95.125.1,identificationSkills/index.html,,
4912,2022-02-08,15:14:54,10.95.125.1,identificationSkills/index.html,,
4913,2022-02-08,15:16:21,10.95.125.1,identificationSkills/index.html,,
4914,2022-02-08,15:18:48,10.95.118.65,identificationSkills/index.html,,
4915,2022-02-08,15:24:35,10.95.118.65,identificationSkills,ArthropodIDGuide.pdf,
4916,2022-02-08,15:24:55,10.95.118.65,identificationSkills,ArthropodIDGuide.pdf,
4917,2022-02-08,15:24:59,10.95.118.65,identificationSkills,"Dichotomous Keys to Arthropod Orders.pdf",
4918,2022-02-08,15:26:42,10.95.125.1,identificationSkills/index.html,,
4919,2022-02-08,15:32:44,10.95.123.1,identificationSkills/index.html,,
4920,2022-02-08,16:41:47,10.95.118.65,identificationSkills,ArthropodIDGuide.pdf,
4921,2022-02-08,18:53:24,10.95.125.1,identificationSkills/index.html,,
4922,2022-02-08,19:10:39,10.95.123.1,identificationSkills/index.html,,
4923,2022-02-08,19:13:47,10.95.123.1,identificationSkills/index.html,,
4924,2022-02-08,21:17:43,10.95.125.1,identificationSkills/index.html,,
4925,2022-02-08,21:18:09,10.95.125.1,identificationSkills/index.html,,
4926,2022-02-08,21:19:10,10.95.118.65,identificationSkills,ArthropodIDGuide.pdf,
4927,2022-02-08,21:22:51,10.95.125.1,identificationSkills,ArthropodIDGuide.pdf,
4928,2022-02-08,21:23:10,10.95.125.1,identificationSkills,ArthropodIDGuide.pdf,
4929,2022-02-08,21:30:21,10.95.123.1,identificationSkills,ArthropodIDGuide.pdf,
4930,2022-02-08,23:15:10,10.95.123.1,identificationSkills,ArthropodIDGuide.pdf,
4931,2022-02-09,13:47:31,10.95.125.1,identificationSkills,ArthropodIDGuide.pdf,
4932,2022-02-09,13:47:58,10.95.125.1,identificationSkills,ArthropodIDGuide.pdf,
4933,2022-02-09,13:49:04,10.95.125.1,conductASurvey,paperDataSheet.pdf,
4934,2022-02-09,14:12:05,10.95.125.1,resources,paperDataSheet.pdf,
4935,2022-02-09,14:18:43,10.95.118.65,identificationSkills,ArthropodIDGuide.pdf,
4936,2022-02-09,14:19:08,10.95.118.65,identificationSkills,ArthropodIDGuide.pdf,
4937,2022-02-09,14:20:08,10.95.118.65,identificationSkills,ArthropodIDGuide.pdf,
4938,2022-02-09,15:45:52,10.95.125.1,identificationSkills/index.html,,
4939,2022-02-09,16:07:16,10.95.118.65,identificationSkills/index.html,,
4940,2022-02-09,16:07:42,10.95.118.65,identificationSkills/index.html,,
4941,2022-02-09,16:08:12,10.95.118.65,identificationSkills/index.html,,
4942,2022-02-09,16:08:32,10.95.123.1,identificationSkills/index.html,,
4943,2022-02-09,16:08:38,10.95.118.65,identificationSkills/index.html,,
4944,2022-02-09,16:08:49,10.95.118.65,identificationSkills/index.html,,
4945,2022-02-09,16:11:59,10.95.123.1,identificationSkills/index.html,,
4946,2022-02-09,16:13:27,10.95.125.1,identificationSkills/index.html,,
4947,2022-02-09,16:13:38,10.95.125.1,identificationSkills/index.html,,
4948,2022-02-09,16:49:44,10.95.123.1,identificationSkills/index.html,,
4949,2022-02-09,17:35:17,10.95.123.1,identificationSkills,ArthropodIDGuide.pdf,
4950,2022-02-09,18:03:46,10.95.123.1,dataDownload,"Dynamically Generated CSV","Site: All, YearStart: 2002, YearEnd: 2021, Arthropod: caterpillar"
4951,2022-02-09,18:11:49,10.95.118.65,identificationSkills,ArthropodIDGuide.pdf,
4952,2022-02-09,18:29:07,10.95.118.65,identificationSkills/index.html,,
4953,2022-02-09,18:30:42,10.95.118.65,identificationSkills/index.html,,
4954,2022-02-09,18:33:09,10.95.118.65,identificationSkills/index.html,,
4955,2022-02-09,18:33:15,10.95.118.65,identificationSkills/index.html,,
4956,2022-02-09,18:33:41,10.95.125.1,identificationSkills,ArthropodIDGuide.pdf,
4957,2022-02-09,20:38:45,10.95.125.1,identificationSkills,ArthropodIDGuide.pdf,
4958,2022-02-09,23:01:08,10.95.125.1,identificationSkills/index.html,,
4959,2022-02-09,23:05:26,10.95.125.1,identificationSkills,ArthropodIDGuide.pdf,
4960,2022-02-09,23:29:08,10.95.118.65,dataDownload,"Dynamically Generated CSV","Site: 95, YearStart: 2018, YearEnd: 2021, Arthropod: All"
4961,2022-02-10,14:55:13,10.95.123.1,identificationSkills,ArthropodIDGuide.pdf,
4962,2022-02-10,15:09:23,10.95.123.1,identificationSkills/index.html,,
4963,2022-02-10,16:43:58,10.95.123.1,identificationSkills/index.html,,
4964,2022-02-10,16:46:08,10.95.123.1,identificationSkills/index.html,,
4965,2022-02-10,16:47:29,10.95.123.1,identificationSkills/index.html,,
4966,2022-02-10,17:04:03,10.95.123.1,identificationSkills/index.html,,
4967,2022-02-10,18:48:03,10.95.123.1,identificationSkills/index.html,,
4968,2022-02-10,18:49:17,10.95.123.1,identificationSkills/index.html,,
4969,2022-02-10,19:08:05,10.95.125.1,identificationSkills,ArthropodIDGuide.pdf,
4970,2022-02-10,21:18:57,10.95.125.1,identificationSkills,ArthropodIDGuide.pdf,
4971,2022-02-10,21:20:45,10.95.125.1,identificationSkills,ArthropodIDGuide.pdf,
4972,2022-02-10,21:23:12,10.95.125.1,identificationSkills,ArthropodIDGuide.pdf,
4973,2022-02-10,21:23:48,10.95.125.1,identificationSkills,"Dichotomous Keys to Arthropod Orders.pdf",
4974,2022-02-10,21:30:05,10.95.125.1,identificationSkills,ArthropodIDGuide.pdf,
4975,2022-02-10,21:30:22,10.95.118.65,identificationSkills/index.html,,
4976,2022-02-10,21:45:52,10.95.125.1,identificationSkills,ArthropodIDGuide.pdf,
4977,2022-02-10,21:47:58,10.95.125.1,identificationSkills,ArthropodIDGuide.pdf,
4978,2022-02-10,21:48:07,10.95.123.1,identificationSkills,ArthropodIDGuide.pdf,
4979,2022-02-11,02:25:19,10.95.118.65,mapsAndGraphs,"Dynamically Generated Map CSV","Comparison Metric: Percent of Surveys, Observation Method: All, Arthropod Group: Caterpillars, Minimum Length (mm): 0, Plant Species: All, Wet Leaves: true, Month Start: 1, Month End: 12, Year Start: 2002, YearEnd: 2022"
4980,2022-02-11,16:46:49,10.95.118.65,conductASurvey,paperDataSheet.pdf,
4981,2022-02-11,19:38:25,10.95.125.1,resources,"Data Exploration.pdf",
4982,2022-02-11,22:38:49,10.95.123.1,resources,"Building A Beat Sheet.pdf",
4983,2022-02-13,17:41:44,10.95.125.1,resources,"Data Exploration.pdf",
4984,2022-02-13,20:31:33,10.95.125.1,resources,VisualSurveyTestBranch.pdf,
4985,2022-02-13,20:31:59,10.95.125.1,resources,ArthropodIDslides.pdf,
4986,2022-02-13,20:33:47,10.95.125.1,resources,TrainingParticipants.pdf,
4987,2022-02-13,20:36:09,10.95.125.1,resources,VisualSurveyTestBranch.pdf,
4988,2022-02-14,02:56:09,10.95.125.1,resources,GettingStarted.pdf,
4989,2022-02-14,02:56:21,10.95.125.1,resources,ArthropodIDslides.pdf,
4990,2022-02-14,03:41:08,10.95.125.1,identificationSkills,ArthropodIDGuide.pdf,
4991,2022-02-14,04:28:54,10.95.118.65,identificationSkills,ArthropodIDGuide.pdf,
4992,2022-02-15,21:05:40,10.95.125.1,identificationSkills/index.html,,
4993,2022-02-15,21:18:26,10.95.125.1,identificationSkills/index.html,,
4994,2022-02-16,03:19:43,10.95.118.65,dataDownload,"Dynamically Generated CSV","Site: 95, YearStart: 2018, YearEnd: 2021, Arthropod: moths"
4995,2022-02-16,03:20:00,10.95.118.65,dataDownload,"Dynamically Generated CSV","Site: 95, YearStart: 2018, YearEnd: 2021, Arthropod: beetle"
4996,2022-02-16,03:46:19,10.95.123.1,resources,MSPhenology.pdf,
4997,2022-02-16,16:40:59,10.95.118.65,identificationSkills,ArthropodIDGuide.pdf,
4998,2022-02-16,16:41:15,10.95.118.65,identificationSkills,ArthropodIDGuide.pdf,
4999,2022-02-16,16:41:19,10.95.118.65,identificationSkills,"Dichotomous Keys to Arthropod Orders.pdf",
5000,2022-02-17,14:04:45,10.95.123.1,identificationSkills,ArthropodIDGuide.pdf,
5001,2022-02-17,14:44:05,10.95.123.1,mapsAndGraphs,"Dynamically Generated Map CSV","Comparison Metric: Percent of Surveys, Observation Method: All, Arthropod Group: Caterpillars, Minimum Length (mm): 0, Plant Species: All, Wet Leaves: true, Month Start: 1, Month End: 12, Year Start: 1980, YearEnd: 2022"
5002,2022-02-17,14:45:39,10.95.123.1,dataDownload,"Dynamically Generated CSV","Site: 226, YearStart: 2020, YearEnd: 2021, Arthropod: All"
5003,2022-02-18,15:22:02,10.95.125.1,resources,"Building A Beat Sheet.pdf",
5004,2022-02-18,15:23:35,10.95.125.1,resources,paperDataSheet.pdf,
5005,2022-02-18,18:23:26,10.95.125.1,resources,GettingStarted.pdf,
5006,2022-02-18,20:55:41,10.95.125.1,resources,"Data Exploration.pdf",
5007,2022-02-19,05:04:08,10.95.118.65,identificationSkills,ArthropodIDGuide.pdf,
5008,2022-02-19,08:27:35,10.95.123.1,identificationSkills/index.html,,
5009,2022-02-19,08:27:56,10.95.123.1,identificationSkills/index.html,,
5010,2022-02-19,08:28:09,10.95.123.1,identificationSkills/index.html,,
5011,2022-02-19,08:28:12,10.95.123.1,identificationSkills/index.html,,
5012,2022-02-19,08:28:45,10.95.123.1,identificationSkills/index.html,,
5013,2022-02-19,21:30:55,10.95.118.65,identificationSkills,ArthropodIDGuide.pdf,
5014,2022-02-19,21:31:05,10.95.118.65,identificationSkills,"Dichotomous Keys to Arthropod Orders.pdf",
5015,2022-02-19,21:31:21,10.95.118.65,identificationSkills,ArthropodIDGuide.pdf,
5016,2022-02-22,21:43:49,10.95.125.1,resources,GettingStarted.pdf,
5017,2022-02-23,15:34:29,10.95.125.1,conductASurvey,paperDataSheet.pdf,
5018,2022-02-26,17:48:04,10.95.118.65,identificationSkills/index.html,,
5019,2022-02-26,17:52:25,10.95.118.65,identificationSkills/index.html,,
5020,2022-02-26,17:54:49,10.95.118.65,identificationSkills/index.html,,
5021,2022-02-26,17:54:58,10.95.118.65,identificationSkills/index.html,,
5022,2022-02-28,13:36:03,10.95.125.1,resources,Site_Manager_Guide.pdf,
5023,2022-02-28,13:36:15,10.95.125.1,resources,Site_Setup.pdf,
5024,2022-02-28,16:53:30,10.95.118.65,dataDownload,"Dynamically Generated CSV","Site: All, YearStart: 2002, YearEnd: 2022, Arthropod: caterpillar"
5025,2022-03-01,01:24:00,10.95.118.65,identificationSkills,"Dichotomous Keys to Arthropod Orders.pdf",
5026,2022-03-02,17:39:08,10.95.125.1,identificationSkills,ArthropodIDGuide.pdf,
5027,2022-03-02,22:21:57,10.95.118.65,identificationSkills/index.html,,
5028,2022-03-03,03:13:23,10.95.118.65,identificationSkills/index.html,,
5029,2022-03-03,17:35:46,10.95.118.65,identificationSkills/index.html,,
5030,2022-03-03,17:40:40,10.95.118.65,identificationSkills/index.html,,
5031,2022-03-03,17:40:52,10.95.118.65,identificationSkills/index.html,,
5032,2022-03-03,17:41:01,10.95.118.65,identificationSkills/index.html,,
5033,2022-03-03,22:39:10,10.95.125.1,identificationSkills/index.html,,
5034,2022-03-05,02:31:42,10.95.125.1,identificationSkills/index.html,,
5035,2022-03-05,02:31:45,10.95.125.1,identificationSkills/index.html,,
5036,2022-03-05,02:35:09,10.95.125.1,conductASurvey,paperDataSheet.pdf,
5037,2022-03-07,01:23:49,10.95.123.1,identificationSkills/index.html,,
5038,2022-03-07,01:29:09,10.95.123.1,dataDownload,"Dynamically Generated CSV","Site: All, YearStart: 2002, YearEnd: 2022, Arthropod: All"
5039,2022-03-11,16:05:30,10.95.123.1,conductASurvey,paperDataSheet.pdf,
5040,2022-03-11,18:33:08,10.95.123.1,identificationSkills,ArthropodIDGuide.pdf,
5041,2022-03-11,18:33:14,10.95.123.1,identificationSkills,"Dichotomous Keys to Arthropod Orders.pdf",
5042,2022-03-11,18:33:26,10.95.123.1,conductASurvey,paperDataSheet.pdf,
5043,2022-03-11,18:34:11,10.95.123.1,identificationSkills,ArthropodIDGuide.pdf,
5044,2022-03-11,18:34:40,10.95.123.1,identificationSkills,"Dichotomous Keys to Arthropod Orders.pdf",
5045,2022-03-11,18:35:08,10.95.123.1,identificationSkills,ArthropodIDGuide.pdf,
5046,2022-03-12,05:21:51,10.95.123.1,resources,Site_Manager_Guide.pdf,
5047,2022-03-13,12:38:17,10.95.123.1,mapsAndGraphs,"Dynamically Generated Map CSV","Comparison Metric: Percent of Surveys, Observation Method: All, Arthropod Group: Caterpillars, Minimum Length (mm): 0, Plant Species: All, Wet Leaves: true, Month Start: 1, Month End: 12, Year Start: 2002, YearEnd: 2022"
5048,2022-03-13,12:54:23,10.95.123.1,mapsAndGraphs,"Dynamically Generated Map CSV","Comparison Metric: Percent of Surveys, Observation Method: All, Arthropod Group: Caterpillars, Minimum Length (mm): 0, Plant Species: All, Wet Leaves: true, Month Start: 1, Month End: 12, Year Start: 2002, YearEnd: 2022"
5049,2022-03-16,01:07:15,10.95.125.1,dataDownload,"Dynamically Generated CSV","Site: 199, YearStart: 2020, YearEnd: 2021, Arthropod: caterpillar"
5050,2022-03-16,02:10:01,10.95.118.65,dataDownload,"Dynamically Generated CSV","Site: All, YearStart: 2017, YearEnd: 2018, Arthropod: caterpillar"
5051,2022-03-16,12:37:05,10.95.125.1,resources,Site_Manager_Guide.pdf,
5052,2022-03-16,14:54:26,10.95.125.1,mapsAndGraphs,"Dynamically Generated Map CSV","Comparison Metric: Percent of Surveys, Observation Method: All, Arthropod Group: Caterpillars, Minimum Length (mm): 0, Plant Species: All, Wet Leaves: true, Month Start: 1, Month End: 12, Year Start: 1980, YearEnd: 2022"
5053,2022-03-16,14:58:07,10.95.125.1,mapsAndGraphs,"Dynamically Generated Composition CSV","X-Axis: site, Y-Axis: Percent of Arthropods, Sites Included: Walker Nature Center"
5054,2022-03-16,14:59:35,10.95.125.1,mapsAndGraphs,"Dynamically Generated Composition CSV","X-Axis: site, Y-Axis: Percent of Arthropods, Sites Included: BBS 88-921-30"
5055,2022-03-16,15:18:04,10.95.118.65,resources,Site_Setup.pdf,
5056,2022-03-16,20:02:12,10.95.118.65,resources,"Phenology Across Trophic Levels lesson plan.pdf",
5057,2022-03-16,20:02:51,10.95.118.65,resources,"Phenology Across Trophic Levels lesson plan.pdf",
5058,2022-03-18,18:41:03,10.95.125.1,resources,Educator_Guide.pdf,
5059,2022-03-21,13:34:24,10.95.125.1,identificationSkills/index.html,,
5060,2022-03-21,16:56:50,10.95.123.1,identificationSkills/index.html,,
5061,2022-03-21,18:42:43,10.95.123.1,resources,VisualSurveyTestBranch.pdf,
5062,2022-03-21,18:54:13,10.95.123.1,resources,Educator_Guide.pdf,
5063,2022-03-21,18:56:22,10.95.123.1,resources,TrainingParticipants.pdf,
5064,2022-03-21,20:05:08,10.95.118.65,identificationSkills,ArthropodIDGuide.pdf,
5065,2022-03-21,20:07:11,10.95.118.65,identificationSkills,"Dichotomous Keys to Arthropod Orders.pdf",
5066,2022-03-21,20:09:32,10.95.118.65,resources,TrainingParticipants.pdf,
5067,2022-03-21,20:31:43,10.95.123.1,identificationSkills/index.html,,
5068,2022-03-21,20:31:52,10.95.118.65,resources,paperDataSheet.pdf,
5069,2022-03-21,20:33:12,10.95.118.65,resources,Calinger.pdf,
5070,2022-03-21,20:34:34,10.95.123.1,identificationSkills/index.html,,
5071,2022-03-21,20:37:25,10.95.125.1,resources,Educator_Guide.pdf,
5072,2022-03-21,20:54:15,10.95.118.65,identificationSkills,ArthropodIDGuide.pdf,
5073,2022-03-21,21:10:31,10.95.118.65,identificationSkills/index.html,,
5074,2022-03-21,21:12:54,10.95.118.65,identificationSkills/index.html,,
5075,2022-03-22,12:19:17,10.95.125.1,resources,Site_Manager_Guide.pdf,
5076,2022-03-22,13:06:33,10.95.118.65,mapsAndGraphs,"Dynamically Generated Composition CSV","X-Axis: plant species, Y-Axis: Percent of Arthropods"
5077,2022-03-22,13:32:51,10.95.118.65,mapsAndGraphs,"Dynamically Generated Composition CSV","X-Axis: plant species, Y-Axis: Percent of Arthropods"
5078,2022-03-22,13:34:56,10.95.123.1,mapsAndGraphs,"Dynamically Generated Composition CSV","X-Axis: plant species, Y-Axis: Percent of Arthropods"
5079,2022-03-22,13:37:17,10.95.118.65,identificationSkills/index.html,,
5080,2022-03-22,13:37:31,10.95.118.65,identificationSkills/index.html,,
5081,2022-03-22,13:39:22,10.95.123.1,mapsAndGraphs,"Dynamically Generated Composition CSV","X-Axis: plant species, Y-Axis: Percent of Arthropods"
5082,2022-03-22,13:39:37,10.95.123.1,mapsAndGraphs,"Dynamically Generated Composition CSV","X-Axis: plant species, Y-Axis: Percent of Arthropods"
5083,2022-03-22,13:41:19,10.95.118.65,mapsAndGraphs,"Dynamically Generated Composition CSV","X-Axis: plant species, Y-Axis: Percent of Arthropods"
5084,2022-03-22,13:50:04,10.95.123.1,mapsAndGraphs,"Dynamically Generated Composition CSV","X-Axis: plant species, Y-Axis: Percent of Arthropods"
5085,2022-03-22,13:54:12,10.95.125.1,mapsAndGraphs,"Dynamically Generated Composition CSV","X-Axis: plant species, Y-Axis: Percent of Arthropods"
5086,2022-03-22,13:56:00,10.95.125.1,mapsAndGraphs,"Dynamically Generated Composition CSV","X-Axis: plant species, Y-Axis: Percent of Arthropods"
5087,2022-03-22,13:56:23,10.95.118.65,mapsAndGraphs,"Dynamically Generated Composition CSV","X-Axis: plant species, Y-Axis: Percent of Arthropods"
5088,2022-03-22,14:01:20,10.95.125.1,mapsAndGraphs,"Dynamically Generated Composition CSV","X-Axis: plant species, Y-Axis: Percent of Arthropods"
5089,2022-03-22,14:17:13,10.95.125.1,mapsAndGraphs,"Dynamically Generated Composition CSV","X-Axis: plant species, Y-Axis: Percent of Arthropods"
5090,2022-03-22,14:19:08,10.95.125.1,mapsAndGraphs,"Dynamically Generated Composition CSV","X-Axis: site, Y-Axis: Percent of Arthropods, Sites Included: Appalachian State University"
5091,2022-03-22,14:20:45,10.95.125.1,mapsAndGraphs,"Dynamically Generated Composition CSV","X-Axis: plant species, Y-Axis: Percent of Arthropods"
5092,2022-03-22,14:20:52,10.95.125.1,mapsAndGraphs,"Dynamically Generated Composition CSV","X-Axis: plant species, Y-Axis: Percent of Arthropods"
5093,2022-03-22,15:20:51,10.95.125.1,mapsAndGraphs,"Dynamically Generated Composition CSV","X-Axis: plant species, Y-Axis: Percent of Arthropods"
5094,2022-03-22,15:34:40,10.95.118.65,mapsAndGraphs,"Dynamically Generated Composition CSV","X-Axis: plant species, Y-Axis: Percent of Arthropods"
5095,2022-03-22,15:34:45,10.95.125.1,mapsAndGraphs,"Dynamically Generated Composition CSV","X-Axis: site, Y-Axis: Percent of Arthropods, Sites Included: Appalachian State University"
5096,2022-03-22,15:38:24,10.95.123.1,mapsAndGraphs,"Dynamically Generated Composition CSV","X-Axis: plant species, Y-Axis: Percent of Arthropods"
5097,2022-03-22,15:40:22,10.95.125.1,mapsAndGraphs,"Dynamically Generated Composition CSV","X-Axis: plant species, Y-Axis: Percent of Arthropods"
5098,2022-03-22,15:55:01,10.95.118.65,mapsAndGraphs,"Dynamically Generated Composition CSV","X-Axis: plant species, Y-Axis: Percent of Arthropods"
5099,2022-03-22,15:55:45,10.95.123.1,mapsAndGraphs,"Dynamically Generated Composition CSV","X-Axis: site, Y-Axis: Percent of Arthropods, Sites Included: Appalachian State University"
5100,2022-03-22,15:56:12,10.95.123.1,mapsAndGraphs,"Dynamically Generated Composition CSV","X-Axis: site, Y-Axis: Percent of Arthropods, Sites Included: Appalachian State University"
5101,2022-03-22,16:10:21,10.95.125.1,mapsAndGraphs,"Dynamically Generated Composition CSV","X-Axis: plant species, Y-Axis: Percent of Arthropods"
5102,2022-03-22,16:11:01,10.95.125.1,mapsAndGraphs,"Dynamically Generated Composition CSV","X-Axis: plant species, Y-Axis: Percent of Arthropods"
5103,2022-03-22,16:14:10,10.95.123.1,identificationSkills,ArthropodIDGuide.pdf,
5104,2022-03-22,17:13:51,10.95.125.1,identificationSkills,"Dichotomous Keys to Arthropod Orders.pdf",
5105,2022-03-22,17:15:33,10.95.118.65,identificationSkills,ArthropodIDGuide.pdf,
5106,2022-03-22,17:26:14,10.95.118.65,mapsAndGraphs,"Dynamically Generated Composition CSV","X-Axis: plant species, Y-Axis: Percent of Arthropods"
5107,2022-03-22,17:29:06,10.95.123.1,mapsAndGraphs,"Dynamically Generated Composition CSV","X-Axis: plant species, Y-Axis: Percent of Arthropods"
5108,2022-03-22,17:31:22,10.95.123.1,mapsAndGraphs,"Dynamically Generated Composition CSV","X-Axis: plant species, Y-Axis: Percent of Arthropods"
5109,2022-03-22,17:33:45,10.95.125.1,mapsAndGraphs,"Dynamically Generated Composition CSV","X-Axis: plant species, Y-Axis: Percent of Arthropods"
5110,2022-03-22,17:34:58,10.95.118.65,mapsAndGraphs,"Dynamically Generated Composition CSV","X-Axis: plant species, Y-Axis: Percent of Arthropods"
5111,2022-03-22,17:35:58,10.95.125.1,mapsAndGraphs,"Dynamically Generated Composition CSV","X-Axis: plant species, Y-Axis: Percent of Arthropods"
5112,2022-03-22,17:38:30,10.95.118.65,mapsAndGraphs,"Dynamically Generated Composition CSV","X-Axis: plant species, Y-Axis: Percent of Arthropods"
5113,2022-03-22,17:38:51,10.95.123.1,dataDownload,"Dynamically Generated CSV","Site: 182, YearStart: 2018, YearEnd: 2021, Arthropod: All"
5114,2022-03-22,17:39:52,10.95.118.65,mapsAndGraphs,"Dynamically Generated Composition CSV","X-Axis: plant species, Y-Axis: Percent of Arthropods"
5115,2022-03-22,17:40:11,10.95.118.65,mapsAndGraphs,"Dynamically Generated Composition CSV","X-Axis: plant species, Y-Axis: Percent of Arthropods"
5116,2022-03-22,17:46:49,10.95.123.1,mapsAndGraphs,"Dynamically Generated Composition CSV","X-Axis: site, Y-Axis: Percent of Arthropods, Sites Included: Appalachian State University"
5117,2022-03-22,17:46:56,10.95.123.1,mapsAndGraphs,"Dynamically Generated Composition CSV","X-Axis: plant species, Y-Axis: Percent of Arthropods"
5118,2022-03-22,17:47:30,10.95.123.1,mapsAndGraphs,"Dynamically Generated Composition CSV","X-Axis: plant species, Y-Axis: Percent of Arthropods"
5119,2022-03-22,17:48:59,10.95.123.1,mapsAndGraphs,"Dynamically Generated Composition CSV","X-Axis: plant species, Y-Axis: Percent of Arthropods"
5120,2022-03-22,17:51:24,10.95.123.1,mapsAndGraphs,"Dynamically Generated Composition CSV","X-Axis: plant species, Y-Axis: Percent of Arthropods"
5121,2022-03-22,17:52:38,10.95.123.1,mapsAndGraphs,"Dynamically Generated Composition CSV","X-Axis: plant species, Y-Axis: Percent of Arthropods"
5122,2022-03-22,17:53:06,10.95.123.1,mapsAndGraphs,"Dynamically Generated Composition CSV","X-Axis: plant species, Y-Axis: Percent of Arthropods"
5123,2022-03-22,18:03:00,10.95.125.1,mapsAndGraphs,"Dynamically Generated Composition CSV","X-Axis: plant species, Y-Axis: Percent of Arthropods"
5124,2022-03-22,18:11:32,10.95.125.1,mapsAndGraphs,"Dynamically Generated Composition CSV","X-Axis: plant species, Y-Axis: Percent of Arthropods"
5125,2022-03-22,18:59:46,10.95.123.1,mapsAndGraphs,"Dynamically Generated Composition CSV","X-Axis: plant species, Y-Axis: Percent of Arthropods"
5126,2022-03-22,19:24:09,10.95.125.1,mapsAndGraphs,"Dynamically Generated Composition CSV","X-Axis: site, Y-Axis: Percent of Arthropods, Sites Included: Appalachian State University"
5127,2022-03-22,19:24:09,10.95.125.1,mapsAndGraphs,"Dynamically Generated Composition CSV","X-Axis: site, Y-Axis: Percent of Arthropods, Sites Included: Appalachian State University"
5128,2022-03-22,19:25:46,10.95.118.65,mapsAndGraphs,"Dynamically Generated Composition CSV","X-Axis: site, Y-Axis: Percent of Arthropods, Sites Included: Appalachian State University"
5129,2022-03-22,19:29:35,10.95.123.1,identificationSkills/index.html,,
5130,2022-03-22,19:30:35,10.95.123.1,identificationSkills/index.html,,
5131,2022-03-22,19:30:44,10.95.123.1,identificationSkills/index.html,,
5132,2022-03-22,19:31:42,10.95.123.1,identificationSkills/index.html,,
5133,2022-03-22,19:38:25,10.95.123.1,mapsAndGraphs,"Dynamically Generated Composition CSV","X-Axis: site, Y-Axis: Percent of Arthropods, Sites Included: Appalachian State University"
5134,2022-03-22,19:38:31,10.95.123.1,mapsAndGraphs,"Dynamically Generated Composition CSV","X-Axis: site, Y-Axis: Percent of Arthropods, Sites Included: Appalachian State University"
5135,2022-03-22,19:39:50,10.95.123.1,mapsAndGraphs,"Dynamically Generated Composition CSV","X-Axis: plant species, Y-Axis: Percent of Arthropods"
5136,2022-03-22,19:42:26,10.95.123.1,mapsAndGraphs,"Dynamically Generated Phenology CSV","Y-Axis: Percent of Surveys, Lines: Caterpillars at Appalachian State University in 2021;"
5137,2022-03-22,19:43:41,10.95.125.1,identificationSkills,"Dichotomous Keys to Arthropod Orders.pdf",
5138,2022-03-22,19:44:31,10.95.125.1,identificationSkills,ArthropodIDGuide.pdf,
5139,2022-03-22,19:46:04,10.95.123.1,mapsAndGraphs,"Dynamically Generated Composition CSV","X-Axis: plant species, Y-Axis: Percent of Arthropods"
5140,2022-03-22,19:47:46,10.95.125.1,resources,MobileAppManual.pdf,
5141,2022-03-22,19:48:01,10.95.123.1,mapsAndGraphs,"Dynamically Generated Composition CSV","X-Axis: plant species, Y-Axis: Percent of Arthropods"
5142,2022-03-22,19:51:24,10.95.123.1,dataDownload,"Dynamically Generated CSV","Site: 182, YearStart: 2018, YearEnd: 2021, Arthropod: moths"
5143,2022-03-22,19:55:53,10.95.125.1,mapsAndGraphs,"Dynamically Generated Composition CSV","X-Axis: plant species, Y-Axis: Percent of Arthropods"
5144,2022-03-22,19:57:58,10.95.118.65,dataDownload,"Dynamically Generated CSV","Site: 182, YearStart: 2018, YearEnd: 2021, Arthropod: aphid"
5145,2022-03-22,20:02:26,10.95.125.1,mapsAndGraphs,"Dynamically Generated Composition CSV","X-Axis: site, Y-Axis: Percent of Arthropods, Sites Included: Appalachian State University"
5146,2022-03-22,20:04:15,10.95.125.1,mapsAndGraphs,"Dynamically Generated Composition CSV","X-Axis: site, Y-Axis: Percent of Arthropods, Sites Included: Appalachian State University"
5147,2022-03-22,20:58:39,10.95.118.65,resources,Site_Manager_Guide.pdf,
5148,2022-03-22,20:59:40,10.95.118.65,resources,Educator_Guide.pdf,
5149,2022-03-22,21:25:07,10.95.123.1,mapsAndGraphs,"Dynamically Generated Composition CSV","X-Axis: plant species, Y-Axis: Percent of Arthropods"
5150,2022-03-22,21:34:40,10.95.125.1,mapsAndGraphs,"Dynamically Generated Composition CSV","X-Axis: plant species, Y-Axis: Percent of Arthropods"
5151,2022-03-22,21:36:49,10.95.123.1,mapsAndGraphs,"Dynamically Generated Composition CSV","X-Axis: plant species, Y-Axis: Percent of Arthropods"
5152,2022-03-22,21:44:23,10.95.118.65,mapsAndGraphs,"Dynamically Generated Phenology CSV","Y-Axis: Percent of Surveys, Lines: Caterpillars at Appalachian State University in 2021;"
5153,2022-03-22,21:47:47,10.95.118.65,mapsAndGraphs,"Dynamically Generated Composition CSV","X-Axis: plant species, Y-Axis: Percent of Arthropods"
5154,2022-03-22,22:08:33,10.95.123.1,mapsAndGraphs,"Dynamically Generated Composition CSV","X-Axis: plant species, Y-Axis: Percent of Arthropods"
5155,2022-03-22,22:17:10,10.95.123.1,mapsAndGraphs,"Dynamically Generated Composition CSV","X-Axis: plant species, Y-Axis: Percent of Arthropods"
5156,2022-03-22,22:30:11,10.95.118.65,resources,Site_Manager_Guide.pdf,
5157,2022-03-22,22:48:45,10.95.118.65,identificationSkills,"Dichotomous Keys to Arthropod Orders.pdf",
5158,2022-03-23,03:36:23,10.95.118.65,identificationSkills/index.html,,
5159,2022-03-23,03:52:03,10.95.118.65,faq,ArthropodIDGuide.pdf,
5160,2022-03-23,10:26:13,10.95.125.1,identificationSkills/index.html,,
5161,2022-03-23,10:26:55,10.95.125.1,identificationSkills/index.html,,
5162,2022-03-23,10:27:01,10.95.125.1,identificationSkills/index.html,,
5163,2022-03-23,10:28:18,10.95.125.1,identificationSkills/index.html,,
5164,2022-03-23,10:43:32,10.95.123.1,identificationSkills,ArthropodIDGuide.pdf,
5165,2022-03-23,10:45:41,10.95.123.1,identificationSkills,"Dichotomous Keys to Arthropod Orders.pdf",
5166,2022-03-23,11:54:54,10.95.118.65,identificationSkills/index.html,,
5167,2022-03-23,12:18:25,10.95.125.1,mapsAndGraphs,"Dynamically Generated Composition CSV","X-Axis: plant species, Y-Axis: Percent of Arthropods"
5168,2022-03-23,12:26:23,10.95.118.65,mapsAndGraphs,"Dynamically Generated Composition CSV","X-Axis: plant species, Y-Axis: Percent of Arthropods"
5169,2022-03-23,12:28:43,10.95.125.1,mapsAndGraphs,"Dynamically Generated Composition CSV","X-Axis: plant species, Y-Axis: Percent of Arthropods"
5170,2022-03-23,12:34:08,10.95.123.1,mapsAndGraphs,"Dynamically Generated Composition CSV","X-Axis: plant species, Y-Axis: Percent of Arthropods"
5171,2022-03-23,12:34:16,10.95.125.1,mapsAndGraphs,"Dynamically Generated Composition CSV","X-Axis: plant species, Y-Axis: Percent of Arthropods"
5172,2022-03-23,12:34:19,10.95.118.65,mapsAndGraphs,"Dynamically Generated Composition CSV","X-Axis: plant species, Y-Axis: Percent of Arthropods"
5173,2022-03-23,12:34:35,10.95.125.1,mapsAndGraphs,"Dynamically Generated Composition CSV","X-Axis: plant species, Y-Axis: Percent of Arthropods"
5174,2022-03-23,12:38:19,10.95.123.1,mapsAndGraphs,"Dynamically Generated Composition CSV","X-Axis: plant species, Y-Axis: Percent of Arthropods"
5175,2022-03-23,12:48:56,10.95.118.65,mapsAndGraphs,"Dynamically Generated Composition CSV","X-Axis: plant species, Y-Axis: Percent of Arthropods"
5176,2022-03-23,13:17:53,10.95.123.1,identificationSkills/index.html,,
5177,2022-03-23,13:19:30,10.95.123.1,identificationSkills/index.html,,
5178,2022-03-23,13:58:57,10.95.125.1,identificationSkills/index.html,,
5179,2022-03-23,14:00:44,10.95.125.1,identificationSkills/index.html,,
5180,2022-03-23,14:10:34,10.95.118.65,mapsAndGraphs,"Dynamically Generated Composition CSV","X-Axis: site, Y-Axis: Percent of Arthropods, Sites Included: Appalachian State University"
5181,2022-03-23,14:11:15,10.95.118.65,mapsAndGraphs,"Dynamically Generated Composition CSV","X-Axis: plant species, Y-Axis: Percent of Arthropods"
5182,2022-03-23,14:18:46,10.95.118.65,mapsAndGraphs,"Dynamically Generated Composition CSV","X-Axis: plant species, Y-Axis: Percent of Arthropods"
5183,2022-03-23,14:30:57,10.95.125.1,mapsAndGraphs,"Dynamically Generated Composition CSV","X-Axis: plant species, Y-Axis: Percent of Arthropods"
5184,2022-03-23,14:31:36,10.95.118.65,mapsAndGraphs,"Dynamically Generated Composition CSV","X-Axis: site, Y-Axis: Percent of Arthropods, Sites Included: Appalachian State University"
5185,2022-03-23,14:32:23,10.95.123.1,mapsAndGraphs,"Dynamically Generated Composition CSV","X-Axis: plant species, Y-Axis: Percent of Arthropods"
5186,2022-03-23,14:33:02,10.95.118.65,mapsAndGraphs,"Dynamically Generated Composition CSV","X-Axis: plant species, Y-Axis: Percent of Arthropods"
5187,2022-03-23,14:37:05,10.95.118.65,mapsAndGraphs,"Dynamically Generated Composition CSV","X-Axis: plant species, Y-Axis: Percent of Arthropods"
5188,2022-03-23,14:37:16,10.95.123.1,mapsAndGraphs,"Dynamically Generated Composition CSV","X-Axis: plant species, Y-Axis: Percent of Arthropods"
5189,2022-03-23,14:50:10,10.95.125.1,mapsAndGraphs,"Dynamically Generated Composition CSV","X-Axis: plant species, Y-Axis: Percent of Arthropods"
5190,2022-03-23,14:51:52,10.95.125.1,mapsAndGraphs,"Dynamically Generated Composition CSV","X-Axis: plant species, Y-Axis: Percent of Arthropods"
5191,2022-03-23,14:58:56,10.95.118.65,identificationSkills,ArthropodIDGuide.pdf,
5192,2022-03-23,15:00:36,10.95.118.65,identificationSkills,ArthropodIDGuide.pdf,
5193,2022-03-23,15:04:45,10.95.125.1,resources,VisualSurveyTestBranch.pdf,
5194,2022-03-23,16:26:44,10.95.118.65,mapsAndGraphs,"Dynamically Generated Composition CSV","X-Axis: plant species, Y-Axis: Percent of Arthropods"
5195,2022-03-23,16:27:26,10.95.118.65,mapsAndGraphs,"Dynamically Generated Composition CSV","X-Axis: plant species, Y-Axis: Percent of Arthropods"
5196,2022-03-23,16:28:33,10.95.125.1,mapsAndGraphs,"Dynamically Generated Composition CSV","X-Axis: plant species, Y-Axis: Percent of Arthropods"
5197,2022-03-23,16:31:49,10.95.125.1,mapsAndGraphs,"Dynamically Generated Composition CSV","X-Axis: plant species, Y-Axis: Percent of Arthropods"
5198,2022-03-23,16:32:06,10.95.125.1,mapsAndGraphs,"Dynamically Generated Composition CSV","X-Axis: plant species, Y-Axis: Percent of Arthropods"
5199,2022-03-23,16:34:25,10.95.125.1,mapsAndGraphs,"Dynamically Generated Composition CSV","X-Axis: site, Y-Axis: Percent of Arthropods, Sites Included: Appalachian State University"
5200,2022-03-23,16:36:10,10.95.125.1,mapsAndGraphs,"Dynamically Generated Composition CSV","X-Axis: plant species, Y-Axis: Percent of Arthropods"
5201,2022-03-23,16:40:01,10.95.123.1,mapsAndGraphs,"Dynamically Generated Composition CSV","X-Axis: site, Y-Axis: Percent of Arthropods, Sites Included: Appalachian State University, Weeping Willow Tree"
5202,2022-03-23,16:41:21,10.95.125.1,mapsAndGraphs,"Dynamically Generated Composition CSV","X-Axis: plant species, Y-Axis: Percent of Arthropods"
5203,2022-03-23,16:49:58,10.95.118.65,identificationSkills/index.html,,
5204,2022-03-23,16:52:10,10.95.118.65,conductASurvey,paperDataSheet.pdf,
5205,2022-03-23,17:01:30,10.95.125.1,identificationSkills/index.html,,
5206,2022-03-23,17:01:50,10.95.118.65,mapsAndGraphs,"Dynamically Generated Composition CSV","X-Axis: plant species, Y-Axis: Percent of Arthropods"
5207,2022-03-23,17:17:33,10.95.125.1,identificationSkills/index.html,,
5208,2022-03-23,17:18:34,10.95.125.1,identificationSkills/index.html,,
5209,2022-03-23,18:17:10,10.95.125.1,mapsAndGraphs,"Dynamically Generated Composition CSV","X-Axis: plant species, Y-Axis: Percent of Arthropods"
5210,2022-03-23,18:17:35,10.95.118.65,conductASurvey,paperDataSheet.pdf,
5211,2022-03-23,18:19:48,10.95.118.65,identificationSkills,ArthropodIDGuide.pdf,
5212,2022-03-23,18:21:57,10.95.123.1,conductASurvey,paperDataSheet.pdf,
5213,2022-03-23,18:24:14,10.95.118.65,mapsAndGraphs,"Dynamically Generated Composition CSV","X-Axis: plant species, Y-Axis: Percent of Arthropods"
5214,2022-03-23,18:33:12,10.95.118.65,mapsAndGraphs,"Dynamically Generated Composition CSV","X-Axis: plant species, Y-Axis: Percent of Arthropods"
5215,2022-03-23,18:36:25,10.95.123.1,mapsAndGraphs,"Dynamically Generated Composition CSV","X-Axis: plant species, Y-Axis: Percent of Arthropods"
5216,2022-03-23,19:06:02,10.95.123.1,mapsAndGraphs,"Dynamically Generated Phenology CSV","Y-Axis: Percent of Surveys, Lines: Caterpillars at Appalachian State University in 2021;"
5217,2022-03-23,19:06:41,10.95.123.1,mapsAndGraphs,"Dynamically Generated Composition CSV","X-Axis: plant species, Y-Axis: Percent of Arthropods"
5218,2022-03-23,19:06:49,10.95.123.1,mapsAndGraphs,"Dynamically Generated Composition CSV","X-Axis: plant species, Y-Axis: Percent of Arthropods"
5219,2022-03-23,19:07:18,10.95.123.1,mapsAndGraphs,"Dynamically Generated Composition CSV","X-Axis: site, Y-Axis: Percent of Arthropods, Sites Included: Appalachian State University"
5220,2022-03-23,19:07:22,10.95.123.1,mapsAndGraphs,"Dynamically Generated Trends CSV","Y-Axis: Percent of Surveys, Trend Lines: Caterpillars at Appalachian State University;"
5221,2022-03-23,19:07:42,10.95.125.1,mapsAndGraphs,"Dynamically Generated Composition CSV","X-Axis: plant species, Y-Axis: Percent of Arthropods"
5222,2022-03-23,19:08:11,10.95.125.1,mapsAndGraphs,"Dynamically Generated Composition CSV","X-Axis: plant species, Y-Axis: Percent of Arthropods"
5223,2022-03-23,19:09:42,10.95.123.1,mapsAndGraphs,"Dynamically Generated Composition CSV","X-Axis: plant species, Y-Axis: Percent of Arthropods"
5224,2022-03-23,19:10:47,10.95.118.65,mapsAndGraphs,"Dynamically Generated Composition CSV","X-Axis: plant species, Y-Axis: Percent of Arthropods"
5225,2022-03-23,19:11:33,10.95.123.1,mapsAndGraphs,"Dynamically Generated Composition CSV","X-Axis: plant species, Y-Axis: Percent of Arthropods"
5226,2022-03-23,19:15:01,10.95.123.1,mapsAndGraphs,"Dynamically Generated Composition CSV","X-Axis: plant species, Y-Axis: Percent of Arthropods"
5227,2022-03-23,19:15:43,10.95.123.1,mapsAndGraphs,"Dynamically Generated Composition CSV","X-Axis: plant species, Y-Axis: Percent of Arthropods"
5228,2022-03-23,19:16:54,10.95.123.1,mapsAndGraphs,"Dynamically Generated Composition CSV","X-Axis: plant species, Y-Axis: Percent of Arthropods"
5229,2022-03-23,19:17:27,10.95.118.65,mapsAndGraphs,"Dynamically Generated Composition CSV","X-Axis: plant species, Y-Axis: Percent of Arthropods"
5230,2022-03-23,20:53:00,10.95.125.1,identificationSkills/index.html,,
5231,2022-03-23,20:59:48,10.95.125.1,identificationSkills/index.html,,
5232,2022-03-23,21:18:21,10.95.123.1,identificationSkills/index.html,,
5233,2022-03-23,21:26:30,10.95.118.65,mapsAndGraphs,"Dynamically Generated Composition CSV","X-Axis: plant species, Y-Axis: Percent of Arthropods"
5234,2022-03-23,21:30:58,10.95.118.65,mapsAndGraphs,"Dynamically Generated Composition CSV","X-Axis: plant species, Y-Axis: Percent of Arthropods"
5235,2022-03-23,21:32:33,10.95.123.1,mapsAndGraphs,"Dynamically Generated Composition CSV","X-Axis: plant species, Y-Axis: Percent of Arthropods"
5236,2022-03-23,21:36:55,10.95.125.1,identificationSkills/index.html,,
5237,2022-03-23,21:47:25,10.95.118.65,identificationSkills/index.html,,
5238,2022-03-23,22:12:16,10.95.118.65,mapsAndGraphs,"Dynamically Generated Composition CSV","X-Axis: plant species, Y-Axis: Percent of Arthropods"
5239,2022-03-23,22:21:47,10.95.118.65,mapsAndGraphs,"Dynamically Generated Composition CSV","X-Axis: plant species, Y-Axis: Percent of Arthropods"
5240,2022-03-23,23:24:46,10.95.123.1,identificationSkills,ArthropodIDGuide.pdf,
5241,2022-03-23,23:38:30,10.95.118.65,resources,TrainingParticipants.pdf,
5242,2022-03-24,00:02:55,10.95.123.1,identificationSkills/index.html,,
5243,2022-03-24,01:05:31,10.95.125.1,identificationSkills/index.html,,
5244,2022-03-24,01:06:03,10.95.125.1,identificationSkills/index.html,,
5245,2022-03-24,01:11:58,10.95.123.1,identificationSkills/index.html,,
5246,2022-03-24,03:47:20,10.95.125.1,identificationSkills/index.html,,
5247,2022-03-24,12:43:39,10.95.123.1,mapsAndGraphs,"Dynamically Generated Composition CSV","X-Axis: site, Y-Axis: Percent of Arthropods, Sites Included: Appalachian State University"
5248,2022-03-24,12:55:41,10.95.125.1,identificationSkills/index.html,,
5249,2022-03-24,13:37:03,10.95.123.1,identificationSkills/index.html,,
5250,2022-03-24,13:40:55,10.95.118.65,mapsAndGraphs,"Dynamically Generated Composition CSV","X-Axis: plant species, Y-Axis: Percent of Arthropods"
5251,2022-03-24,13:41:51,10.95.118.65,mapsAndGraphs,"Dynamically Generated Composition CSV","X-Axis: plant species, Y-Axis: Percent of Arthropods"
5252,2022-03-24,14:01:28,10.95.125.1,mapsAndGraphs,"Dynamically Generated Composition CSV","X-Axis: plant species, Y-Axis: Percent of Arthropods"
5253,2022-03-24,14:01:42,10.95.123.1,mapsAndGraphs,"Dynamically Generated Composition CSV","X-Axis: plant species, Y-Axis: Percent of Arthropods"
5254,2022-03-24,14:05:15,10.95.123.1,mapsAndGraphs,"Dynamically Generated Composition CSV","X-Axis: plant species, Y-Axis: Percent of Arthropods"
5255,2022-03-24,14:08:44,10.95.123.1,mapsAndGraphs,"Dynamically Generated Composition CSV","X-Axis: plant species, Y-Axis: Percent of Arthropods"
5256,2022-03-24,14:15:35,10.95.123.1,mapsAndGraphs,"Dynamically Generated Composition CSV","X-Axis: plant species, Y-Axis: Percent of Arthropods"
5257,2022-03-24,14:32:46,10.95.118.65,identificationSkills/index.html,,
5258,2022-03-24,14:33:31,10.95.118.65,identificationSkills/index.html,,
5259,2022-03-24,15:02:40,10.95.118.65,identificationSkills/index.html,,
5260,2022-03-24,15:21:22,10.95.125.1,identificationSkills/index.html,,
5261,2022-03-24,15:21:34,10.95.125.1,identificationSkills/index.html,,
5262,2022-03-24,15:22:00,10.95.125.1,identificationSkills/index.html,,
5263,2022-03-24,15:29:57,10.95.123.1,mapsAndGraphs,"Dynamically Generated Composition CSV","X-Axis: site, Y-Axis: Percent of Arthropods, Sites Included: Appalachian State University"
5264,2022-03-24,15:30:28,10.95.118.65,mapsAndGraphs,"Dynamically Generated Composition CSV","X-Axis: plant species, Y-Axis: Percent of Arthropods"
5265,2022-03-24,15:31:34,10.95.123.1,mapsAndGraphs,"Dynamically Generated Composition CSV","X-Axis: plant species, Y-Axis: Percent of Arthropods"
5266,2022-03-24,15:32:52,10.95.118.65,mapsAndGraphs,"Dynamically Generated Composition CSV","X-Axis: plant species, Y-Axis: Percent of Arthropods"
5267,2022-03-24,15:35:12,10.95.125.1,mapsAndGraphs,"Dynamically Generated Composition CSV","X-Axis: plant species, Y-Axis: Percent of Arthropods"
5268,2022-03-24,15:35:16,10.95.125.1,mapsAndGraphs,"Dynamically Generated Composition CSV","X-Axis: plant species, Y-Axis: Percent of Arthropods"
5269,2022-03-24,15:37:06,10.95.125.1,mapsAndGraphs,"Dynamically Generated Composition CSV","X-Axis: plant species, Y-Axis: Percent of Arthropods"
5270,2022-03-24,15:38:02,10.95.123.1,mapsAndGraphs,"Dynamically Generated Composition CSV","X-Axis: plant species, Y-Axis: Percent of Arthropods"
5271,2022-03-24,15:38:22,10.95.123.1,mapsAndGraphs,"Dynamically Generated Composition CSV","X-Axis: site, Y-Axis: Percent of Arthropods, Sites Included: Appalachian State University"
5272,2022-03-24,15:39:54,10.95.118.65,mapsAndGraphs,"Dynamically Generated Composition CSV","X-Axis: plant species, Y-Axis: Percent of Arthropods"
5273,2022-03-24,15:41:08,10.95.123.1,mapsAndGraphs,"Dynamically Generated Composition CSV","X-Axis: plant species, Y-Axis: Percent of Arthropods"
5274,2022-03-24,15:41:51,10.95.118.65,mapsAndGraphs,"Dynamically Generated Composition CSV","X-Axis: plant species, Y-Axis: Percent of Arthropods"
5275,2022-03-24,15:42:03,10.95.123.1,mapsAndGraphs,"Dynamically Generated Composition CSV","X-Axis: plant species, Y-Axis: Percent of Arthropods"
5276,2022-03-24,15:42:20,10.95.123.1,mapsAndGraphs,"Dynamically Generated Composition CSV","X-Axis: plant species, Y-Axis: Percent of Arthropods"
5277,2022-03-24,15:53:35,10.95.125.1,mapsAndGraphs,"Dynamically Generated Composition CSV","X-Axis: plant species, Y-Axis: Percent of Arthropods"
5278,2022-03-24,15:54:11,10.95.125.1,mapsAndGraphs,"Dynamically Generated Composition CSV","X-Axis: plant species, Y-Axis: Percent of Arthropods"
5279,2022-03-24,15:55:45,10.95.125.1,mapsAndGraphs,"Dynamically Generated Composition CSV","X-Axis: plant species, Y-Axis: Percent of Arthropods"
5280,2022-03-24,15:56:56,10.95.125.1,mapsAndGraphs,"Dynamically Generated Composition CSV","X-Axis: plant species, Y-Axis: Percent of Arthropods"
5281,2022-03-24,16:01:28,10.95.125.1,mapsAndGraphs,"Dynamically Generated Composition CSV","X-Axis: plant species, Y-Axis: Percent of Arthropods"
5282,2022-03-24,16:05:14,10.95.123.1,mapsAndGraphs,"Dynamically Generated Composition CSV","X-Axis: plant species, Y-Axis: Percent of Arthropods"
5283,2022-03-24,16:19:21,10.95.118.65,identificationSkills/index.html,,
5284,2022-03-24,17:24:40,10.95.123.1,identificationSkills/index.html,,
5285,2022-03-24,17:25:08,10.95.123.1,identificationSkills/index.html,,
5286,2022-03-24,17:25:14,10.95.123.1,identificationSkills/index.html,,
5287,2022-03-24,17:26:14,10.95.123.1,identificationSkills/index.html,,
5288,2022-03-24,17:30:05,10.95.125.1,mapsAndGraphs,"Dynamically Generated Composition CSV","X-Axis: plant species, Y-Axis: Percent of Arthropods"
5289,2022-03-24,17:32:48,10.95.118.65,mapsAndGraphs,"Dynamically Generated Composition CSV","X-Axis: plant species, Y-Axis: Percent of Arthropods"
5290,2022-03-24,17:33:47,10.95.125.1,mapsAndGraphs,"Dynamically Generated Composition CSV","X-Axis: plant species, Y-Axis: Percent of Arthropods"
5291,2022-03-24,17:34:03,10.95.118.65,mapsAndGraphs,"Dynamically Generated Composition CSV","X-Axis: plant species, Y-Axis: Percent of Arthropods"
5292,2022-03-24,17:34:45,10.95.125.1,mapsAndGraphs,"Dynamically Generated Composition CSV","X-Axis: plant species, Y-Axis: Percent of Arthropods"
5293,2022-03-24,17:38:08,10.95.125.1,mapsAndGraphs,"Dynamically Generated Composition CSV","X-Axis: plant species, Y-Axis: Percent of Arthropods"
5294,2022-03-24,17:49:23,10.95.123.1,mapsAndGraphs,"Dynamically Generated Phenology CSV","Y-Axis: Percent of Surveys, Lines: Caterpillars at Appalachian State University in 2021;"
5295,2022-03-24,17:51:29,10.95.123.1,mapsAndGraphs,"Dynamically Generated Composition CSV","X-Axis: plant species, Y-Axis: Percent of Arthropods"
5296,2022-03-24,18:06:26,10.95.125.1,mapsAndGraphs,"Dynamically Generated Composition CSV","X-Axis: month, Y-Axis: Percent of Arthropods"
5297,2022-03-24,18:16:48,10.95.118.65,mapsAndGraphs,"Dynamically Generated Composition CSV","X-Axis: plant species, Y-Axis: Percent of Arthropods"
5298,2022-03-24,18:17:47,10.95.123.1,identificationSkills/index.html,,
5299,2022-03-24,18:47:37,10.95.125.1,resources,Calinger.pdf,
5300,2022-03-24,18:48:05,10.95.125.1,resources,zehnder.pdf,
5301,2022-03-24,19:27:46,10.95.123.1,identificationSkills/index.html,,
5302,2022-03-24,19:34:32,10.95.118.65,mapsAndGraphs,"Dynamically Generated Phenology CSV","Y-Axis: Percent of Surveys, Lines: Caterpillars at Appalachian State University in 2021;"
5303,2022-03-24,19:42:15,10.95.118.65,mapsAndGraphs,"Dynamically Generated Composition CSV","X-Axis: plant species, Y-Axis: Percent of Arthropods"
5304,2022-03-24,19:51:23,10.95.125.1,mapsAndGraphs,"Dynamically Generated Composition CSV","X-Axis: plant species, Y-Axis: Percent of Arthropods"
5305,2022-03-24,22:03:23,10.95.125.1,identificationSkills,ArthropodIDGuide.pdf,
5306,2022-03-24,22:04:27,10.95.125.1,identificationSkills,"Dichotomous Keys to Arthropod Orders.pdf",
5307,2022-03-25,12:58:19,10.95.125.1,resources,Educator_Guide.pdf,
5308,2022-03-25,13:29:21,10.95.123.1,resources,ArthropodIDslides.pdf,
5309,2022-03-25,14:25:16,10.95.125.1,conductASurvey,paperDataSheet.pdf,
5310,2022-03-25,17:52:53,10.95.123.1,identificationSkills/index.html,,
5311,2022-03-25,18:32:21,10.95.123.1,identificationSkills/index.html,,
5312,2022-03-25,18:39:57,10.95.123.1,identificationSkills/index.html,,
5313,2022-03-25,21:33:03,10.95.118.65,faq,ArthropodIDGuide.pdf,
5314,2022-03-25,22:21:11,10.95.125.1,identificationSkills/index.html,,
5315,2022-03-26,15:42:03,10.95.123.1,identificationSkills,ArthropodIDGuide.pdf,
5316,2022-03-26,15:44:45,10.95.123.1,identificationSkills,"Dichotomous Keys to Arthropod Orders.pdf",
5317,2022-03-26,16:37:31,10.95.125.1,identificationSkills/index.html,,
5318,2022-03-26,16:42:02,10.95.125.1,identificationSkills/index.html,,
5319,2022-03-26,16:42:13,10.95.125.1,identificationSkills/index.html,,
5320,2022-03-26,17:12:10,10.95.125.1,identificationSkills/index.html,,
5321,2022-03-26,17:28:45,10.95.125.1,identificationSkills/index.html,,
5322,2022-03-26,17:29:01,10.95.125.1,identificationSkills/index.html,,
5323,2022-03-26,17:36:37,10.95.125.1,identificationSkills/index.html,,
5324,2022-03-26,17:42:51,10.95.125.1,identificationSkills/index.html,,
5325,2022-03-27,13:29:23,10.95.118.65,resources,hotOrCold.pdf,
5326,2022-03-27,13:29:49,10.95.118.65,resources,insect_predation.pdf,
5327,2022-03-27,13:38:24,10.95.118.65,identificationSkills,ArthropodIDGuide.pdf,
5328,2022-03-27,18:46:50,10.95.123.1,identificationSkills/index.html,,
5329,2022-03-27,18:48:19,10.95.123.1,identificationSkills/index.html,,
5330,2022-03-28,19:18:40,10.95.125.1,resources,TrainingParticipants.pdf,
5331,2022-03-28,19:18:51,10.95.125.1,resources,GettingStarted.pdf,
5332,2022-03-28,19:19:35,10.95.125.1,resources,Site_Setup.pdf,
5333,2022-03-28,22:22:31,10.95.118.65,identificationSkills/index.html,,
5334,2022-03-28,22:36:41,10.95.118.65,identificationSkills/index.html,,
5335,2022-03-28,22:38:20,10.95.118.65,identificationSkills/index.html,,
5336,2022-03-28,22:38:54,10.95.118.65,identificationSkills/index.html,,
5337,2022-03-29,00:31:41,10.95.125.1,identificationSkills/index.html,,
5338,2022-03-29,00:58:01,10.95.125.1,identificationSkills/index.html,,
5339,2022-03-29,00:59:48,10.95.123.1,resources,"Vernal Pool Ruggles 2007.pdf",
5340,2022-03-29,01:44:41,10.95.118.65,identificationSkills/index.html,,
5341,2022-03-29,13:05:48,10.95.123.1,dataDownload,"Dynamically Generated CSV","Site: All, YearStart: 2017, YearEnd: 2018, Arthropod: caterpillar"
5342,2022-03-29,15:55:59,10.95.118.65,resources,MobileAppManual.pdf,
5343,2022-03-29,16:37:21,10.95.125.1,identificationSkills,ArthropodIDGuide.pdf,
5344,2022-03-29,19:17:07,10.95.123.1,resources,Site_Setup.pdf,
5345,2022-03-29,22:26:42,10.95.123.1,identificationSkills/index.html,,
5346,2022-03-29,22:34:12,10.95.123.1,identificationSkills/index.html,,
5347,2022-03-29,22:38:19,10.95.123.1,identificationSkills/index.html,,
5348,2022-03-30,16:35:50,10.95.125.1,dataDownload,"Dynamically Generated CSV","Site: 182, YearStart: 2018, YearEnd: 2021, Arthropod: caterpillar"
5349,2022-03-30,16:53:36,10.95.123.1,dataDownload,"Dynamically Generated CSV","Site: 217, YearStart: 2020, YearEnd: 2020, Arthropod: All"
5350,2022-03-30,22:26:51,10.95.118.65,identificationSkills/index.html,,
5351,2022-03-31,19:48:48,10.95.125.1,resources,GettingStarted.pdf,
5352,2022-03-31,20:12:36,10.95.125.1,dataDownload,"Dynamically Generated CSV","Site: All, YearStart: 2002, YearEnd: 2022, Arthropod: caterpillar"
5353,2022-03-31,20:14:21,10.95.125.1,dataDownload,"Dynamically Generated CSV","Site: 93, YearStart: 2018, YearEnd: 2021, Arthropod: caterpillar"
5354,2022-03-31,20:42:33,10.95.123.1,identificationSkills,ArthropodIDGuide.pdf,
5355,2022-03-31,20:42:48,10.95.123.1,identificationSkills,"Dichotomous Keys to Arthropod Orders.pdf",
5356,2022-03-31,20:43:02,10.95.123.1,identificationSkills,ArthropodIDGuide.pdf,
5357,2022-03-31,23:11:58,10.95.125.1,identificationSkills/index.html,,
5358,2022-03-31,23:12:48,10.95.125.1,identificationSkills/index.html,,
5359,2022-03-31,23:12:51,10.95.125.1,identificationSkills/index.html,,
5360,2022-03-31,23:13:42,10.95.125.1,identificationSkills/index.html,,
5361,2022-04-01,13:26:42,10.95.125.1,conductASurvey,paperDataSheet.pdf,
5362,2022-04-01,21:19:54,10.95.125.1,identificationSkills/index.html,,
5363,2022-04-01,21:20:27,10.95.125.1,identificationSkills/index.html,,
5364,2022-04-01,21:20:48,10.95.125.1,identificationSkills/index.html,,
5365,2022-04-01,21:23:06,10.95.125.1,identificationSkills/index.html,,
5366,2022-04-02,02:40:29,10.95.125.1,dataDownload,"Dynamically Generated CSV","Site: 78, YearStart: 2015, YearEnd: 2021, Arthropod: caterpillar"
5367,2022-04-02,13:12:22,10.95.125.1,identificationSkills,ArthropodIDGuide.pdf,
5368,2022-04-02,13:17:18,10.95.125.1,identificationSkills,"Dichotomous Keys to Arthropod Orders.pdf",
5369,2022-04-02,13:23:29,10.95.125.1,identificationSkills,ArthropodIDGuide.pdf,
5370,2022-04-02,16:24:15,10.95.123.1,identificationSkills/index.html,,
5371,2022-04-03,20:32:32,10.95.123.1,resources,TrainingParticipants.pdf,
5372,2022-04-03,21:00:53,10.95.118.65,resources,GettingStarted.pdf,
5373,2022-04-03,21:57:11,10.95.123.1,resources,GettingStarted.pdf,
5374,2022-04-03,21:57:35,10.95.123.1,conductASurvey,paperDataSheet.pdf,
5375,2022-04-03,22:03:33,10.95.123.1,identificationSkills,ArthropodIDGuide.pdf,
5376,2022-04-04,15:35:55,10.95.125.1,identificationSkills/index.html,,
5377,2022-04-04,15:36:30,10.95.125.1,identificationSkills/index.html,,
5378,2022-04-04,16:09:39,10.95.118.65,identificationSkills/index.html,,
5379,2022-04-04,16:09:55,10.95.118.65,identificationSkills/index.html,,
5380,2022-04-04,16:10:04,10.95.118.65,identificationSkills/index.html,,
5381,2022-04-04,16:35:18,10.95.118.65,identificationSkills/index.html,,
5382,2022-04-04,16:56:35,10.95.125.1,identificationSkills/index.html,,
5383,2022-04-04,16:56:59,10.95.125.1,identificationSkills/index.html,,
5384,2022-04-04,16:57:35,10.95.125.1,identificationSkills/index.html,,
5385,2022-04-04,18:37:50,10.95.125.1,conductASurvey,paperDataSheet.pdf,
5386,2022-04-04,19:30:14,10.95.125.1,identificationSkills,ArthropodIDGuide.pdf,
5387,2022-04-04,20:54:19,10.95.118.65,resources,paperDataSheet.pdf,
5388,2022-04-04,20:54:56,10.95.118.65,resources,MobileAppManual.pdf,
5389,2022-04-04,20:55:07,10.95.118.65,resources,VisualSurveyTestBranch.pdf,
5390,2022-04-04,21:16:39,10.95.118.65,identificationSkills/index.html,,
5391,2022-04-04,21:17:19,10.95.123.1,identificationSkills/index.html,,
5392,2022-04-04,22:57:25,10.95.125.1,identificationSkills/index.html,,
5393,2022-04-05,02:56:10,10.95.123.1,identificationSkills,ArthropodIDGuide.pdf,
5394,2022-04-05,02:57:25,10.95.123.1,identificationSkills,ArthropodIDGuide.pdf,
5395,2022-04-05,13:04:19,10.95.123.1,identificationSkills/index.html,,
5396,2022-04-05,19:57:33,10.95.118.65,dataDownload,"Dynamically Generated CSV","Site: 93, YearStart: 2021, YearEnd: 2021, Arthropod: All"
5397,2022-04-05,20:09:07,10.95.118.65,conductASurvey,paperDataSheet.pdf,
5398,2022-04-05,22:07:36,10.95.123.1,identificationSkills/index.html,,
5399,2022-04-05,22:10:26,10.95.125.1,identificationSkills,ArthropodIDGuide.pdf,
5400,2022-04-06,00:12:16,10.95.123.1,identificationSkills/index.html,,
5401,2022-04-06,13:01:15,10.95.125.1,mapsAndGraphs,"Dynamically Generated Composition CSV","X-Axis: plant species, Y-Axis: Percent of Arthropods"
5402,2022-04-06,15:09:38,10.95.125.1,identificationSkills/index.html,,
5403,2022-04-06,15:31:38,10.95.118.65,identificationSkills,ArthropodIDGuide.pdf,
5404,2022-04-06,15:39:23,10.95.118.65,identificationSkills,"Dichotomous Keys to Arthropod Orders.pdf",
5405,2022-04-06,15:43:53,10.95.118.65,identificationSkills,ArthropodIDGuide.pdf,
5406,2022-04-06,16:27:46,10.95.118.65,mapsAndGraphs,"Dynamically Generated Composition CSV","X-Axis: plant species, Y-Axis: Percent of Arthropods"
5407,2022-04-07,17:10:18,10.95.118.65,identificationSkills/index.html,,
5408,2022-04-07,17:10:52,10.95.118.65,identificationSkills/index.html,,
5409,2022-04-07,18:31:56,10.95.123.1,identificationSkills/index.html,,
5410,2022-04-07,18:32:19,10.95.123.1,identificationSkills/index.html,,
5411,2022-04-07,18:32:36,10.95.123.1,identificationSkills/index.html,,
5412,2022-04-07,18:34:03,10.95.123.1,conductASurvey,paperDataSheet.pdf,
5413,2022-04-07,18:38:34,10.95.123.1,identificationSkills,ArthropodIDGuide.pdf,
5414,2022-04-07,22:46:07,10.95.125.1,identificationSkills,ArthropodIDGuide.pdf,
5415,2022-04-07,22:46:44,10.95.125.1,identificationSkills,"Dichotomous Keys to Arthropod Orders.pdf",
5416,2022-04-07,23:03:04,10.95.123.1,identificationSkills,ArthropodIDGuide.pdf,
5417,2022-04-07,23:03:22,10.95.123.1,identificationSkills,"Dichotomous Keys to Arthropod Orders.pdf",
5418,2022-04-07,23:43:30,10.95.123.1,identificationSkills,ArthropodIDGuide.pdf,
5419,2022-04-07,23:43:51,10.95.123.1,identificationSkills,"Dichotomous Keys to Arthropod Orders.pdf",
5420,2022-04-07,23:46:32,10.95.118.65,conductASurvey,paperDataSheet.pdf,
5421,2022-04-08,01:35:54,10.95.125.1,identificationSkills/index.html,,
5422,2022-04-08,01:48:13,10.95.118.65,faq,ArthropodIDGuide.pdf,
5423,2022-04-08,14:35:07,10.95.125.1,identificationSkills,ArthropodIDGuide.pdf,
5424,2022-04-08,14:48:29,10.95.125.1,identificationSkills,ArthropodIDGuide.pdf,
5425,2022-04-08,14:49:25,10.95.125.1,identificationSkills,ArthropodIDGuide.pdf,
5426,2022-04-08,14:49:34,10.95.125.1,identificationSkills,"Dichotomous Keys to Arthropod Orders.pdf",
5427,2022-04-08,17:04:50,10.95.118.65,identificationSkills,"Dichotomous Keys to Arthropod Orders.pdf",
5428,2022-04-08,23:52:23,10.95.125.1,identificationSkills/index.html,,
5429,2022-04-11,14:51:21,10.95.125.1,mapsAndGraphs,"Dynamically Generated Phenology CSV","Y-Axis: Percent of Surveys, Lines: Caterpillars at EwA at the Fells in 2021;"
5430,2022-04-12,02:18:33,10.95.123.1,identificationSkills/index.html,,
5431,2022-04-12,03:56:25,10.95.125.1,identificationSkills/index.html,,
5432,2022-04-12,06:21:50,10.95.118.65,conductASurvey,paperDataSheet.pdf,
5433,2022-04-12,17:39:54,10.95.118.65,resources,CCwebinar2022.pdf,
5434,2022-04-12,17:40:50,10.95.118.65,resources,TrainingParticipants.pdf,
5435,2022-04-12,17:40:54,10.95.118.65,resources,GettingStarted.pdf,
5436,2022-04-12,17:41:04,10.95.118.65,resources,Site_Manager_Guide.pdf,
5437,2022-04-12,17:43:15,10.95.118.65,resources,CCwebinar2022.pdf,
5438,2022-04-13,18:38:52,10.95.118.65,resources,CCwebinar2022.pdf,
5439,2022-04-13,20:50:38,10.95.118.65,resources,CCwebinar2022.pdf,
5440,2022-04-13,21:08:06,10.95.118.65,resources,TrainingParticipants.pdf,
5441,2022-04-13,21:08:38,10.95.118.65,resources,GettingStarted.pdf,
5442,2022-04-14,20:09:05,10.95.123.1,resources,VisualSurveyTestBranch.pdf,
5443,2022-04-14,20:09:09,10.95.123.1,resources,CCwebinar2022.pdf,
5444,2022-04-14,20:32:11,10.95.125.1,identificationSkills/index.html,,
5445,2022-04-14,21:07:18,10.95.125.1,mapsAndGraphs,"Dynamically Generated Composition CSV","X-Axis: site, Y-Axis: Percent of Arthropods, Sites Included: Appalachian State University"
5446,2022-04-14,21:09:17,10.95.125.1,mapsAndGraphs,"Dynamically Generated Composition CSV","X-Axis: plant species, Y-Axis: Percent of Arthropods"
5447,2022-04-15,19:58:30,10.95.118.65,identificationSkills/index.html,,
5448,2022-04-16,02:01:24,10.95.123.1,resources,Site_Manager_Guide.pdf,
5449,2022-04-16,02:02:50,10.95.123.1,resources,VisualSurveyTestBranch.pdf,
5450,2022-04-16,18:17:25,10.95.118.65,identificationSkills,ArthropodIDGuide.pdf,
5451,2022-04-16,22:08:15,10.95.123.1,identificationSkills/index.html,,
5452,2022-04-16,23:42:06,10.95.118.65,reports,"Acadia NP - Sundew_2018_report.pdf",
5453,2022-04-17,00:01:34,10.95.118.65,reports,"Camp Woods Survey_2020_report.pdf",
5454,2022-04-17,00:35:51,10.95.118.65,reports,"Acadia NP - Sundew_2018_report.pdf",
5455,2022-04-18,01:38:57,10.95.125.1,reports,"16 Old Paris Mtn_2020_report.pdf",
5456,2022-04-18,13:19:01,10.95.125.1,reports,"NC Botanical Garden_2021_report.pdf",
5457,2022-04-18,13:39:09,10.95.125.1,resources,Educator_Guide.pdf,
5458,2022-04-18,15:09:27,10.95.118.65,conductASurvey,paperDataSheet.pdf,
5459,2022-04-18,16:46:47,10.95.118.65,resources,GettingStarted.pdf,
5460,2022-04-18,16:47:32,10.95.118.65,resources,Site_Setup.pdf,
5461,2022-04-18,16:53:02,10.95.118.65,resources,Site_Manager_Guide.pdf,
5462,2022-04-18,16:53:11,10.95.118.65,resources,TrainingParticipants.pdf,
5463,2022-04-18,16:54:13,10.95.118.65,resources,"Building A Beat Sheet.pdf",
5464,2022-04-18,16:54:46,10.95.118.65,resources,MobileAppManual.pdf,
5465,2022-04-18,17:47:14,10.95.125.1,identificationSkills,"Dichotomous Keys to Arthropod Orders.pdf",
5466,2022-04-18,17:53:32,10.95.125.1,resources,"Building A Beat Sheet.pdf",
5467,2022-04-18,17:58:16,10.95.125.1,resources,VisualSurveyTestBranch.pdf,
5468,2022-04-18,17:59:00,10.95.125.1,resources,paperDataSheet.pdf,
5469,2022-04-18,17:59:36,10.95.125.1,resources,Site_Manager_Guide.pdf,
5470,2022-04-18,18:00:03,10.95.125.1,resources,Educator_Guide.pdf,
5471,2022-04-18,18:04:15,10.95.118.65,resources,GettingStarted.pdf,
5472,2022-04-18,18:05:54,10.95.118.65,resources,TrainingParticipants.pdf,
5473,2022-04-18,18:07:00,10.95.118.65,resources,Site_Manager_Guide.pdf,
5474,2022-04-18,18:37:04,10.95.118.65,dataDownload,"Dynamically Generated CSV","Site: 95, YearStart: 2018, YearEnd: 2021, Arthropod: All"
5475,2022-04-18,19:04:52,10.95.125.1,resources,"Building A Beat Sheet.pdf",
5476,2022-04-18,21:59:15,10.95.125.1,reports,"Mt. Auburn Cemetery_2021_report.pdf",
5477,2022-04-18,22:00:00,10.95.125.1,reports,"EwA at the Fells_2021_report.pdf",
5478,2022-04-19,20:09:32,10.95.125.1,identificationSkills/index.html,,
5479,2022-04-19,20:09:57,10.95.125.1,identificationSkills/index.html,,
5480,2022-04-19,20:10:18,10.95.125.1,identificationSkills/index.html,,
5481,2022-04-19,20:11:01,10.95.125.1,conductASurvey,paperDataSheet.pdf,
5482,2022-04-19,20:47:20,10.95.123.1,resources,TrainingParticipants.pdf,
5483,2022-04-19,20:50:44,10.95.123.1,resources,TrainingParticipants.pdf,
5484,2022-04-19,23:57:44,10.95.123.1,reports,"Birmingham Zoo AL_2021_report.pdf",
5485,2022-04-20,00:19:54,10.95.125.1,identificationSkills/index.html,,
5486,2022-04-20,00:25:46,10.95.125.1,resources,Educator_Guide.pdf,
5487,2022-04-20,12:37:07,10.95.123.1,identificationSkills/index.html,,
5488,2022-04-20,12:37:51,10.95.123.1,identificationSkills/index.html,,
5489,2022-04-20,12:41:30,10.95.123.1,identificationSkills,ArthropodIDGuide.pdf,
5490,2022-04-20,16:43:18,10.95.123.1,resources,"Arthropod Food Web lesson plan.pdf",
5491,2022-04-20,16:43:41,10.95.123.1,resources,Educator_Guide.pdf,
5492,2022-04-20,18:37:16,10.95.118.65,identificationSkills/index.html,,
5493,2022-04-20,18:38:33,10.95.118.65,identificationSkills/index.html,,
5494,2022-04-20,19:52:36,10.95.125.1,resources,Educator_Guide.pdf,
5495,2022-04-20,23:55:37,10.95.125.1,conductASurvey,paperDataSheet.pdf,
5496,2022-04-21,03:17:57,10.95.123.1,resources,VisualSurveyTestBranch.pdf,
5497,2022-04-21,15:17:38,10.95.123.1,identificationSkills/index.html,,
5498,2022-04-21,15:18:23,10.95.123.1,identificationSkills/index.html,,
5499,2022-04-22,09:51:59,10.95.125.1,identificationSkills/index.html,,
5500,2022-04-22,13:18:29,10.95.125.1,resources,TrainingParticipants.pdf,
5501,2022-04-22,16:44:15,10.95.125.1,identificationSkills,ArthropodIDGuide.pdf,
5502,2022-04-23,17:21:40,10.95.123.1,resources,Site_Setup.pdf,
5503,2022-04-23,22:58:46,10.95.125.1,identificationSkills/index.html,,
5504,2022-04-23,23:15:15,10.95.125.1,identificationSkills/index.html,,
5505,2022-04-24,09:12:44,10.95.125.1,conductASurvey,paperDataSheet.pdf,
5506,2022-04-24,09:17:20,10.95.125.1,identificationSkills,ArthropodIDGuide.pdf,
5507,2022-04-24,09:18:40,10.95.125.1,identificationSkills,"Dichotomous Keys to Arthropod Orders.pdf",
5508,2022-04-25,14:57:08,10.95.118.65,resources,GettingStarted.pdf,
5509,2022-04-25,17:02:10,10.95.125.1,resources,GettingStarted.pdf,
5510,2022-04-25,17:02:19,10.95.125.1,resources,VisualSurveyTestBranch.pdf,
5511,2022-04-25,17:05:49,10.95.125.1,resources,TrainingParticipants.pdf,
5512,2022-04-25,17:16:03,10.95.125.1,resources,TrainingParticipants.pdf,
5513,2022-04-25,17:23:06,10.95.125.1,resources,TrainingParticipants.pdf,
5514,2022-04-25,17:25:35,10.95.125.1,resources,Site_Setup.pdf,
5515,2022-04-25,17:26:07,10.95.125.1,resources,Site_Setup.pdf,
5516,2022-04-25,17:30:47,10.95.125.1,resources,Site_Manager_Guide.pdf,
5517,2022-04-25,17:35:21,10.95.125.1,resources,VisualSurveyTestBranch.pdf,
5518,2022-04-25,17:40:27,10.95.125.1,resources,ArthropodIDslides.pdf,
5519,2022-04-25,17:43:09,10.95.125.1,resources,ArthropodIDslides.pdf,
5520,2022-04-25,17:48:45,10.95.125.1,identificationSkills,ArthropodIDGuide.pdf,
5521,2022-04-25,17:48:54,10.95.125.1,identificationSkills,"Dichotomous Keys to Arthropod Orders.pdf",
5522,2022-04-25,17:53:35,10.95.125.1,resources,Site_Manager_Guide.pdf,
5523,2022-04-25,18:13:46,10.95.118.65,resources,Site_Setup.pdf,
5524,2022-04-26,02:25:34,10.95.125.1,conductASurvey,paperDataSheet.pdf,
5525,2022-04-26,05:50:17,10.95.125.1,identificationSkills,ArthropodIDGuide.pdf,
5526,2022-04-26,05:51:03,10.95.125.1,identificationSkills,"Dichotomous Keys to Arthropod Orders.pdf",
5527,2022-04-26,16:34:56,10.95.118.65,identificationSkills/index.html,,
5528,2022-04-26,16:35:02,10.95.118.65,identificationSkills/index.html,,
5529,2022-04-26,16:47:37,10.95.118.65,identificationSkills/index.html,,
5530,2022-04-26,16:49:03,10.95.118.65,identificationSkills/index.html,,
5531,2022-04-26,17:40:33,10.95.123.1,resources,Site_Setup.pdf,
5532,2022-04-26,18:33:05,10.95.123.1,identificationSkills,"Dichotomous Keys to Arthropod Orders.pdf",
5533,2022-04-26,18:33:53,10.95.125.1,identificationSkills,ArthropodIDGuide.pdf,
5534,2022-04-26,18:34:21,10.95.125.1,identificationSkills,"Dichotomous Keys to Arthropod Orders.pdf",
5535,2022-04-26,18:34:39,10.95.125.1,identificationSkills,ArthropodIDGuide.pdf,
5536,2022-04-26,18:34:58,10.95.125.1,conductASurvey,paperDataSheet.pdf,
5537,2022-04-27,14:11:09,10.95.123.1,identificationSkills/index.html,,
5538,2022-04-27,14:11:42,10.95.123.1,identificationSkills/index.html,,
5539,2022-04-27,15:10:05,10.95.125.1,identificationSkills/index.html,,
5540,2022-04-27,15:29:07,10.95.125.1,resources,"Building A Beat Sheet.pdf",
5541,2022-04-27,15:36:37,10.95.125.1,resources,ManageMySurveysGuide.pdf,
5542,2022-04-27,15:36:39,10.95.125.1,resources,"Data Exploration.pdf",
5543,2022-04-27,16:05:34,10.95.125.1,resources,GettingStarted.pdf,
5544,2022-04-27,16:06:00,10.95.125.1,resources,TrainingParticipants.pdf,
5545,2022-04-27,16:06:28,10.95.125.1,resources,Educator_Guide.pdf,
5546,2022-04-27,16:08:12,10.95.125.1,resources,ArthropodIDslides.pdf,
5547,2022-04-27,16:09:54,10.95.125.1,resources,Educator_Guide.pdf,
5548,2022-04-27,16:10:17,10.95.125.1,resources,"Phenology Across Trophic Levels lesson plan.pdf",
5549,2022-04-27,16:11:12,10.95.125.1,resources,"Vernal Pool Ruggles 2007.pdf",
5550,2022-04-27,16:11:24,10.95.125.1,resources,Calinger.pdf,
5551,2022-04-27,16:11:27,10.95.125.1,resources,zehnder.pdf,
5552,2022-04-27,17:01:02,10.95.125.1,identificationSkills/index.html,,
5553,2022-04-28,15:53:39,10.95.118.65,identificationSkills/index.html,,
5554,2022-04-28,15:54:47,10.95.118.65,identificationSkills/index.html,,
5555,2022-04-28,16:11:31,10.95.125.1,resources,CCwebinar2022.pdf,
5556,2022-04-28,16:13:55,10.95.125.1,resources,"Vernal Pool Ruggles 2007.pdf",
5557,2022-04-28,17:07:30,10.95.123.1,identificationSkills,ArthropodIDGuide.pdf,
5558,2022-04-28,17:20:31,10.95.118.65,identificationSkills/index.html,,
5559,2022-04-28,17:23:24,10.95.118.65,identificationSkills/index.html,,
5560,2022-04-28,17:27:56,10.95.118.65,conductASurvey,paperDataSheet.pdf,
5561,2022-04-28,17:29:25,10.95.118.65,identificationSkills/index.html,,
5562,2022-04-28,17:42:35,10.95.123.1,mapsAndGraphs,"Dynamically Generated Map CSV","Comparison Metric: Percent of Surveys, Observation Method: All, Arthropod Group: Caterpillars, Minimum Length (mm): 0, Plant Species: All, Wet Leaves: true, Month Start: 1, Month End: 12, Year Start: 2002, YearEnd: 2022"
5563,2022-04-28,17:47:24,10.95.118.65,faq,ArthropodIDGuide.pdf,
5564,2022-04-28,18:53:52,10.95.118.65,resources,"Building A Beat Sheet.pdf",
5565,2022-04-28,19:54:29,10.95.123.1,identificationSkills/index.html,,
5566,2022-04-28,19:55:24,10.95.123.1,identificationSkills/index.html,,
5567,2022-04-28,20:00:45,10.95.123.1,conductASurvey,paperDataSheet.pdf,
5568,2022-04-28,21:39:57,10.95.118.65,identificationSkills,ArthropodIDGuide.pdf,
5569,2022-04-28,21:44:55,10.95.118.65,identificationSkills,"Dichotomous Keys to Arthropod Orders.pdf",
5570,2022-04-28,22:12:50,10.95.125.1,resources,Site_Setup.pdf,
5571,2022-04-29,09:39:55,10.95.118.65,identificationSkills/index.html,,
5572,2022-04-29,09:41:08,10.95.118.65,identificationSkills/index.html,,
5573,2022-04-29,09:47:41,10.95.118.65,identificationSkills/index.html,,
5574,2022-04-29,14:01:55,10.95.118.65,identificationSkills/index.html,,
5575,2022-04-29,14:07:30,10.95.118.65,identificationSkills/index.html,,
5576,2022-04-29,14:08:35,10.95.118.65,conductASurvey,paperDataSheet.pdf,
5577,2022-04-29,19:38:35,10.95.123.1,conductASurvey,paperDataSheet.pdf,
5578,2022-04-29,19:52:14,10.95.123.1,conductASurvey,paperDataSheet.pdf,
5579,2022-04-30,00:44:51,10.95.125.1,identificationSkills/index.html,,
5580,2022-04-30,00:46:13,10.95.125.1,identificationSkills/index.html,,
5581,2022-04-30,02:11:53,10.95.125.1,identificationSkills,"Dichotomous Keys to Arthropod Orders.pdf",
5582,2022-04-30,13:28:02,10.95.123.1,conductASurvey,paperDataSheet.pdf,
5583,2022-04-30,17:11:08,10.95.118.65,identificationSkills/index.html,,
5584,2022-04-30,18:34:18,10.95.118.65,identificationSkills,ArthropodIDGuide.pdf,
5585,2022-04-30,18:35:39,10.95.118.65,identificationSkills,"Dichotomous Keys to Arthropod Orders.pdf",
5586,2022-04-30,22:22:38,10.95.123.1,reports,"ABQ BioPark Botanical Garden_2021_report.pdf",
5587,2022-04-30,22:27:24,10.95.123.1,identificationSkills/index.html,,
5588,2022-04-30,22:28:04,10.95.123.1,identificationSkills/index.html,,
5589,2022-04-30,22:29:41,10.95.123.1,identificationSkills/index.html,,
5590,2022-05-01,18:49:40,10.95.125.1,identificationSkills,"Dichotomous Keys to Arthropod Orders.pdf",
5591,2022-05-01,20:40:01,10.95.125.1,mapsAndGraphs,"Dynamically Generated Map CSV","Comparison Metric: Percent of Surveys, Observation Method: All, Arthropod Group: Caterpillars, Minimum Length (mm): 0, Plant Species: All, Wet Leaves: true, Month Start: 1, Month End: 12, Year Start: 1980, YearEnd: 2022"
5592,2022-05-03,17:23:10,10.95.118.65,identificationSkills,ArthropodIDGuide.pdf,
5593,2022-05-03,18:20:52,10.95.125.1,identificationSkills/index.html,,
5594,2022-05-03,18:22:24,10.95.125.1,identificationSkills/index.html,,
5595,2022-05-03,19:03:25,10.95.118.65,identificationSkills/index.html,,
5596,2022-05-03,19:26:00,10.95.123.1,conductASurvey,paperDataSheet.pdf,
5597,2022-05-03,19:41:39,10.95.123.1,resources,CCwebinar2022.pdf,
5598,2022-05-03,21:53:38,10.95.125.1,identificationSkills/index.html,,
5599,2022-05-03,21:59:45,10.95.125.1,identificationSkills/index.html,,
5600,2022-05-03,22:32:08,10.95.125.1,identificationSkills/index.html,,
5601,2022-05-03,22:33:10,10.95.125.1,identificationSkills/index.html,,
5602,2022-05-03,22:38:00,10.95.125.1,identificationSkills/index.html,,
5603,2022-05-03,22:38:04,10.95.125.1,identificationSkills/index.html,,
5604,2022-05-04,18:44:27,10.95.123.1,conductASurvey,paperDataSheet.pdf,
5605,2022-05-04,18:44:55,10.95.118.65,faq,ArthropodIDGuide.pdf,
5606,2022-05-04,21:38:46,10.95.125.1,identificationSkills,"Dichotomous Keys to Arthropod Orders.pdf",
5607,2022-05-04,21:39:53,10.95.125.1,identificationSkills,ArthropodIDGuide.pdf,
5608,2022-05-05,00:38:20,10.95.123.1,resources,Site_Manager_Guide.pdf,
5609,2022-05-06,13:58:24,10.95.125.1,identificationSkills/index.html,,
5610,2022-05-06,14:04:13,10.95.125.1,identificationSkills/index.html,,
5611,2022-05-06,14:05:21,10.95.125.1,identificationSkills/index.html,,
5612,2022-05-06,15:08:10,10.95.125.1,resources,TrainingParticipants.pdf,
5613,2022-05-09,07:07:25,10.95.123.1,conductASurvey,paperDataSheet.pdf,
5614,2022-05-09,13:42:39,10.95.123.1,identificationSkills/index.html,,
5615,2022-05-09,16:37:46,10.95.125.1,resources,Site_Manager_Guide.pdf,
5616,2022-05-09,18:44:40,10.95.123.1,identificationSkills/index.html,,
5617,2022-05-09,19:25:36,10.95.125.1,resources,MobileAppManual.pdf,
5618,2022-05-10,17:42:52,10.95.125.1,identificationSkills,ArthropodIDGuide.pdf,
5619,2022-05-10,18:08:43,10.95.125.1,identificationSkills,ArthropodIDGuide.pdf,
5620,2022-05-10,20:40:06,10.95.123.1,identificationSkills,ArthropodIDGuide.pdf,
5621,2022-05-12,11:29:59,10.95.125.1,conductASurvey,paperDataSheet.pdf,
5622,2022-05-12,14:02:38,10.95.118.65,identificationSkills/index.html,,
5623,2022-05-12,16:17:38,10.95.125.1,resources,Site_Setup.pdf,
5624,2022-05-12,16:39:47,10.95.125.1,conductASurvey,paperDataSheet.pdf,
5625,2022-05-12,16:51:37,10.95.125.1,resources,TrainingParticipants.pdf,
5626,2022-05-12,16:54:54,10.95.125.1,resources,GettingStarted.pdf,
5627,2022-05-12,16:55:18,10.95.125.1,resources,Site_Manager_Guide.pdf,
5628,2022-05-12,16:55:29,10.95.125.1,resources,VisualSurveyTestBranch.pdf,
5629,2022-05-12,17:27:55,10.95.125.1,identificationSkills,"Dichotomous Keys to Arthropod Orders.pdf",
5630,2022-05-12,17:28:42,10.95.125.1,identificationSkills,ArthropodIDGuide.pdf,
5631,2022-05-12,17:36:52,10.95.118.65,publications,"Di Cecco and Hurlbert 2022 book chapter.pdf",
5632,2022-05-12,17:42:15,10.95.118.65,publications,"Di Cecco and Hurlbert 2022 book chapter.pdf",
5633,2022-05-12,18:04:45,10.95.123.1,identificationSkills/index.html,,
5634,2022-05-13,13:40:41,10.95.125.1,identificationSkills/index.html,,
5635,2022-05-13,14:19:58,10.95.118.65,publications,"Di Cecco and Hurlbert 2022 book chapter.pdf",
5636,2022-05-13,19:58:22,10.95.118.65,reports,"Brookbanks Park_2021_report.pdf",
5637,2022-05-13,20:01:19,10.95.118.65,reports,"Trinity College Caterpillar Count_2021_report.pdf",
5638,2022-05-14,00:40:26,10.95.123.1,identificationSkills,ArthropodIDGuide.pdf,
5639,2022-05-14,16:42:20,10.95.125.1,reports,"Belle Isle State Park, Lancaster, VA_2021_report.pdf",
5640,2022-05-16,12:52:14,10.95.125.1,resources,Site_Manager_Guide.pdf,
5641,2022-05-16,12:52:18,10.95.125.1,resources,Site_Setup.pdf,
5642,2022-05-16,13:02:38,10.95.125.1,resources,GettingStarted.pdf,
5643,2022-05-16,15:41:19,10.95.123.1,resources,ManageMySurveysGuide.pdf,
5644,2022-05-16,18:53:58,10.95.118.65,resources,Site_Setup.pdf,
5645,2022-05-16,19:59:36,10.95.118.65,identificationSkills,"Dichotomous Keys to Arthropod Orders.pdf",
5646,2022-05-16,20:08:28,10.95.125.1,resources,TrainingParticipants.pdf,
5647,2022-05-18,13:49:05,10.95.123.1,conductASurvey,paperDataSheet.pdf,
5648,2022-05-18,14:35:19,10.95.123.1,identificationSkills,ArthropodIDGuide.pdf,
5649,2022-05-18,14:35:30,10.95.123.1,identificationSkills,"Dichotomous Keys to Arthropod Orders.pdf",
5650,2022-05-18,14:36:21,10.95.123.1,identificationSkills,ArthropodIDGuide.pdf,
5651,2022-05-18,14:54:26,10.95.123.1,identificationSkills/index.html,,
5652,2022-05-18,15:30:30,10.95.125.1,identificationSkills/index.html,,
5653,2022-05-18,17:16:33,10.95.123.1,identificationSkills/index.html,,
5654,2022-05-18,21:41:41,10.95.125.1,resources,Site_Manager_Guide.pdf,
5655,2022-05-19,00:44:09,10.95.118.65,identificationSkills/index.html,,
5656,2022-05-19,00:52:55,10.95.118.65,identificationSkills,ArthropodIDGuide.pdf,
5657,2022-05-19,00:58:50,10.95.118.65,identificationSkills,"Dichotomous Keys to Arthropod Orders.pdf",
5658,2022-05-19,00:59:01,10.95.118.65,identificationSkills,ArthropodIDGuide.pdf,
5659,2022-05-19,14:21:41,10.95.125.1,identificationSkills/index.html,,
5660,2022-05-19,14:43:29,10.95.125.1,resources,Educator_Guide.pdf,
5661,2022-05-19,15:36:37,10.95.125.1,identificationSkills,ArthropodIDGuide.pdf,
5662,2022-05-19,15:38:52,10.95.125.1,identificationSkills,ArthropodIDGuide.pdf,
5663,2022-05-19,16:15:38,10.95.123.1,conductASurvey,paperDataSheet.pdf,
5664,2022-05-19,16:21:59,10.95.123.1,identificationSkills,ArthropodIDGuide.pdf,
5665,2022-05-19,16:27:15,10.95.123.1,identificationSkills,"Dichotomous Keys to Arthropod Orders.pdf",
5666,2022-05-19,17:55:46,10.95.123.1,identificationSkills/index.html,,
5667,2022-05-20,02:55:00,10.95.118.65,mapsAndGraphs,"Dynamically Generated Phenology CSV","Y-Axis: Percent of Surveys, Lines: Caterpillars at Beare Swamp in Rouge Park in 2019;"
5668,2022-05-20,02:56:12,10.95.118.65,mapsAndGraphs,"Dynamically Generated Map CSV","Comparison Metric: Percent of Surveys, Observation Method: All, Arthropod Group: Caterpillars, Minimum Length (mm): 0, Plant Species: All, Wet Leaves: true, Month Start: 1, Month End: 12, Year Start: 2002, YearEnd: 2022"
5669,2022-05-20,17:02:44,10.95.118.65,conductASurvey,paperDataSheet.pdf,
5670,2022-05-20,19:38:04,10.95.125.1,resources,TrainingParticipants.pdf,
5671,2022-05-20,19:39:55,10.95.125.1,resources,VisualSurveyTestBranch.pdf,
5672,2022-05-21,02:24:58,10.95.118.65,identificationSkills,ArthropodIDGuide.pdf,
5673,2022-05-21,13:04:53,10.95.123.1,conductASurvey,paperDataSheet.pdf,
5674,2022-05-21,13:51:44,10.95.125.1,identificationSkills/index.html,,
5675,2022-05-21,16:04:48,10.95.123.1,identificationSkills/index.html,,
5676,2022-05-23,04:02:06,10.95.118.65,identificationSkills/index.html,,
5677,2022-05-23,18:55:33,10.95.125.1,resources,Site_Setup.pdf,
5678,2022-05-23,19:27:30,10.95.125.1,resources,GettingStarted.pdf,
5679,2022-05-23,19:39:04,10.95.125.1,resources,TrainingParticipants.pdf,
5680,2022-05-23,21:01:01,10.95.123.1,resources,GettingStarted.pdf,
5681,2022-05-23,21:34:51,10.95.125.1,identificationSkills,"Dichotomous Keys to Arthropod Orders.pdf",
5682,2022-05-23,21:35:00,10.95.125.1,identificationSkills,ArthropodIDGuide.pdf,
5683,2022-05-24,00:55:08,10.95.118.65,dataDownload,"Dynamically Generated CSV","Site: 175, YearStart: 2019, YearEnd: 2021, Arthropod: All"
5684,2022-05-24,04:24:25,10.95.125.1,resources,VisualSurveyTestBranch.pdf,
5685,2022-05-24,10:13:00,10.95.125.1,identificationSkills/index.html,,
5686,2022-05-24,17:59:01,10.95.125.1,resources,"Building A Beat Sheet.pdf",
5687,2022-05-24,20:35:59,10.95.123.1,identificationSkills/index.html,,
5688,2022-05-24,20:37:50,10.95.123.1,identificationSkills/index.html,,
5689,2022-05-24,20:38:02,10.95.123.1,identificationSkills/index.html,,
5690,2022-05-25,16:31:27,10.95.123.1,resources,Site_Manager_Guide.pdf,
5691,2022-05-25,18:06:29,10.95.118.65,identificationSkills,ArthropodIDGuide.pdf,
5692,2022-05-25,19:52:15,10.95.123.1,identificationSkills/index.html,,
5693,2022-05-26,09:54:05,10.95.118.65,identificationSkills,ArthropodIDGuide.pdf,
5694,2022-05-26,19:42:48,10.95.125.1,identificationSkills,ArthropodIDGuide.pdf,
5695,2022-05-26,19:44:01,10.95.125.1,identificationSkills,"Dichotomous Keys to Arthropod Orders.pdf",
5696,2022-05-26,19:48:49,10.95.125.1,identificationSkills,ArthropodIDGuide.pdf,
5697,2022-05-26,22:36:51,10.95.118.65,mapsAndGraphs,"Dynamically Generated Composition CSV","X-Axis: plant species, Y-Axis: Percent of Surveys"
5698,2022-05-27,01:28:20,10.95.118.65,mapsAndGraphs,"Dynamically Generated Composition CSV","X-Axis: plant species, Y-Axis: Number Per Survey"
5699,2022-05-27,13:17:07,10.95.118.65,dataDownload,"Dynamically Generated CSV","Site: All, YearStart: 2002, YearEnd: 2022, Arthropod: All"
5700,2022-05-27,13:30:55,10.95.118.65,publications,"Di Cecco and Hurlbert 2022 book chapter.pdf",
5701,2022-05-27,15:38:43,10.95.125.1,identificationSkills,ArthropodIDGuide.pdf,
5702,2022-05-27,16:04:48,10.95.125.1,identificationSkills,"Dichotomous Keys to Arthropod Orders.pdf",
5703,2022-05-27,16:05:54,10.95.125.1,identificationSkills,ArthropodIDGuide.pdf,
5704,2022-05-27,16:06:07,10.95.125.1,identificationSkills,ArthropodIDGuide.pdf,
5705,2022-05-27,16:06:09,10.95.125.1,identificationSkills,"Dichotomous Keys to Arthropod Orders.pdf",
5706,2022-05-27,16:32:07,10.95.125.1,identificationSkills/index.html,,
5707,2022-05-27,18:27:55,10.95.125.1,identificationSkills/index.html,,
5708,2022-05-27,18:32:39,10.95.123.1,resources,Site_Setup.pdf,
5709,2022-05-27,18:33:03,10.95.123.1,resources,GettingStarted.pdf,
5710,2022-05-27,19:04:10,10.95.123.1,conductASurvey,paperDataSheet.pdf,
5711,2022-05-27,20:05:11,10.95.118.65,identificationSkills/index.html,,
5712,2022-05-29,16:27:39,10.95.125.1,identificationSkills/index.html,,
5713,2022-05-29,16:29:14,10.95.125.1,identificationSkills/index.html,,
5714,2022-05-29,16:33:37,10.95.125.1,identificationSkills/index.html,,
5715,2022-05-30,14:39:28,10.95.123.1,identificationSkills/index.html,,
5716,2022-05-30,14:40:06,10.95.123.1,identificationSkills/index.html,,
5717,2022-05-30,14:40:46,10.95.123.1,conductASurvey,paperDataSheet.pdf,
5718,2022-05-30,14:49:36,10.95.123.1,resources,Educator_Guide.pdf,
5719,2022-05-30,16:14:31,10.95.125.1,mapsAndGraphs,"Dynamically Generated Phenology CSV","Y-Axis: Percent of Surveys, Lines: Caterpillars at Brookbanks Park in 2021;"
5720,2022-05-30,21:56:34,10.95.123.1,identificationSkills,ArthropodIDGuide.pdf,
5721,2022-05-31,14:50:38,10.95.118.65,reports,"NC Botanical Garden_2018_report.pdf",
5722,2022-05-31,14:54:06,10.95.118.65,dataDownload,"Dynamically Generated CSV","Site: 78, YearStart: 2017, YearEnd: 2018, Arthropod: caterpillar"
5723,2022-05-31,21:03:16,10.95.118.65,identificationSkills/index.html,,
5724,2022-05-31,22:05:23,10.95.118.65,resources,TrainingParticipants.pdf,
5725,2022-06-01,07:58:20,10.95.125.1,conductASurvey,paperDataSheet.pdf,
5726,2022-06-01,19:44:22,10.95.123.1,resources,ManageMySurveysGuide.pdf,
5727,2022-06-01,19:47:21,10.95.123.1,dataDownload,"Dynamically Generated CSV","Site: 93, YearStart: 2022, YearEnd: 2022, Arthropod: All"
5728,2022-06-01,21:10:28,10.95.118.65,resources,"Data Exploration.pdf",
5729,2022-06-02,14:32:19,10.95.123.1,resources,Educator_Guide.pdf,
5730,2022-06-02,14:32:24,10.95.123.1,dataDownload,"Dynamically Generated CSV","Site: 182, YearStart: 2018, YearEnd: 2021, Arthropod: All"
5731,2022-06-02,15:03:57,10.95.123.1,identificationSkills,ArthropodIDGuide.pdf,
5732,2022-06-02,15:04:25,10.95.123.1,identificationSkills,"Dichotomous Keys to Arthropod Orders.pdf",
5733,2022-06-02,15:04:59,10.95.123.1,identificationSkills,ArthropodIDGuide.pdf,
5734,2022-06-03,06:45:37,10.95.118.65,conductASurvey,paperDataSheet.pdf,
5735,2022-06-03,12:59:03,10.95.123.1,resources,"Building A Beat Sheet.pdf",
5736,2022-06-03,13:44:20,10.95.118.65,mapsAndGraphs,"Dynamically Generated Composition CSV","X-Axis: site, Y-Axis: Percent of Arthropods, Sites Included: Long Branch Nature Center, Gulf Branch Nature Center"
5737,2022-06-03,14:13:27,10.95.118.65,conductASurvey,paperDataSheet.pdf,
5738,2022-06-04,01:23:47,10.95.123.1,identificationSkills/index.html,,
5739,2022-06-04,01:23:50,10.95.123.1,identificationSkills/index.html,,
5740,2022-06-04,01:26:40,10.95.123.1,conductASurvey,paperDataSheet.pdf,
5741,2022-06-04,01:44:31,10.95.123.1,conductASurvey,paperDataSheet.pdf,
5742,2022-06-04,17:06:05,10.95.125.1,publications,"Di Cecco and Hurlbert 2022 book chapter.pdf",
5743,2022-06-04,23:16:40,10.95.123.1,identificationSkills,"Dichotomous Keys to Arthropod Orders.pdf",
5744,2022-06-05,14:48:40,10.95.125.1,identificationSkills,ArthropodIDGuide.pdf,
5745,2022-06-05,14:48:51,10.95.125.1,identificationSkills,"Dichotomous Keys to Arthropod Orders.pdf",
5746,2022-06-06,15:02:44,10.95.118.65,identificationSkills,ArthropodIDGuide.pdf,
5747,2022-06-06,15:03:07,10.95.118.65,identificationSkills,ArthropodIDGuide.pdf,
5748,2022-06-06,18:20:15,10.95.125.1,resources,"Building A Beat Sheet.pdf",
5749,2022-06-06,18:22:22,10.95.125.1,resources,"Building A Beat Sheet.pdf",
5750,2022-06-06,19:35:55,10.95.125.1,identificationSkills,ArthropodIDGuide.pdf,
5751,2022-06-07,12:58:08,10.95.125.1,identificationSkills,ArthropodIDGuide.pdf,
5752,2022-06-07,19:22:36,10.95.118.65,identificationSkills/index.html,,
5753,2022-06-07,19:24:12,10.95.118.65,identificationSkills/index.html,,
5754,2022-06-07,19:24:19,10.95.118.65,identificationSkills/index.html,,
5755,2022-06-07,19:24:24,10.95.118.65,identificationSkills/index.html,,
5756,2022-06-07,19:25:30,10.95.118.65,identificationSkills/index.html,,
5757,2022-06-07,20:16:46,10.95.125.1,identificationSkills/index.html,,
5758,2022-06-08,19:26:45,10.95.123.1,conductASurvey,paperDataSheet.pdf,
5759,2022-06-09,20:29:27,10.95.125.1,identificationSkills,ArthropodIDGuide.pdf,
5760,2022-06-09,20:34:19,10.95.125.1,identificationSkills,ArthropodIDGuide.pdf,
5761,2022-06-09,21:11:10,10.95.118.65,resources,TrainingParticipants.pdf,
5762,2022-06-09,21:19:17,10.95.118.65,resources,MobileAppManual.pdf,
5763,2022-06-09,21:21:43,10.95.123.1,identificationSkills,ArthropodIDGuide.pdf,
5764,2022-06-09,21:22:21,10.95.123.1,identificationSkills,"Dichotomous Keys to Arthropod Orders.pdf",
5765,2022-06-09,22:03:20,10.95.123.1,conductASurvey,paperDataSheet.pdf,
5766,2022-06-09,23:37:50,10.95.123.1,conductASurvey,paperDataSheet.pdf,
5767,2022-06-10,11:43:09,10.95.118.65,identificationSkills,ArthropodIDGuide.pdf,
5768,2022-06-10,16:25:09,10.95.123.1,identificationSkills/index.html,,
5769,2022-06-10,20:57:58,10.95.118.65,identificationSkills/index.html,,
5770,2022-06-10,21:00:57,10.95.123.1,resources,paperDataSheet.pdf,
5771,2022-06-10,21:01:11,10.95.123.1,resources,"Building A Beat Sheet.pdf",
5772,2022-06-10,21:02:32,10.95.123.1,resources,MobileAppManual.pdf,
5773,2022-06-10,21:04:28,10.95.123.1,resources,VisualSurveyTestBranch.pdf,
5774,2022-06-10,21:06:07,10.95.123.1,resources,Site_Manager_Guide.pdf,
5775,2022-06-11,12:23:46,10.95.123.1,identificationSkills,"Dichotomous Keys to Arthropod Orders.pdf",
5776,2022-06-11,21:17:20,10.95.123.1,identificationSkills,ArthropodIDGuide.pdf,
5777,2022-06-12,15:15:46,10.95.123.1,resources,TrainingParticipants.pdf,
5778,2022-06-13,12:51:43,10.95.118.65,identificationSkills,ArthropodIDGuide.pdf,
5779,2022-06-13,12:55:11,10.95.118.65,identificationSkills,"Dichotomous Keys to Arthropod Orders.pdf",
5780,2022-06-13,14:15:56,10.95.118.65,resources,TrainingParticipants.pdf,
5781,2022-06-13,14:16:05,10.95.118.65,resources,Site_Manager_Guide.pdf,
5782,2022-06-13,14:17:49,10.95.118.65,resources,"Building A Beat Sheet.pdf",
5783,2022-06-13,15:22:19,10.95.118.65,resources,"Vernal Pool Ruggles 2007.pdf",
5784,2022-06-13,17:45:27,10.95.125.1,mapsAndGraphs,"Dynamically Generated Composition CSV","X-Axis: plant species, Y-Axis: Percent of Arthropods"
5785,2022-06-13,17:45:29,10.95.123.1,mapsAndGraphs,"Dynamically Generated Phenology CSV","Y-Axis: Percent of Surveys, Lines: Caterpillars at Brookbanks Park in 2022;"
5786,2022-06-13,19:26:46,10.95.118.65,mapsAndGraphs,"Dynamically Generated Composition CSV","X-Axis: site, Y-Axis: Percent of Arthropods, Sites Included: Appalachian State University"
5787,2022-06-13,23:18:27,10.95.125.1,conductASurvey,paperDataSheet.pdf,
