ID,ArthropodSightingFK,OriginalGroup,Rank,TaxonName,StandardGroup,BeetleLarvaUpdated,SawflyUpdated,Agreement,RunnerUpAgreement,INaturalistObservationURL,LastUpdated
1,73286,fly,family,Tipulidae,fly,0,0,2,0,https://www.inaturalist.org/observations/32532750,"2022-06-13 08:57:07"
2,73284,ant,family,Formicidae,ant,0,0,2,0,https://www.inaturalist.org/observations/32532555,"2022-06-13 08:57:07"
3,73283,ant,genus,Formica,ant,0,0,3,0,https://www.inaturalist.org/observations/32532373,"2022-06-13 08:57:07"
4,73274,beetle,species,"Harmonia axyridis",beetle,0,0,3,0,https://www.inaturalist.org/observations/32531996,"2022-06-13 08:57:07"
5,73269,truebugs,genus,Acanthocephala,truebugs,0,0,2,0,https://www.inaturalist.org/observations/32531431,"2022-06-13 08:57:07"
6,73263,beetle,species,"Ellychnia corrusca",beetle,0,0,2,0,https://www.inaturalist.org/observations/32529470,"2022-06-13 08:57:07"
7,73112,fly,family,Chrysopidae,Neuroptera,0,0,3,1,https://www.inaturalist.org/observations/32172150,"2022-06-13 08:57:07"
8,73083,caterpillar,species,"Nadata gibbosa",caterpillar,0,0,3,0,https://www.inaturalist.org/observations/32108372,"2022-06-13 08:57:07"
9,73080,beetle,species,"Harmonia axyridis",beetle,1,0,4,0,https://www.inaturalist.org/observations/32107964,"2022-06-13 08:57:07"
10,73079,ant,genus,Formica,ant,0,0,3,0,https://www.inaturalist.org/observations/32107856,"2022-06-13 08:57:07"
11,73078,beetle,species,"Harmonia axyridis",beetle,0,0,3,0,https://www.inaturalist.org/observations/32107366,"2022-06-13 08:57:07"
12,73076,bee,species,"Vespula vidua",bee,0,0,4,0,https://www.inaturalist.org/observations/32107214,"2022-06-13 08:57:07"
13,73074,leafhopper,species,"Rugosana querci",leafhopper,0,0,3,0,https://www.inaturalist.org/observations/32105997,"2022-06-13 08:57:07"
14,73072,ant,species,"Camponotus pennsylvanicus",ant,0,0,3,0,https://www.inaturalist.org/observations/32105694,"2022-06-13 08:57:07"
15,73067,leafhopper,species,"Jikradia olitoria",leafhopper,0,0,3,0,https://www.inaturalist.org/observations/32100284,"2022-06-13 08:57:07"
16,73060,caterpillar,species,"Halysidota tessellaris",caterpillar,0,0,3,0,https://www.inaturalist.org/observations/32078394,"2022-06-13 08:57:07"
17,73066,leafhopper,family,Chrysopidae,Neuroptera,0,0,3,1,https://www.inaturalist.org/observations/32077799,"2022-06-13 08:57:07"
18,73041,leafhopper,species,"Ormenoides venusta",leafhopper,0,0,2,0,https://www.inaturalist.org/observations/32066393,"2022-06-13 08:57:07"
19,73062,leafhopper,species,"Jikradia olitoria",leafhopper,0,0,3,0,https://www.inaturalist.org/observations/32065141,"2022-06-13 08:57:07"
20,73011,spider,species,"Lyssomanes viridis",spider,0,0,3,0,https://www.inaturalist.org/observations/32062786,"2022-06-13 09:00:07"
21,73007,caterpillar,genus,Hemaris,caterpillar,0,0,2,0,https://www.inaturalist.org/observations/32062368,"2022-06-13 09:00:07"
22,73068,leafhopper,species,"Ormenoides venusta",leafhopper,0,0,3,0,https://www.inaturalist.org/observations/32059035,"2022-06-13 09:00:07"
23,73050,grasshopper,species,"Phyllopalpus pulchellus",grasshopper,0,0,3,0,https://www.inaturalist.org/observations/32057874,"2022-06-13 09:00:07"
24,72951,caterpillar,species,"Lithacodes fasciola",caterpillar,0,0,3,0,https://www.inaturalist.org/observations/31988450,"2022-06-13 09:00:07"
25,72942,caterpillar,species,"Hyphantria cunea",caterpillar,0,0,3,0,https://www.inaturalist.org/observations/31986005,"2022-06-13 09:00:07"
26,72923,caterpillar,family,Limacodidae,caterpillar,0,0,2,0,https://www.inaturalist.org/observations/31883477,"2022-06-13 09:00:07"
27,72920,spider,family,Anyphaenidae,spider,0,0,2,0,https://www.inaturalist.org/observations/31790674,"2022-06-13 09:00:07"
28,72914,leafhopper,order,Lepidoptera,moths,0,0,4,1,https://www.inaturalist.org/observations/31790153,"2022-06-13 09:00:07"
29,72874,spider,superfamily,Thomisoidea,spider,0,0,2,0,https://www.inaturalist.org/observations/31676462,"2022-06-13 09:00:07"
30,72848,caterpillar,species,"Cecrita biundata",caterpillar,0,0,3,0,https://www.inaturalist.org/observations/31634045,"2022-06-13 09:00:07"
31,72828,caterpillar,order,Lepidoptera,caterpillar,0,0,2,0,https://www.inaturalist.org/observations/31613928,"2022-06-13 09:00:07"
32,72783,beetle,species,"Harmonia axyridis",beetle,0,0,4,0,https://www.inaturalist.org/observations/31573743,"2022-06-13 09:00:07"
33,72780,caterpillar,species,"Orgyia definita",caterpillar,0,0,3,0,https://www.inaturalist.org/observations/31573315,"2022-06-13 09:00:07"
34,72705,moths,species,"Parrhasius m-album",moths,0,0,3,0,https://www.inaturalist.org/observations/31458529,"2022-06-13 09:00:07"
35,72810,caterpillar,family,Lycaenidae,caterpillar,0,0,2,0,https://www.inaturalist.org/observations/31458476,"2022-06-13 09:00:07"
36,72800,caterpillar,species,"Halysidota tessellaris",caterpillar,0,0,3,0,https://www.inaturalist.org/observations/31458362,"2022-06-13 09:00:07"
37,72683,fly,family,Tephritidae,fly,0,0,5,0,https://www.inaturalist.org/observations/31458144,"2022-06-13 09:00:07"
38,72561,beetle,species,"Harmonia axyridis",beetle,1,0,3,0,https://www.inaturalist.org/observations/31456981,"2022-06-13 09:03:07"
39,72555,leafhopper,species,"Jikradia olitoria",leafhopper,0,0,3,0,https://www.inaturalist.org/observations/31456624,"2022-06-13 09:03:07"
40,72554,beetle,species,"Harmonia axyridis",beetle,0,0,5,0,https://www.inaturalist.org/observations/31456543,"2022-06-13 09:03:07"
41,72543,leafhopper,species,"Metcalfa pruinosa",leafhopper,0,0,4,0,https://www.inaturalist.org/observations/31456100,"2022-06-13 09:03:07"
42,72535,leafhopper,species,"Jikradia olitoria",leafhopper,0,0,3,0,https://www.inaturalist.org/observations/31455430,"2022-06-13 09:03:07"
43,72518,caterpillar,species,"Nadata gibbosa",caterpillar,0,0,3,0,https://www.inaturalist.org/observations/31454929,"2022-06-13 09:03:07"
44,72492,spider,family,Salticidae,spider,0,0,3,0,https://www.inaturalist.org/observations/31454474,"2022-06-13 09:03:07"
45,72477,truebugs,family,Elateridae,beetle,0,0,3,1,https://www.inaturalist.org/observations/31454292,"2022-06-13 09:03:07"
46,72476,truebugs,species,"Oedancala dorsalis",truebugs,0,0,3,0,https://www.inaturalist.org/observations/31454151,"2022-06-13 09:03:07"
47,72466,spider,genus,Eris,spider,0,0,3,0,https://www.inaturalist.org/observations/31453714,"2022-06-13 09:03:07"
48,72464,spider,family,Salticidae,spider,0,0,3,0,https://www.inaturalist.org/observations/31453477,"2022-06-13 09:03:07"
49,72463,spider,genus,Eris,spider,0,0,3,0,https://www.inaturalist.org/observations/31453399,"2022-06-13 09:03:07"
50,72462,spider,genus,Eris,spider,0,0,3,0,https://www.inaturalist.org/observations/31453340,"2022-06-13 09:06:07"
51,72461,spider,family,Thomisidae,spider,0,0,3,0,https://www.inaturalist.org/observations/31453229,"2022-06-13 09:06:07"
52,72459,spider,genus,Colonus,spider,0,0,3,0,https://www.inaturalist.org/observations/31453160,"2022-06-13 09:06:07"
53,74560,caterpillar,family,Gelechiidae,caterpillar,0,0,2,0,https://www.inaturalist.org/observations/36481786,"2022-06-13 08:48:06"
54,74542,spider,species,"Lyssomanes viridis",spider,0,0,4,0,https://www.inaturalist.org/observations/36479949,"2022-06-13 08:48:06"
56,74434,moths,species,"Phoebis sennae",moths,0,0,4,0,https://www.inaturalist.org/observations/35593669,"2022-06-13 08:48:06"
57,74361,truebugs,species,"Acanthocephala declivis",truebugs,0,0,3,0,https://www.inaturalist.org/observations/34796912,"2022-06-13 08:48:06"
58,74337,beetle,species,"Harmonia axyridis",beetle,0,0,4,0,https://www.inaturalist.org/observations/34754275,"2022-06-13 08:48:06"
59,74318,bee,species,"Vespula maculifrons",bee,0,0,4,0,https://www.inaturalist.org/observations/34511993,"2022-06-13 08:48:06"
60,74310,ant,complex,"Formica pallidefulva",ant,0,0,4,0,https://www.inaturalist.org/observations/34508136,"2022-06-13 08:48:06"
61,74307,ant,family,Formicidae,ant,0,0,2,0,https://www.inaturalist.org/observations/34507709,"2022-06-13 08:48:06"
62,74306,grasshopper,species,"Leptysma marginicollis",grasshopper,0,0,3,0,https://www.inaturalist.org/observations/34426607,"2022-06-13 08:48:06"
63,74271,truebugs,species,"Acanthocephala declivis",truebugs,0,0,3,0,https://www.inaturalist.org/observations/34211881,"2022-06-13 08:48:06"
64,74197,caterpillar,superfamily,Tortricoidea,caterpillar,0,0,2,0,https://www.inaturalist.org/observations/33993314,"2022-06-13 08:48:06"
65,74196,grasshopper,family,Berytidae,truebugs,0,0,3,1,https://www.inaturalist.org/observations/33992925,"2022-06-13 08:48:06"
66,74172,other,subspecies,"Terrapene carolina carolina",Testudines,0,0,3,0,https://www.inaturalist.org/observations/33810594,"2020-08-10 01:54:17"
67,74098,beetle,family,Coccinellidae,beetle,0,0,2,0,https://www.inaturalist.org/observations/33770675,"2022-06-13 08:48:06"
68,74067,ant,genus,Formica,ant,0,0,3,0,https://www.inaturalist.org/observations/33753719,"2022-06-13 08:48:06"
69,74096,beetle,species,"Coleomegilla maculata",beetle,0,0,3,0,https://www.inaturalist.org/observations/33753608,"2022-06-13 08:48:06"
70,74058,beetle,species,"Harmonia axyridis",beetle,0,0,3,0,https://www.inaturalist.org/observations/33722592,"2022-06-13 08:48:06"
71,74023,beetle,tribe,Melanotini,beetle,0,0,2,0,https://www.inaturalist.org/observations/33703579,"2022-06-13 08:51:07"
72,73949,caterpillar,species,"Halysidota tessellaris",caterpillar,0,0,3,0,https://www.inaturalist.org/observations/33663770,"2022-06-13 08:51:07"
73,73862,spider,genus,Cheiracanthium,spider,0,0,2,0,https://www.inaturalist.org/observations/33394559,"2022-06-13 08:51:07"
74,73839,spider,family,Dictynidae,spider,0,0,2,0,https://www.inaturalist.org/observations/33376234,"2022-06-13 08:51:07"
75,73838,beetle,species,"Coleomegilla maculata",beetle,0,0,3,0,https://www.inaturalist.org/observations/33376112,"2022-06-13 08:51:07"
76,73837,leafhopper,species,"Acanalonia conica",leafhopper,0,0,3,0,https://www.inaturalist.org/observations/33375969,"2022-06-13 08:51:07"
77,73831,beetle,species,"Harmonia axyridis",beetle,0,0,3,0,https://www.inaturalist.org/observations/33375673,"2022-06-13 08:51:07"
78,73827,ant,genus,Camponotus,ant,0,0,4,0,https://www.inaturalist.org/observations/33374884,"2022-06-13 08:51:07"
79,73826,beetle,species,"Harmonia axyridis",beetle,0,0,3,0,https://www.inaturalist.org/observations/33374688,"2022-06-13 08:51:07"
80,73825,beetle,species,"Harmonia axyridis",beetle,1,0,3,0,https://www.inaturalist.org/observations/33374468,"2022-06-13 08:51:07"
81,73823,ant,species,"Camponotus pennsylvanicus",ant,0,0,4,0,https://www.inaturalist.org/observations/33374034,"2022-06-13 08:51:07"
82,73821,beetle,species,"Ellychnia corrusca",beetle,0,0,2,0,https://www.inaturalist.org/observations/33373543,"2022-06-13 08:51:07"
83,73814,beetle,species,"Ellychnia corrusca",beetle,0,0,2,0,https://www.inaturalist.org/observations/33372123,"2022-06-13 08:51:07"
84,73747,grasshopper,family,Berytidae,truebugs,0,0,3,1,https://www.inaturalist.org/observations/33328178,"2022-06-13 08:51:07"
85,73517,beetle,species,"Harmonia axyridis",beetle,1,0,4,0,https://www.inaturalist.org/observations/32914848,"2022-06-13 08:51:07"
86,73516,caterpillar,species,"Harmonia axyridis",beetle,1,0,6,1,https://www.inaturalist.org/observations/32914719,"2022-06-13 08:51:07"
87,73514,caterpillar,species,"Halysidota tessellaris",caterpillar,0,0,3,0,https://www.inaturalist.org/observations/32914245,"2022-06-13 08:51:07"
88,73513,leafhopper,species,"Acanalonia conica",leafhopper,0,0,3,0,https://www.inaturalist.org/observations/32907266,"2022-06-13 08:54:06"
89,73511,fly,family,Chironomidae,fly,0,0,2,0,https://www.inaturalist.org/observations/32906169,"2022-06-13 08:54:06"
90,73510,other,genus,Triaenodes,Trichoptera,0,0,2,0,https://www.inaturalist.org/observations/32906002,"2022-06-13 08:54:06"
91,73492,ant,species,"Camponotus pennsylvanicus",ant,0,0,4,0,https://www.inaturalist.org/observations/32905079,"2022-06-13 08:54:06"
92,73491,ant,species,"Camponotus pennsylvanicus",ant,0,0,3,0,https://www.inaturalist.org/observations/32904653,"2022-06-13 08:54:06"
93,73488,caterpillar,family,Gelechiidae,caterpillar,0,0,2,0,https://www.inaturalist.org/observations/32904020,"2022-06-13 08:54:06"
94,73486,beetle,genus,Ellychnia,beetle,0,0,3,0,https://www.inaturalist.org/observations/32903859,"2022-06-13 08:54:06"
95,73466,truebugs,family,Pentatomidae,truebugs,0,0,2,0,https://www.inaturalist.org/observations/32894344,"2022-06-13 08:54:06"
96,73462,truebugs,family,Reduviidae,truebugs,0,0,2,0,https://www.inaturalist.org/observations/32893588,"2022-06-13 08:54:06"
97,73521,beetle,order,Hemiptera,truebugs,0,0,3,1,https://www.inaturalist.org/observations/32891626,"2022-06-13 08:54:06"
98,73520,beetle,genus,Ellychnia,beetle,0,0,3,0,https://www.inaturalist.org/observations/32891467,"2022-06-13 08:54:06"
99,73523,leafhopper,species,"Metcalfa pruinosa",leafhopper,0,0,3,0,https://www.inaturalist.org/observations/32891347,"2022-06-13 08:54:06"
100,73524,spider,species,"Pelegrina proterva",spider,0,0,4,0,https://www.inaturalist.org/observations/32891215,"2022-06-13 08:54:06"
101,73447,ant,species,"Camponotus pennsylvanicus",ant,0,0,3,0,https://www.inaturalist.org/observations/32889901,"2022-06-13 08:54:06"
102,73393,aphid,family,Aphididae,aphid,0,0,2,0,https://www.inaturalist.org/observations/32835255,"2022-06-13 08:54:06"
103,73392,beetle,suborder,Heteroptera,truebugs,0,0,3,1,https://www.inaturalist.org/observations/32835053,"2022-06-13 08:54:06"
104,73391,beetle,species,"Harmonia axyridis",beetle,1,0,3,0,https://www.inaturalist.org/observations/32834921,"2022-06-13 08:54:06"
105,73358,fly,zoosubsection,Calyptratae,fly,0,0,2,0,https://www.inaturalist.org/observations/32636910,"2022-06-13 08:57:07"
106,73309,spider,genus,Cheiracanthium,spider,0,0,3,0,https://www.inaturalist.org/observations/32551472,"2022-06-13 08:57:07"
107,73308,spider,genus,Tetragnatha,spider,0,0,3,0,https://www.inaturalist.org/observations/32551208,"2022-06-13 08:57:07"
108,72396,beetle,genus,Chinavia,truebugs,0,0,5,1,https://www.inaturalist.org/observations/30898016,"2022-06-13 09:06:07"
109,72374,other,species,"Zelus luridus",truebugs,0,0,2,0,https://www.inaturalist.org/observations/30896336,"2022-06-13 09:06:07"
110,72367,leafhopper,species,"Jikradia olitoria",leafhopper,0,0,3,0,https://www.inaturalist.org/observations/30887946,"2022-06-13 09:06:07"
111,72341,leafhopper,genus,Omolicna,leafhopper,0,0,2,0,https://www.inaturalist.org/observations/30876285,"2022-06-13 09:06:07"
112,72333,spider,species,"Synema parvulum",spider,0,0,4,0,https://www.inaturalist.org/observations/30832720,"2022-06-13 09:06:07"
113,72329,ant,genus,Crematogaster,ant,0,0,3,0,https://www.inaturalist.org/observations/30832178,"2022-06-13 09:06:07"
114,72328,spider,species,"Lyssomanes viridis",spider,0,0,4,0,https://www.inaturalist.org/observations/30831964,"2022-06-13 09:06:07"
115,72323,spider,species,"Leucauge venusta",spider,0,0,3,0,https://www.inaturalist.org/observations/30831379,"2022-06-13 09:06:07"
116,72322,spider,genus,Tetragnatha,spider,0,0,3,0,https://www.inaturalist.org/observations/30831234,"2022-06-13 09:06:07"
117,72305,caterpillar,species,"Automeris io",caterpillar,0,0,3,0,https://www.inaturalist.org/observations/30810922,"2022-06-13 09:06:07"
118,72301,spider,order,Araneae,spider,0,0,2,0,https://www.inaturalist.org/observations/30810487,"2022-06-13 09:06:07"
119,72279,caterpillar,family,Geometridae,caterpillar,0,0,2,0,https://www.inaturalist.org/observations/30757207,"2022-06-13 09:06:07"
120,72221,spider,superfamily,Thomisoidea,spider,0,0,2,0,https://www.inaturalist.org/observations/30714463,"2022-06-13 09:09:06"
121,72219,caterpillar,suborder,Symphyta,bee,0,1,3,1,https://www.inaturalist.org/observations/30714319,"2022-06-13 09:09:06"
122,72207,spider,genus,Pelegrina,spider,0,0,3,0,https://www.inaturalist.org/observations/30701725,"2022-06-13 09:09:06"
123,72160,caterpillar,family,Geometridae,caterpillar,0,0,2,0,https://www.inaturalist.org/observations/30649964,"2022-06-13 09:09:06"
124,72151,unidentified,species,"Halyomorpha halys",truebugs,0,0,2,0,https://www.inaturalist.org/observations/30616059,"2022-06-13 09:09:06"
125,72129,caterpillar,species,"Hyphantria cunea",caterpillar,0,0,2,0,https://www.inaturalist.org/observations/30544251,"2022-06-13 09:09:06"
126,72074,unidentified,species,"Zelus luridus",truebugs,0,0,2,0,https://www.inaturalist.org/observations/30501920,"2022-06-13 09:09:06"
127,72068,unidentified,species,"Harmonia axyridis",beetle,1,0,3,0,https://www.inaturalist.org/observations/30501531,"2022-06-13 09:09:06"
128,72057,beetle,species,"Popillia japonica",beetle,0,0,3,0,https://www.inaturalist.org/observations/30501221,"2022-06-13 09:09:06"
129,72033,caterpillar,family,Geometridae,caterpillar,0,0,2,0,https://www.inaturalist.org/observations/30492870,"2022-06-13 09:09:06"
130,72000,unidentified,order,Araneae,spider,0,0,1,0,https://www.inaturalist.org/observations/30386714,"2022-06-13 09:09:06"
131,71957,caterpillar,species,"Automeris io",caterpillar,0,0,3,0,https://www.inaturalist.org/observations/30381866,"2022-06-13 09:09:06"
132,71855,leafhopper,species,"Ormenoides venusta",leafhopper,0,0,3,0,https://www.inaturalist.org/observations/30321582,"2022-06-13 09:09:06"
133,71852,leafhopper,species,"Acanalonia conica",leafhopper,0,0,3,0,https://www.inaturalist.org/observations/30321092,"2022-06-13 09:09:06"
134,71825,fly,species,"Chrysops vittatus",fly,0,0,2,0,https://www.inaturalist.org/observations/30308085,"2022-06-13 09:12:06"
135,71808,spider,genus,Hentzia,spider,0,0,3,0,https://www.inaturalist.org/observations/30264858,"2022-06-13 09:12:06"
136,71721,caterpillar,family,Geometridae,caterpillar,0,0,2,0,https://www.inaturalist.org/observations/30203523,"2022-06-13 09:12:06"
137,71720,unidentified,species,"Oecanthus niveus",grasshopper,0,0,2,0,https://www.inaturalist.org/observations/30203300,"2022-06-13 09:12:06"
138,71709,truebugs,species,"Chinavia hilaris",truebugs,0,0,4,0,https://www.inaturalist.org/observations/30099077,"2022-06-13 09:12:06"
139,71708,truebugs,species,"Chinavia hilaris",truebugs,0,0,4,0,https://www.inaturalist.org/observations/30098945,"2022-06-13 09:12:06"
140,71706,beetle,species,"Exomala orientalis",beetle,0,0,3,0,https://www.inaturalist.org/observations/30098159,"2022-06-13 09:12:06"
141,71628,spider,family,Araneidae,spider,0,0,2,0,https://www.inaturalist.org/observations/30047365,"2022-06-13 09:12:06"
142,71493,caterpillar,family,Geometridae,caterpillar,0,0,2,0,https://www.inaturalist.org/observations/30006398,"2022-06-13 09:12:06"
143,71406,unidentified,tribe,Gyponini,leafhopper,0,0,2,0,https://www.inaturalist.org/observations/29993187,"2022-06-13 09:12:06"
144,71404,caterpillar,species,"Misogada unicolor",caterpillar,0,0,3,0,https://www.inaturalist.org/observations/29993006,"2022-06-13 09:12:06"
145,71403,caterpillar,family,Geometridae,caterpillar,0,0,2,0,https://www.inaturalist.org/observations/29992841,"2022-06-13 09:12:06"
146,71356,other,order,Psocodea,Psocodea,0,0,1,0,https://www.inaturalist.org/observations/29990905,"2022-06-13 09:12:06"
147,71297,unidentified,order,Lepidoptera,moths,0,0,1,0,https://www.inaturalist.org/observations/29926908,"2022-06-13 09:15:06"
148,71286,spider,family,Thomisidae,spider,0,0,2,0,https://www.inaturalist.org/observations/29926538,"2022-06-13 09:15:06"
149,71283,spider,family,Salticidae,spider,0,0,2,0,https://www.inaturalist.org/observations/29926280,"2022-06-13 09:15:06"
150,71282,beetle,order,Hemiptera,truebugs,0,0,2,1,https://www.inaturalist.org/observations/29926049,"2022-06-13 09:15:06"
151,71281,beetle,species,"Popillia japonica",beetle,0,0,3,0,https://www.inaturalist.org/observations/29925600,"2022-06-13 09:15:06"
152,71277,beetle,superfamily,Pentatomoidea,truebugs,0,0,3,1,https://www.inaturalist.org/observations/29925156,"2022-06-13 09:15:06"
153,71276,beetle,genus,Oecanthus,grasshopper,0,0,5,0,https://www.inaturalist.org/observations/29924798,"2022-06-13 09:15:06"
154,71264,beetle,family,Reduviidae,truebugs,0,0,3,1,https://www.inaturalist.org/observations/29923196,"2022-06-13 09:15:06"
155,71255,grasshopper,superfamily,Cercopoidea,leafhopper,0,0,4,1,https://www.inaturalist.org/observations/29922659,"2022-06-13 09:15:06"
156,71252,grasshopper,superfamily,Cercopoidea,leafhopper,0,0,4,1,https://www.inaturalist.org/observations/29922481,"2022-06-13 09:15:06"
157,71243,beetle,suborder,Heteroptera,truebugs,0,0,3,1,https://www.inaturalist.org/observations/29922090,"2022-06-13 09:15:06"
158,71190,other,order,Hymenoptera,bee,0,0,1,0,https://www.inaturalist.org/observations/29918638,"2021-10-04 07:24:08"
159,71166,grasshopper,species,"Zelus luridus",truebugs,0,0,3,1,https://www.inaturalist.org/observations/29917036,"2022-06-13 09:15:06"
160,71119,caterpillar,family,Geometridae,caterpillar,0,0,2,0,https://www.inaturalist.org/observations/29911534,"2022-06-13 09:15:06"
161,71117,fly,species,"Condylostylus patibulatus",fly,0,0,4,0,https://www.inaturalist.org/observations/29911455,"2022-06-13 09:15:06"
162,71116,fly,order,Psocodea,Psocodea,0,0,3,1,https://www.inaturalist.org/observations/29911358,"2022-06-13 09:15:06"
163,71093,caterpillar,suborder,Symphyta,bee,0,1,3,1,https://www.inaturalist.org/observations/29852955,"2022-06-13 09:18:06"
164,71094,spider,species,"Frontinella pyramitela",spider,0,0,2,0,https://www.inaturalist.org/observations/29852681,"2022-06-13 09:18:06"
165,71030,unidentified,genus,Acanalonia,leafhopper,0,0,1,0,https://www.inaturalist.org/observations/29808285,"2022-06-13 09:18:06"
166,70926,caterpillar,species,"Halysidota tessellaris",caterpillar,0,0,3,0,https://www.inaturalist.org/observations/29657874,"2022-06-13 09:18:06"
167,70831,caterpillar,species,"Acronicta americana",caterpillar,0,0,4,0,https://www.inaturalist.org/observations/29589738,"2022-06-13 09:18:06"
168,70823,bee,genus,Macremphytus,bee,0,1,2,1,https://www.inaturalist.org/observations/29588984,"2022-06-13 09:18:06"
169,70813,unidentified,family,Bucculatricidae,moths,0,0,1,0,https://www.inaturalist.org/observations/29588821,"2022-06-13 09:18:06"
170,70807,caterpillar,genus,Zale,caterpillar,0,0,2,0,https://www.inaturalist.org/observations/29588429,"2022-06-13 09:18:06"
171,70721,caterpillar,superfamily,Papilionoidea,caterpillar,0,0,4,0,https://www.inaturalist.org/observations/29573920,"2022-06-13 09:18:06"
172,70712,caterpillar,species,"Schizura ipomaeae",caterpillar,0,0,3,0,https://www.inaturalist.org/observations/29573630,"2022-06-13 09:18:06"
173,70674,fly,genus,Sarcophaga,fly,0,0,2,0,https://www.inaturalist.org/observations/29572759,"2022-06-13 09:18:06"
174,70656,caterpillar,species,"Acronicta retardata",caterpillar,0,0,3,0,https://www.inaturalist.org/observations/29572527,"2022-06-13 09:18:06"
175,70634,caterpillar,genus,Paectes,caterpillar,0,0,2,0,https://www.inaturalist.org/observations/29571641,"2022-06-13 09:18:06"
176,70610,caterpillar,species,"Hyphantria cunea",caterpillar,0,0,2,0,https://www.inaturalist.org/observations/29571197,"2022-06-13 09:18:06"
177,70470,caterpillar,genus,Acronicta,caterpillar,0,0,2,0,https://www.inaturalist.org/observations/29515438,"2022-06-13 09:18:06"
178,70456,leafhopper,species,"Metcalfa pruinosa",leafhopper,0,0,3,0,https://www.inaturalist.org/observations/29512503,"2022-06-13 09:18:06"
179,70454,moths,species,"Psyche casta",moths,0,0,2,0,https://www.inaturalist.org/observations/29512292,"2022-06-13 09:18:06"
180,70452,leafhopper,species,"Metcalfa pruinosa",leafhopper,0,0,2,0,https://www.inaturalist.org/observations/29511971,"2022-06-13 09:21:07"
181,70450,bee,species,"Augochlora pura",bee,0,0,4,0,https://www.inaturalist.org/observations/29511806,"2022-06-13 09:21:07"
182,70442,fly,genus,Sarcophaga,fly,0,0,2,0,https://www.inaturalist.org/observations/29511174,"2022-06-13 09:21:07"
183,70420,caterpillar,superfamily,Tortricoidea,caterpillar,0,0,2,0,https://www.inaturalist.org/observations/29508033,"2022-06-13 09:21:07"
184,70417,truebugs,species,"Chinavia hilaris",truebugs,0,0,4,0,https://www.inaturalist.org/observations/29507880,"2022-06-13 09:21:07"
185,70407,caterpillar,species,"Halysidota tessellaris",caterpillar,0,0,3,0,https://www.inaturalist.org/observations/29507222,"2022-06-13 09:21:07"
186,70379,caterpillar,genus,Peridea,caterpillar,0,0,2,0,https://www.inaturalist.org/observations/29505054,"2022-06-13 09:21:07"
187,70345,caterpillar,subfamily,Erebinae,caterpillar,0,0,2,0,https://www.inaturalist.org/observations/29479417,"2022-06-13 09:21:07"
188,70324,unidentified,tribe,Gyponini,leafhopper,0,0,2,0,https://www.inaturalist.org/observations/29468066,"2022-06-13 09:21:07"
189,70323,leafhopper,tribe,Nephesini,leafhopper,0,0,3,0,https://www.inaturalist.org/observations/29467943,"2022-06-13 09:21:07"
190,70292,spider,genus,Misumena,spider,0,0,2,0,https://www.inaturalist.org/observations/29465238,"2022-06-13 09:21:07"
191,70269,spider,genus,Micrathena,spider,0,0,6,0,https://www.inaturalist.org/observations/29464803,"2022-06-13 09:21:07"
192,70255,spider,family,Salticidae,spider,0,0,2,0,https://www.inaturalist.org/observations/29464470,"2022-06-13 09:21:07"
193,70229,unidentified,order,Hemiptera,truebugs,0,0,1,0,https://www.inaturalist.org/observations/29463496,"2022-06-13 09:21:07"
194,70221,grasshopper,species,"Hapithus saltator",grasshopper,0,0,2,0,https://www.inaturalist.org/observations/29463090,"2022-06-13 09:21:07"
195,70218,unidentified,family,Flatidae,leafhopper,0,0,2,0,https://www.inaturalist.org/observations/29462830,"2022-06-13 09:21:07"
196,70123,grasshopper,species,"Meconema thalassinum",grasshopper,0,0,3,0,https://www.inaturalist.org/observations/29451901,"2022-06-13 09:21:07"
197,70119,beetle,order,Hemiptera,truebugs,0,0,3,1,https://www.inaturalist.org/observations/29451100,"2022-06-13 09:21:07"
198,70090,spider,family,Theridiidae,spider,0,0,2,0,https://www.inaturalist.org/observations/29443623,"2022-06-13 09:24:07"
199,70047,unidentified,species,"Porcellio scaber",Isopoda,0,0,4,0,https://www.inaturalist.org/observations/29440541,"2022-06-13 09:24:07"
200,70032,unidentified,order,Blattodea,Blattodea,0,0,1,0,https://www.inaturalist.org/observations/29440188,"2022-06-13 09:24:07"
201,69967,caterpillar,family,Geometridae,caterpillar,0,0,2,0,https://www.inaturalist.org/observations/29400850,"2022-06-13 09:24:07"
202,69947,caterpillar,tribe,Panopodini,caterpillar,0,0,2,0,https://www.inaturalist.org/observations/29381955,"2022-06-13 09:24:07"
203,69946,caterpillar,family,Geometridae,caterpillar,0,0,2,0,https://www.inaturalist.org/observations/29381696,"2022-06-13 09:24:07"
204,69928,caterpillar,species,"Acronicta retardata",caterpillar,0,0,2,0,https://www.inaturalist.org/observations/29381152,"2022-06-13 09:24:07"
205,69927,caterpillar,species,"Hyphantria cunea",caterpillar,0,0,2,0,https://www.inaturalist.org/observations/29380794,"2022-06-13 09:24:07"
206,69874,spider,genus,Colonus,spider,0,0,3,0,https://www.inaturalist.org/observations/29378939,"2022-06-13 09:24:07"
207,69870,caterpillar,species,"Hypsoropha hormos",caterpillar,0,0,2,0,https://www.inaturalist.org/observations/29378799,"2022-06-13 09:24:07"
208,69857,caterpillar,species,"Acronicta retardata",caterpillar,0,0,3,0,https://www.inaturalist.org/observations/29378518,"2022-06-13 09:24:07"
209,69849,truebugs,genus,Pselliopus,truebugs,0,0,2,0,https://www.inaturalist.org/observations/29378165,"2022-06-13 09:24:07"
210,69843,caterpillar,species,"Hyphantria cunea",caterpillar,0,0,2,0,https://www.inaturalist.org/observations/29377803,"2022-06-13 09:24:07"
211,69827,truebugs,species,"Brochymena quadripustulata",truebugs,0,0,2,0,https://www.inaturalist.org/observations/29376929,"2022-06-13 09:24:07"
212,69722,caterpillar,family,Geometridae,caterpillar,0,0,2,0,https://www.inaturalist.org/observations/29315423,"2022-06-13 09:24:07"
213,69700,caterpillar,family,Geometridae,caterpillar,0,0,2,0,https://www.inaturalist.org/observations/29314072,"2022-06-13 09:24:07"
214,69648,caterpillar,species,"Euclea delphinii",caterpillar,0,0,4,0,https://www.inaturalist.org/observations/29285407,"2022-06-13 09:24:07"
215,69632,caterpillar,species,"Oreta rosea",caterpillar,0,0,3,0,https://www.inaturalist.org/observations/29282319,"2022-06-13 09:24:07"
216,69521,beetle,species,"Chinavia hilaris",truebugs,0,0,4,1,https://www.inaturalist.org/observations/29159197,"2022-06-13 09:24:07"
217,69457,leafhopper,species,"Metcalfa pruinosa",leafhopper,0,0,3,0,https://www.inaturalist.org/observations/29158594,"2022-06-13 09:27:06"
218,69448,caterpillar,family,Geometridae,caterpillar,0,0,2,0,https://www.inaturalist.org/observations/29158415,"2022-06-13 09:27:06"
219,69443,caterpillar,family,Geometridae,caterpillar,0,0,2,0,https://www.inaturalist.org/observations/29158299,"2022-06-13 09:27:06"
220,69437,leafhopper,species,"Ormenoides venusta",leafhopper,0,0,2,0,https://www.inaturalist.org/observations/29158236,"2022-06-13 09:27:06"
221,69427,leafhopper,species,"Metcalfa pruinosa",leafhopper,0,0,3,0,https://www.inaturalist.org/observations/29158094,"2022-06-13 09:27:06"
222,69426,grasshopper,species,"Phyllopalpus pulchellus",grasshopper,0,0,3,0,https://www.inaturalist.org/observations/29158056,"2022-06-13 09:27:06"
223,69425,leafhopper,species,"Ormenoides venusta",leafhopper,0,0,2,0,https://www.inaturalist.org/observations/29157998,"2022-06-13 09:27:06"
224,69417,caterpillar,family,Geometridae,caterpillar,0,0,2,0,https://www.inaturalist.org/observations/29157929,"2022-06-13 09:27:06"
225,69409,caterpillar,suborder,Symphyta,bee,0,1,4,1,https://www.inaturalist.org/observations/29157808,"2022-06-13 09:27:06"
226,69383,spider,genus,Colonus,spider,0,0,3,0,https://www.inaturalist.org/observations/29157176,"2022-06-13 09:27:06"
227,69357,leafhopper,species,"Ormenoides venusta",leafhopper,0,0,2,0,https://www.inaturalist.org/observations/29156905,"2022-06-13 09:27:06"
228,69354,unidentified,genus,Zelus,truebugs,0,0,1,0,https://www.inaturalist.org/observations/29156750,"2022-06-13 09:27:06"
229,69269,caterpillar,order,Lepidoptera,caterpillar,0,0,3,1,https://www.inaturalist.org/observations/29156166,"2022-06-13 09:27:06"
230,69254,leafhopper,species,"Metcalfa pruinosa",leafhopper,0,0,3,0,https://www.inaturalist.org/observations/29155954,"2022-06-13 09:27:06"
231,69249,spider,species,"Micrathena sagittata",spider,0,0,5,0,https://www.inaturalist.org/observations/29155768,"2022-06-13 09:27:06"
232,69240,leafhopper,species,"Acanalonia conica",leafhopper,0,0,3,0,https://www.inaturalist.org/observations/29155484,"2022-06-13 09:27:06"
233,69208,truebugs,species,"Acanthocephala terminalis",truebugs,0,0,3,0,https://www.inaturalist.org/observations/29155139,"2022-06-13 09:30:06"
234,69193,caterpillar,genus,Peridea,caterpillar,0,0,2,0,https://www.inaturalist.org/observations/29154935,"2022-06-13 09:30:06"
235,69183,spider,genus,Colonus,spider,0,0,4,0,https://www.inaturalist.org/observations/29154866,"2022-06-13 09:30:06"
236,69155,caterpillar,suborder,Symphyta,bee,0,1,4,1,https://www.inaturalist.org/observations/29154601,"2022-06-13 09:30:06"
237,69139,caterpillar,genus,Datana,caterpillar,0,0,2,0,https://www.inaturalist.org/observations/29154541,"2022-06-13 09:30:06"
238,69118,unidentified,order,Diptera,fly,0,0,1,0,https://www.inaturalist.org/observations/29154468,"2022-06-13 09:30:06"
239,69126,unidentified,suborder,Auchenorrhyncha,leafhopper,0,0,1,0,https://www.inaturalist.org/observations/29154211,"2022-06-13 09:30:06"
240,69106,grasshopper,subfamily,Oecanthinae,grasshopper,0,0,4,0,https://www.inaturalist.org/observations/29154133,"2022-06-13 09:30:06"
241,69096,leafhopper,family,Cicadellidae,leafhopper,0,0,2,0,https://www.inaturalist.org/observations/29154006,"2022-06-13 09:30:06"
242,69575,leafhopper,species,"Flatormenis proxima",leafhopper,0,0,3,0,https://www.inaturalist.org/observations/29153732,"2022-06-13 09:30:06"
243,69087,daddylonglegs,order,Opiliones,daddylonglegs,0,0,2,0,https://www.inaturalist.org/observations/29153628,"2022-06-13 09:30:06"
244,69086,caterpillar,family,Geometridae,caterpillar,0,0,2,0,https://www.inaturalist.org/observations/29153443,"2022-06-13 09:30:06"
245,69076,caterpillar,species,"Acharia stimulea",caterpillar,0,0,3,0,https://www.inaturalist.org/observations/29153312,"2022-06-13 09:30:06"
246,69075,caterpillar,family,Geometridae,caterpillar,0,0,2,0,https://www.inaturalist.org/observations/29153206,"2022-06-13 09:30:06"
247,69067,unidentified,species,"Paraxenetus guttulatus",truebugs,0,0,2,0,https://www.inaturalist.org/observations/29153110,"2022-06-13 09:30:06"
248,69036,unidentified,genus,Micromus,Neuroptera,0,0,2,0,https://www.inaturalist.org/observations/29152974,"2022-06-13 09:30:06"
249,68978,unidentified,genus,Corythucha,truebugs,0,0,2,0,https://www.inaturalist.org/observations/29152842,"2022-06-13 09:30:06"
250,68926,caterpillar,family,Geometridae,caterpillar,0,0,2,0,https://www.inaturalist.org/observations/29152512,"2022-06-13 09:30:06"
251,68892,grasshopper,species,"Cyrtoxipha columbiana",grasshopper,0,0,2,0,https://www.inaturalist.org/observations/29152157,"2022-06-13 09:30:06"
252,68757,caterpillar,genus,Orgyia,caterpillar,0,0,2,0,https://www.inaturalist.org/observations/29151260,"2022-06-13 09:30:06"
253,71634,ant,genus,Temnothorax,ant,0,0,3,0,https://www.inaturalist.org/observations/29150707,"2022-06-13 09:30:06"
254,68737,unidentified,species,"Lygus lineolaris",truebugs,0,0,1,0,https://www.inaturalist.org/observations/29150594,"2022-06-13 09:30:06"
255,68626,caterpillar,species,"Lymantria dispar",caterpillar,0,0,4,0,https://www.inaturalist.org/observations/28947400,"2022-06-13 09:33:07"
256,68624,caterpillar,species,"Lymantria dispar",caterpillar,0,0,4,0,https://www.inaturalist.org/observations/28946913,"2022-06-13 09:33:07"
257,68617,caterpillar,family,Tortricidae,caterpillar,0,0,3,0,https://www.inaturalist.org/observations/28946718,"2022-06-13 09:33:07"
258,68578,caterpillar,subfamily,Erebinae,caterpillar,0,0,2,0,https://www.inaturalist.org/observations/28938686,"2022-06-13 09:33:07"
259,68568,caterpillar,family,Geometridae,caterpillar,0,0,2,0,https://www.inaturalist.org/observations/28938494,"2022-06-13 09:33:07"
260,68561,ant,genus,Crematogaster,ant,0,0,4,0,https://www.inaturalist.org/observations/28938117,"2022-06-13 09:33:07"
261,68554,caterpillar,subfamily,Erebinae,caterpillar,0,0,2,0,https://www.inaturalist.org/observations/28937903,"2022-06-13 09:33:07"
262,68539,caterpillar,family,Geometridae,caterpillar,0,0,2,0,https://www.inaturalist.org/observations/28937539,"2022-06-13 09:33:07"
263,68523,caterpillar,species,"Hyphantria cunea",caterpillar,0,0,2,0,https://www.inaturalist.org/observations/28937326,"2022-06-13 09:33:07"
264,68457,beetle,family,Elateridae,beetle,0,0,2,0,https://www.inaturalist.org/observations/28934963,"2022-06-13 09:33:07"
265,68419,caterpillar,family,Geometridae,caterpillar,0,0,2,0,https://www.inaturalist.org/observations/28934367,"2022-06-13 09:33:07"
266,68363,caterpillar,species,"Halysidota tessellaris",caterpillar,0,0,3,0,https://www.inaturalist.org/observations/28932754,"2022-06-13 09:33:07"
267,68317,beetle,species,"Exomala orientalis",beetle,0,0,3,0,https://www.inaturalist.org/observations/28931318,"2022-06-13 09:33:07"
268,68272,caterpillar,superfamily,Tortricoidea,caterpillar,0,0,2,0,https://www.inaturalist.org/observations/28882551,"2022-06-13 09:33:07"
269,68270,caterpillar,species,"Hypercompe scribonia",caterpillar,0,0,2,0,https://www.inaturalist.org/observations/28882375,"2022-06-13 09:36:06"
270,68236,caterpillar,suborder,Symphyta,bee,0,1,2,0,https://www.inaturalist.org/observations/28874723,"2022-06-13 09:36:06"
271,68204,beetle,species,"Polydrusus formosus",beetle,0,0,3,0,https://www.inaturalist.org/observations/28873155,"2022-06-13 09:36:06"
272,68201,beetle,species,"Sciaphilus asperatus",beetle,0,0,3,0,https://www.inaturalist.org/observations/28873039,"2022-06-13 09:36:06"
273,68135,caterpillar,species,"Peridea basitriens",caterpillar,0,0,2,0,https://www.inaturalist.org/observations/28864815,"2022-06-13 09:36:06"
274,68112,caterpillar,species,"Orgyia leucostigma",caterpillar,0,0,4,0,https://www.inaturalist.org/observations/28862974,"2022-06-13 09:36:06"
275,68076,grasshopper,suborder,Heteroptera,truebugs,0,0,3,1,https://www.inaturalist.org/observations/28843674,"2022-06-13 09:36:06"
276,68017,unidentified,genus,Zelus,truebugs,0,0,1,0,https://www.inaturalist.org/observations/28730753,"2022-06-13 09:36:06"
277,67938,caterpillar,superfamily,Tortricoidea,caterpillar,0,0,2,0,https://www.inaturalist.org/observations/28699011,"2022-06-13 09:36:06"
278,67882,caterpillar,species,"Acronicta interrupta",caterpillar,0,0,3,0,https://www.inaturalist.org/observations/28694970,"2022-06-13 09:36:06"
279,67870,spider,tribe,Dendryphantini,spider,0,0,3,0,https://www.inaturalist.org/observations/28687870,"2022-06-13 09:36:06"
280,67824,caterpillar,family,Geometridae,caterpillar,0,0,2,0,https://www.inaturalist.org/observations/28675261,"2022-06-13 09:36:06"
281,67806,caterpillar,family,Geometridae,caterpillar,0,0,2,0,https://www.inaturalist.org/observations/28674712,"2022-06-13 09:36:06"
282,67799,caterpillar,family,Limacodidae,caterpillar,0,0,2,0,https://www.inaturalist.org/observations/28674173,"2022-06-13 09:36:06"
283,67789,unidentified,species,"Barypeithes pellucidus",beetle,0,0,2,0,https://www.inaturalist.org/observations/28673862,"2022-06-13 09:36:06"
284,67766,caterpillar,family,Geometridae,caterpillar,0,0,2,0,https://www.inaturalist.org/observations/28672306,"2022-06-13 09:36:06"
285,67728,spider,genus,Colonus,spider,0,0,3,0,https://www.inaturalist.org/observations/28671446,"2022-06-13 09:39:06"
286,67696,caterpillar,family,Limacodidae,caterpillar,0,0,2,0,https://www.inaturalist.org/observations/28670648,"2022-06-13 09:39:06"
287,67684,unidentified,order,Lepidoptera,caterpillar,0,0,1,0,https://www.inaturalist.org/observations/28670172,"2022-06-13 09:39:06"
288,67660,spider,genus,Theridula,spider,0,0,2,0,https://www.inaturalist.org/observations/28669632,"2022-06-13 09:39:06"
289,67652,leafhopper,species,"Graphocephala versuta",leafhopper,0,0,4,0,https://www.inaturalist.org/observations/28669493,"2022-06-13 09:39:06"
290,67651,leafhopper,species,"Thionia bullata",leafhopper,0,0,2,0,https://www.inaturalist.org/observations/28669361,"2022-06-13 09:39:06"
291,67645,leafhopper,species,"Thionia bullata",leafhopper,0,0,3,0,https://www.inaturalist.org/observations/28668959,"2022-06-13 09:39:06"
292,67598,leafhopper,species,"Acanalonia conica",leafhopper,0,0,3,0,https://www.inaturalist.org/observations/28667555,"2022-06-13 09:39:06"
293,67519,truebugs,species,"Acanthocephala declivis",truebugs,0,0,4,0,https://www.inaturalist.org/observations/28611343,"2022-06-13 09:39:06"
294,67501,leafhopper,tribe,Gyponini,leafhopper,0,0,2,0,https://www.inaturalist.org/observations/28610878,"2022-06-13 09:39:06"
295,67493,caterpillar,genus,Acronicta,caterpillar,0,0,2,0,https://www.inaturalist.org/observations/28610673,"2022-06-13 09:39:06"
296,67456,caterpillar,family,Geometridae,caterpillar,0,0,2,0,https://www.inaturalist.org/observations/28609281,"2022-06-13 09:39:06"
297,67451,caterpillar,family,Geometridae,caterpillar,0,0,2,0,https://www.inaturalist.org/observations/28609199,"2022-06-13 09:39:06"
298,67429,truebugs,family,Curculionidae,beetle,0,0,5,1,https://www.inaturalist.org/observations/28587475,"2022-06-13 09:39:06"
299,67427,caterpillar,phylum,Arthropoda,spider,0,0,2,1,https://www.inaturalist.org/observations/28587373,"2022-06-13 09:39:06"
300,67393,unidentified,family,Acanaloniidae,leafhopper,0,0,1,0,https://www.inaturalist.org/observations/28580161,"2022-06-13 09:39:06"
301,67385,unidentified,family,Flatidae,leafhopper,0,0,1,0,https://www.inaturalist.org/observations/28578909,"2022-06-13 09:42:06"
302,67374,caterpillar,family,Geometridae,caterpillar,0,0,2,0,https://www.inaturalist.org/observations/28576814,"2022-06-13 09:42:06"
303,67338,unidentified,family,Tingidae,truebugs,0,0,1,0,https://www.inaturalist.org/observations/28572025,"2022-06-13 09:42:06"
304,67328,caterpillar,family,Geometridae,caterpillar,0,0,2,0,https://www.inaturalist.org/observations/28571339,"2022-06-13 09:42:06"
305,67112,caterpillar,family,Noctuidae,caterpillar,0,0,2,0,https://www.inaturalist.org/observations/28551318,"2022-06-13 09:42:06"
306,67084,grasshopper,species,"Meconema thalassinum",grasshopper,0,0,3,0,https://www.inaturalist.org/observations/28519913,"2022-06-13 09:42:06"
307,67053,beetle,family,Miridae,truebugs,0,0,5,1,https://www.inaturalist.org/observations/28518416,"2022-06-13 09:42:06"
308,67030,caterpillar,genus,Acronicta,caterpillar,0,0,2,0,https://www.inaturalist.org/observations/28515034,"2022-06-13 09:42:06"
309,67000,caterpillar,species,"Lymantria dispar",caterpillar,0,0,3,0,https://www.inaturalist.org/observations/28511543,"2022-06-13 09:42:06"
310,66987,leafhopper,species,"Graphocephala fennahi",leafhopper,0,0,4,0,https://www.inaturalist.org/observations/28510907,"2022-06-13 09:42:06"
311,66941,caterpillar,family,Geometridae,caterpillar,0,0,2,0,https://www.inaturalist.org/observations/28500940,"2022-06-13 09:42:06"
312,66938,leafhopper,species,"Thionia bullata",leafhopper,0,0,2,0,https://www.inaturalist.org/observations/28500712,"2022-06-13 09:42:06"
313,66929,leafhopper,species,"Thionia bullata",leafhopper,0,0,2,0,https://www.inaturalist.org/observations/28500142,"2022-06-13 09:42:06"
314,66907,caterpillar,family,Geometridae,caterpillar,0,0,2,0,https://www.inaturalist.org/observations/28499064,"2022-06-13 09:45:07"
315,66896,caterpillar,family,Geometridae,caterpillar,0,0,2,0,https://www.inaturalist.org/observations/28498529,"2022-06-13 09:45:07"
316,66891,caterpillar,family,Geometridae,caterpillar,0,0,2,0,https://www.inaturalist.org/observations/28498379,"2022-06-13 09:45:07"
317,66888,caterpillar,family,Geometridae,caterpillar,0,0,2,0,https://www.inaturalist.org/observations/28498243,"2022-06-13 09:45:07"
318,66887,leafhopper,species,"Acanalonia conica",leafhopper,0,0,3,0,https://www.inaturalist.org/observations/28498106,"2022-06-13 09:45:07"
319,66816,truebugs,species,"Chinavia hilaris",truebugs,0,0,4,0,https://www.inaturalist.org/observations/28496711,"2022-06-13 09:45:07"
320,66815,truebugs,species,"Chinavia hilaris",truebugs,0,0,4,0,https://www.inaturalist.org/observations/28496566,"2022-06-13 09:45:07"
321,66811,caterpillar,species,"Halysidota tessellaris",caterpillar,0,0,3,0,https://www.inaturalist.org/observations/28496452,"2022-06-13 09:45:07"
322,66806,caterpillar,species,"Epimecis hortaria",caterpillar,0,0,2,0,https://www.inaturalist.org/observations/28496323,"2022-06-13 09:45:07"
323,66803,leafhopper,species,"Flatormenis proxima",leafhopper,0,0,3,0,https://www.inaturalist.org/observations/28496090,"2022-06-13 09:45:07"
324,66801,leafhopper,species,"Ormenoides venusta",leafhopper,0,0,3,0,https://www.inaturalist.org/observations/28495952,"2022-06-13 09:45:07"
325,66798,caterpillar,superfamily,Tortricoidea,caterpillar,0,0,2,0,https://www.inaturalist.org/observations/28495791,"2022-06-13 09:45:07"
326,66793,caterpillar,family,Geometridae,caterpillar,0,0,2,0,https://www.inaturalist.org/observations/28495642,"2022-06-13 09:45:07"
327,66792,caterpillar,species,"Acronicta americana",caterpillar,0,0,3,0,https://www.inaturalist.org/observations/28495514,"2022-06-13 09:45:07"
328,66788,caterpillar,species,"Halysidota tessellaris",caterpillar,0,0,3,0,https://www.inaturalist.org/observations/28495283,"2022-06-13 09:45:07"
329,66787,caterpillar,family,Geometridae,caterpillar,0,0,2,0,https://www.inaturalist.org/observations/28495176,"2022-06-13 09:45:07"
330,66785,caterpillar,genus,Anisota,caterpillar,0,0,2,0,https://www.inaturalist.org/observations/28494946,"2022-06-13 09:45:07"
331,66781,caterpillar,family,Geometridae,caterpillar,0,0,2,0,https://www.inaturalist.org/observations/28494818,"2022-06-13 09:45:07"
332,66777,caterpillar,species,"Halysidota tessellaris",caterpillar,0,0,3,0,https://www.inaturalist.org/observations/28494674,"2022-06-13 09:45:07"
333,66768,caterpillar,family,Geometridae,caterpillar,0,0,2,0,https://www.inaturalist.org/observations/28494534,"2022-06-13 09:45:07"
334,66766,caterpillar,species,"Halysidota tessellaris",caterpillar,0,0,3,0,https://www.inaturalist.org/observations/28494374,"2022-06-13 09:45:07"
335,66475,fly,genus,Trypherus,beetle,0,0,3,1,https://www.inaturalist.org/observations/28441407,"2022-06-13 09:45:07"
336,66471,fly,family,Chironomidae,fly,0,0,2,0,https://www.inaturalist.org/observations/28440486,"2022-06-13 09:45:07"
337,66457,unidentified,species,"Jikradia olitoria",leafhopper,0,0,2,0,https://www.inaturalist.org/observations/28438958,"2022-06-13 09:45:07"
338,66425,fly,order,Trichoptera,Trichoptera,0,0,4,1,https://www.inaturalist.org/observations/28438132,"2022-06-13 09:45:07"
339,66247,caterpillar,family,Geometridae,caterpillar,0,0,2,0,https://www.inaturalist.org/observations/28311429,"2022-06-13 09:48:06"
340,66222,caterpillar,subfamily,Limenitidinae,caterpillar,0,0,2,0,https://www.inaturalist.org/observations/28260890,"2022-06-13 09:48:06"
341,66204,unidentified,genus,Acanalonia,leafhopper,0,0,1,0,https://www.inaturalist.org/observations/28252697,"2022-06-13 09:48:06"
342,66163,moths,order,Trichoptera,Trichoptera,0,0,4,1,https://www.inaturalist.org/observations/28240259,"2022-06-13 09:48:06"
343,66161,leafhopper,section,Graphocephala,leafhopper,0,0,3,0,https://www.inaturalist.org/observations/28239982,"2022-06-13 09:48:06"
344,66160,beetle,suborder,Heteroptera,truebugs,0,0,3,1,https://www.inaturalist.org/observations/28239808,"2022-06-13 09:48:06"
345,66155,leafhopper,family,Cicadellidae,leafhopper,0,0,2,0,https://www.inaturalist.org/observations/28239026,"2022-06-13 09:48:06"
346,66116,caterpillar,species,"Malacosoma disstria",caterpillar,0,0,3,0,https://www.inaturalist.org/observations/28231238,"2022-06-13 09:48:06"
347,66092,caterpillar,family,Geometridae,caterpillar,0,0,2,0,https://www.inaturalist.org/observations/28229575,"2022-06-13 09:48:06"
348,66052,caterpillar,family,Geometridae,caterpillar,0,0,2,0,https://www.inaturalist.org/observations/28228488,"2022-06-13 09:48:06"
349,66034,caterpillar,subfamily,Erebinae,caterpillar,0,0,2,0,https://www.inaturalist.org/observations/28227393,"2022-06-13 09:48:06"
350,66019,caterpillar,family,Geometridae,caterpillar,0,0,2,0,https://www.inaturalist.org/observations/28226916,"2022-06-13 09:48:06"
351,66004,caterpillar,family,Geometridae,caterpillar,0,0,2,0,https://www.inaturalist.org/observations/28226157,"2022-06-13 09:48:06"
352,65942,caterpillar,species,"Orgyia leucostigma",caterpillar,0,0,3,0,https://www.inaturalist.org/observations/28175450,"2022-06-13 09:48:06"
353,65872,unidentified,tribe,Gyponini,leafhopper,0,0,2,0,https://www.inaturalist.org/observations/28132720,"2022-06-13 09:51:05"
354,65859,spider,genus,Tmarus,spider,0,0,3,0,https://www.inaturalist.org/observations/28130907,"2022-06-13 09:51:05"
355,65850,unidentified,species,"Hapithus saltator",grasshopper,0,0,2,0,https://www.inaturalist.org/observations/28130045,"2022-06-13 09:51:05"
356,65784,other,suborder,Hemerobiiformia,Neuroptera,0,0,1,0,https://www.inaturalist.org/observations/28119643,"2022-06-13 09:51:05"
357,65770,caterpillar,species,"Malacosoma disstria",caterpillar,0,0,3,0,https://www.inaturalist.org/observations/28119425,"2022-06-13 09:51:05"
358,65749,leafhopper,order,Orthoptera,grasshopper,0,0,5,1,https://www.inaturalist.org/observations/28118666,"2022-06-13 09:51:05"
359,65726,caterpillar,family,Noctuidae,caterpillar,0,0,1,0,https://www.inaturalist.org/observations/28118194,"2022-06-13 09:51:05"
360,65719,caterpillar,species,"Caliroa liturata",bee,0,1,3,0,https://www.inaturalist.org/observations/28117915,"2022-06-13 09:51:05"
361,65627,caterpillar,subfamily,Noctuinae,caterpillar,0,0,2,0,https://www.inaturalist.org/observations/28114742,"2022-06-13 09:54:06"
362,65584,caterpillar,genus,Lochmaeus,caterpillar,0,0,2,0,https://www.inaturalist.org/observations/28113386,"2022-06-13 09:54:06"
363,65561,unidentified,species,"Hyaliodes harti",truebugs,0,0,2,0,https://www.inaturalist.org/observations/28108289,"2022-06-13 09:54:06"
364,65560,unidentified,species,"Cerastipsocus venosus",Psocodea,0,0,2,0,https://www.inaturalist.org/observations/28108249,"2022-06-13 09:54:06"
366,65508,other,family,Chrysopidae,Neuroptera,0,0,1,0,https://www.inaturalist.org/observations/28078460,"2022-06-13 09:54:06"
367,65507,spider,species,"Misumessus oblongus",spider,0,0,2,0,https://www.inaturalist.org/observations/28078273,"2022-06-13 09:54:06"
368,65503,leafhopper,genus,Enchenopa,leafhopper,0,0,3,0,https://www.inaturalist.org/observations/28077342,"2022-06-13 09:54:06"
369,65496,beetle,species,"Polydrusus formosus",beetle,0,0,4,0,https://www.inaturalist.org/observations/28073962,"2022-06-13 09:54:06"
370,65495,moths,order,Trichoptera,Trichoptera,0,0,3,1,https://www.inaturalist.org/observations/28073765,"2022-06-13 09:54:06"
371,65487,beetle,suborder,Heteroptera,truebugs,0,0,4,1,https://www.inaturalist.org/observations/28067710,"2022-06-13 09:54:06"
372,65486,caterpillar,family,Gelechiidae,caterpillar,0,0,2,0,https://www.inaturalist.org/observations/28067347,"2022-06-13 09:54:06"
373,65485,caterpillar,species,"Morrisonia confusa",caterpillar,0,0,2,0,https://www.inaturalist.org/observations/28067021,"2022-06-13 09:54:06"
374,65481,beetle,species,"Polydrusus formosus",beetle,0,0,3,0,https://www.inaturalist.org/observations/28066645,"2022-06-13 09:54:06"
375,65467,beetle,genus,Trigonarthris,beetle,0,0,4,0,https://www.inaturalist.org/observations/28064186,"2022-06-13 09:54:06"
376,65466,beetle,species,"Sciaphilus asperatus",beetle,0,0,3,0,https://www.inaturalist.org/observations/28064016,"2022-06-13 09:54:06"
377,65450,leafhopper,species,"Japananus hyalinus",leafhopper,0,0,3,0,https://www.inaturalist.org/observations/28060351,"2022-06-13 09:54:06"
378,65432,caterpillar,family,Geometridae,caterpillar,0,0,2,0,https://www.inaturalist.org/observations/28059883,"2022-06-13 09:57:05"
379,65413,caterpillar,species,"Halysidota tessellaris",caterpillar,0,0,3,0,https://www.inaturalist.org/observations/28059266,"2022-06-13 09:57:05"
380,65411,leafhopper,species,"Flatormenis proxima",leafhopper,0,0,3,0,https://www.inaturalist.org/observations/28059086,"2022-06-13 09:57:05"
381,65407,caterpillar,species,"Halysidota tessellaris",caterpillar,0,0,3,0,https://www.inaturalist.org/observations/28058832,"2022-06-13 09:57:05"
382,65398,caterpillar,species,"Misogada unicolor",caterpillar,0,0,3,0,https://www.inaturalist.org/observations/28058655,"2022-06-13 09:57:05"
383,65394,leafhopper,species,"Flatormenis proxima",leafhopper,0,0,3,0,https://www.inaturalist.org/observations/28058347,"2022-06-13 09:57:05"
384,65386,caterpillar,superfamily,Tortricoidea,caterpillar,0,0,2,0,https://www.inaturalist.org/observations/28057825,"2022-06-13 09:57:05"
385,65358,grasshopper,genus,Cyrtoxipha,grasshopper,0,0,2,0,https://www.inaturalist.org/observations/28056987,"2022-06-13 09:57:05"
386,65339,caterpillar,species,"Halysidota harrisii",caterpillar,0,0,3,0,https://www.inaturalist.org/observations/28056553,"2022-06-13 09:57:05"
387,65335,leafhopper,species,"Jikradia olitoria",leafhopper,0,0,3,0,https://www.inaturalist.org/observations/28056416,"2022-06-13 09:57:05"
388,65313,leafhopper,species,"Flatormenis proxima",leafhopper,0,0,3,0,https://www.inaturalist.org/observations/28055947,"2022-06-13 09:57:05"
389,65306,caterpillar,family,Geometridae,caterpillar,0,0,2,0,https://www.inaturalist.org/observations/28055626,"2022-06-13 09:57:05"
390,65287,leafhopper,species,"Ormenoides venusta",leafhopper,0,0,3,0,https://www.inaturalist.org/observations/28055080,"2022-06-13 09:57:05"
391,65252,leafhopper,species,"Acanalonia conica",leafhopper,0,0,3,0,https://www.inaturalist.org/observations/28053966,"2022-06-13 09:57:05"
392,65212,unidentified,suborder,Heteroptera,truebugs,0,0,1,0,https://www.inaturalist.org/observations/28010619,"2022-06-13 09:57:05"
393,65135,ant,subgenus,Myrmentoma,ant,0,0,3,0,https://www.inaturalist.org/observations/27994348,"2022-06-13 09:57:05"
394,65123,beetle,family,Chrysomelidae,beetle,0,0,2,0,https://www.inaturalist.org/observations/27994000,"2022-06-13 09:57:05"
395,65113,caterpillar,genus,Acronicta,caterpillar,0,0,2,0,https://www.inaturalist.org/observations/27993634,"2022-06-06 09:27:07"
396,65099,caterpillar,genus,Acronicta,caterpillar,0,0,2,0,https://www.inaturalist.org/observations/27993266,"2022-06-06 09:27:07"
397,65097,spider,family,Thomisidae,spider,0,0,2,0,https://www.inaturalist.org/observations/27993156,"2022-06-06 09:27:07"
398,65095,caterpillar,species,"Morrisonia confusa",caterpillar,0,0,2,0,https://www.inaturalist.org/observations/27993016,"2022-06-06 09:27:07"
399,65005,unidentified,subgenus,Gyponana,leafhopper,0,0,2,0,https://www.inaturalist.org/observations/27941820,"2022-06-06 09:27:07"
400,64850,caterpillar,subfamily,Limenitidinae,caterpillar,0,0,2,0,https://www.inaturalist.org/observations/27827299,"2022-06-06 09:27:07"
401,64837,leafhopper,order,Coleoptera,beetle,0,0,3,1,https://www.inaturalist.org/observations/27826716,"2022-06-06 09:30:10"
403,64775,caterpillar,species,"Malacosoma disstria",caterpillar,0,0,3,0,https://www.inaturalist.org/observations/27823328,"2022-06-06 09:30:10"
404,64753,caterpillar,superfamily,Tortricoidea,caterpillar,0,0,2,0,https://www.inaturalist.org/observations/27822707,"2022-06-06 09:30:10"
405,64749,caterpillar,superfamily,Tortricoidea,caterpillar,0,0,2,0,https://www.inaturalist.org/observations/27822382,"2022-06-06 09:30:10"
406,64687,fly,family,Dolichopodidae,fly,0,0,2,0,https://www.inaturalist.org/observations/27816296,"2022-06-06 09:30:10"
407,64685,other,subfamily,Deltocephalinae,leafhopper,0,0,4,0,https://www.inaturalist.org/observations/27816158,"2022-06-06 09:30:10"
408,64676,leafhopper,species,"Acanalonia conica",leafhopper,0,0,3,0,https://www.inaturalist.org/observations/27811993,"2022-06-06 09:30:10"
409,64673,leafhopper,species,"Ormenoides venusta",leafhopper,0,0,3,0,https://www.inaturalist.org/observations/27811856,"2022-06-06 09:30:10"
410,64672,leafhopper,subgenus,Gyponana,leafhopper,0,0,2,0,https://www.inaturalist.org/observations/27811701,"2022-06-06 09:30:10"
411,64649,caterpillar,family,Geometridae,caterpillar,0,0,2,0,https://www.inaturalist.org/observations/27811260,"2022-06-06 09:30:10"
412,64648,leafhopper,species,"Acanalonia conica",leafhopper,0,0,3,0,https://www.inaturalist.org/observations/27811101,"2022-06-06 09:30:10"
413,64617,caterpillar,species,"Hyphantria cunea",caterpillar,0,0,2,0,https://www.inaturalist.org/observations/27810791,"2022-06-06 09:30:10"
414,64610,leafhopper,species,"Acanalonia conica",leafhopper,0,0,3,0,https://www.inaturalist.org/observations/27810445,"2022-06-06 09:30:10"
415,64602,caterpillar,genus,Paectes,caterpillar,0,0,2,0,https://www.inaturalist.org/observations/27809971,"2022-06-06 09:30:10"
416,64598,leafhopper,species,"Ormenoides venusta",leafhopper,0,0,3,0,https://www.inaturalist.org/observations/27809796,"2022-06-06 09:30:10"
417,64582,caterpillar,genus,Panopoda,caterpillar,0,0,2,0,https://www.inaturalist.org/observations/27809361,"2022-06-06 09:30:10"
418,64578,caterpillar,species,"Orgyia leucostigma",caterpillar,0,0,2,0,https://www.inaturalist.org/observations/27809229,"2022-06-06 09:30:10"
419,64564,leafhopper,species,"Ormenoides venusta",leafhopper,0,0,3,0,https://www.inaturalist.org/observations/27808563,"2022-06-06 09:30:10"
420,64479,caterpillar,genus,Panopoda,caterpillar,0,0,2,0,https://www.inaturalist.org/observations/27807123,"2022-06-06 09:33:09"
421,64471,caterpillar,species,"Halysidota tessellaris",caterpillar,0,0,3,0,https://www.inaturalist.org/observations/27806986,"2022-06-06 09:33:09"
422,64463,leafhopper,species,"Metcalfa pruinosa",leafhopper,0,0,3,0,https://www.inaturalist.org/observations/27806590,"2022-06-06 09:33:09"
423,64445,leafhopper,species,"Harmonia axyridis",beetle,1,0,6,1,https://www.inaturalist.org/observations/27771219,"2022-06-06 09:33:09"
424,64355,moths,order,Lepidoptera,moths,0,0,2,0,https://www.inaturalist.org/observations/27765107,"2022-06-06 09:33:09"
425,64309,caterpillar,genus,Acronicta,caterpillar,0,0,2,0,https://www.inaturalist.org/observations/27758485,"2022-06-06 09:33:09"
426,64301,caterpillar,family,Geometridae,caterpillar,0,0,2,0,https://www.inaturalist.org/observations/27758350,"2022-06-06 09:33:09"
427,64253,caterpillar,suborder,Symphyta,bee,0,1,3,1,https://www.inaturalist.org/observations/27755596,"2022-06-06 09:33:09"
428,64245,leafhopper,order,Orthoptera,grasshopper,0,0,5,1,https://www.inaturalist.org/observations/27755088,"2022-06-06 09:33:09"
429,64240,caterpillar,species,"Lochmaeus bilineata",caterpillar,0,0,3,0,https://www.inaturalist.org/observations/27753761,"2022-06-06 09:33:09"
430,64236,leafhopper,species,"Ormenoides venusta",leafhopper,0,0,2,0,https://www.inaturalist.org/observations/27753578,"2022-06-06 09:33:09"
431,64235,leafhopper,species,"Ormenoides venusta",leafhopper,0,0,3,0,https://www.inaturalist.org/observations/27753377,"2022-06-06 09:33:09"
432,64218,caterpillar,species,"Halysidota tessellaris",caterpillar,0,0,3,0,https://www.inaturalist.org/observations/27753000,"2022-06-06 09:36:08"
433,64217,caterpillar,superfamily,Tortricoidea,caterpillar,0,0,2,0,https://www.inaturalist.org/observations/27752878,"2022-06-06 09:36:08"
434,64203,caterpillar,superfamily,Tortricoidea,caterpillar,0,0,2,0,https://www.inaturalist.org/observations/27752513,"2022-06-06 09:36:08"
435,64193,caterpillar,superfamily,Tortricoidea,caterpillar,0,0,2,0,https://www.inaturalist.org/observations/27752395,"2022-06-06 09:36:08"
436,64191,caterpillar,genus,Acronicta,caterpillar,0,0,2,0,https://www.inaturalist.org/observations/27752177,"2022-06-06 09:36:08"
437,64184,caterpillar,genus,Acronicta,caterpillar,0,0,2,0,https://www.inaturalist.org/observations/27751983,"2022-06-06 09:36:08"
438,64183,ant,genus,Camponotus,ant,0,0,4,0,https://www.inaturalist.org/observations/27751885,"2022-06-06 09:36:08"
439,64153,beetle,species,"Pseudocneorhinus bifasciatus",beetle,0,0,5,0,https://www.inaturalist.org/observations/27751242,"2022-06-06 09:36:08"
440,64148,caterpillar,superfamily,Tortricoidea,caterpillar,0,0,2,0,https://www.inaturalist.org/observations/27751159,"2022-06-06 09:36:08"
441,64108,beetle,family,Elateridae,beetle,0,0,2,0,https://www.inaturalist.org/observations/27714715,"2022-06-06 09:36:08"
442,64074,caterpillar,family,Geometridae,caterpillar,0,0,2,0,https://www.inaturalist.org/observations/27713206,"2022-06-06 09:36:08"
443,64058,leafhopper,species,"Philaenus spumarius",leafhopper,0,0,3,0,https://www.inaturalist.org/observations/27712057,"2022-06-06 09:36:08"
444,64019,unidentified,suborder,Heteroptera,truebugs,0,0,1,0,https://www.inaturalist.org/observations/27708761,"2022-06-06 09:36:08"
445,63951,caterpillar,species,"Lymantria dispar",caterpillar,0,0,3,0,https://www.inaturalist.org/observations/27704112,"2022-06-06 09:39:09"
446,63816,beetle,family,Elateridae,beetle,0,0,2,0,https://www.inaturalist.org/observations/27696676,"2022-06-06 09:39:09"
447,63800,spider,family,Salticidae,spider,0,0,3,0,https://www.inaturalist.org/observations/27696151,"2022-06-06 09:39:09"
448,63713,beetle,species,"Psyllobora vigintimaculata",beetle,0,0,3,0,https://www.inaturalist.org/observations/27693507,"2022-06-06 09:39:09"
449,63711,beetle,species,"Cyrtepistomus castaneus",beetle,0,0,4,0,https://www.inaturalist.org/observations/27693245,"2022-06-06 09:39:09"
450,63614,beetle,subfamily,Elaterinae,beetle,0,0,2,0,https://www.inaturalist.org/observations/27690992,"2022-06-06 09:39:09"
451,63528,beetle,family,Pentatomidae,truebugs,0,0,4,1,https://www.inaturalist.org/observations/27647130,"2022-06-06 09:39:09"
452,63523,fly,order,Ephemeroptera,Ephemeroptera,0,0,3,1,https://www.inaturalist.org/observations/27646762,"2022-06-06 09:39:09"
453,63496,beetle,species,"Polydrusus formosus",beetle,0,0,3,0,https://www.inaturalist.org/observations/27645034,"2022-06-06 09:42:07"
454,63424,leafhopper,species,"Ormenoides venusta",leafhopper,0,0,3,0,https://www.inaturalist.org/observations/27636722,"2022-06-06 09:42:07"
455,63384,truebugs,genus,Ceratocapsus,truebugs,0,0,3,0,https://www.inaturalist.org/observations/27636289,"2022-06-06 09:42:07"
456,63373,caterpillar,species,"Halysidota tessellaris",caterpillar,0,0,3,0,https://www.inaturalist.org/observations/27636103,"2022-06-06 09:42:07"
457,63370,other,suborder,Hemerobiiformia,Neuroptera,0,0,1,0,https://www.inaturalist.org/observations/27635951,"2022-06-06 09:42:07"
458,63369,caterpillar,species,"Halysidota tessellaris",caterpillar,0,0,3,0,https://www.inaturalist.org/observations/27635800,"2022-06-06 09:42:07"
459,63327,caterpillar,suborder,Symphyta,bee,0,1,3,1,https://www.inaturalist.org/observations/27634821,"2022-06-06 09:42:07"
460,63312,leafhopper,species,"Metcalfa pruinosa",leafhopper,0,0,2,0,https://www.inaturalist.org/observations/27634422,"2022-06-06 09:42:07"
461,63307,caterpillar,subfamily,Hypeninae,caterpillar,0,0,2,0,https://www.inaturalist.org/observations/27634058,"2022-06-06 09:42:07"
462,63305,caterpillar,genus,Pyreferra,caterpillar,0,0,2,0,https://www.inaturalist.org/observations/27633838,"2022-06-06 09:42:07"
463,63296,leafhopper,species,"Ormenoides venusta",leafhopper,0,0,3,0,https://www.inaturalist.org/observations/27633519,"2022-06-06 09:42:07"
464,63249,caterpillar,species,"Halysidota harrisii",caterpillar,0,0,3,0,https://www.inaturalist.org/observations/27631707,"2022-06-06 09:42:07"
465,63244,leafhopper,genus,Thionia,leafhopper,0,0,2,0,https://www.inaturalist.org/observations/27631289,"2022-06-06 09:42:07"
466,63242,caterpillar,suborder,Symphyta,bee,0,1,3,1,https://www.inaturalist.org/observations/27631100,"2022-06-06 09:42:07"
467,63241,caterpillar,suborder,Symphyta,bee,0,1,3,1,https://www.inaturalist.org/observations/27630921,"2022-06-06 09:42:07"
468,63237,caterpillar,family,Notodontidae,caterpillar,0,0,2,0,https://www.inaturalist.org/observations/27630647,"2022-06-06 09:42:07"
469,63224,grasshopper,species,"Cyrtoxipha columbiana",grasshopper,0,0,2,0,https://www.inaturalist.org/observations/27630335,"2022-06-06 09:42:07"
470,63216,leafhopper,species,"Ormenoides venusta",leafhopper,0,0,3,0,https://www.inaturalist.org/observations/27629884,"2022-06-06 09:42:07"
471,63209,caterpillar,species,"Halysidota tessellaris",caterpillar,0,0,3,0,https://www.inaturalist.org/observations/27629531,"2022-06-06 09:42:07"
472,63198,leafhopper,species,"Flatormenis proxima",leafhopper,0,0,3,0,https://www.inaturalist.org/observations/27628856,"2022-06-06 09:45:09"
473,63196,grasshopper,species,"Cyrtoxipha columbiana",grasshopper,0,0,2,0,https://www.inaturalist.org/observations/27628703,"2022-06-06 09:45:09"
474,63195,caterpillar,subfamily,Hypeninae,caterpillar,0,0,2,0,https://www.inaturalist.org/observations/27628523,"2022-06-06 09:45:09"
475,63193,grasshopper,genus,Orocharis,grasshopper,0,0,2,0,https://www.inaturalist.org/observations/27628389,"2022-06-06 09:45:09"
476,63153,caterpillar,family,Geometridae,caterpillar,0,0,2,0,https://www.inaturalist.org/observations/27627452,"2022-06-06 09:45:09"
477,63152,leafhopper,species,"Thionia bullata",leafhopper,0,0,3,0,https://www.inaturalist.org/observations/27627335,"2022-06-06 09:45:09"
478,63144,leafhopper,species,"Ormenoides venusta",leafhopper,0,0,3,0,https://www.inaturalist.org/observations/27626542,"2022-06-06 09:45:09"
479,63140,leafhopper,species,"Orientus ishidae",leafhopper,0,0,3,0,https://www.inaturalist.org/observations/27604004,"2022-06-06 09:45:09"
480,63139,leafhopper,family,Cicadellidae,leafhopper,0,0,2,0,https://www.inaturalist.org/observations/27603751,"2022-06-06 09:45:09"
481,63061,caterpillar,genus,Hypena,caterpillar,0,0,2,0,https://www.inaturalist.org/observations/27567314,"2022-06-06 09:45:09"
482,63060,caterpillar,superfamily,Tortricoidea,caterpillar,0,0,2,0,https://www.inaturalist.org/observations/27567179,"2022-06-06 09:45:09"
483,63041,caterpillar,genus,Acronicta,caterpillar,0,0,2,0,https://www.inaturalist.org/observations/27566764,"2022-06-06 09:45:09"
484,63040,leafhopper,species,"Flatormenis proxima",leafhopper,0,0,3,0,https://www.inaturalist.org/observations/27566628,"2022-06-06 09:45:09"
485,63036,caterpillar,species,"Hyphantria cunea",caterpillar,0,0,3,0,https://www.inaturalist.org/observations/27566473,"2022-06-06 09:45:09"
486,63034,caterpillar,genus,Acronicta,caterpillar,0,0,2,0,https://www.inaturalist.org/observations/27566315,"2022-06-06 09:45:09"
487,63033,grasshopper,genus,Oecanthus,grasshopper,0,0,3,0,https://www.inaturalist.org/observations/27566152,"2022-06-06 09:45:09"
488,63030,caterpillar,species,"Morrisonia confusa",caterpillar,0,0,2,0,https://www.inaturalist.org/observations/27566004,"2022-06-06 09:45:09"
489,63021,caterpillar,genus,Acronicta,caterpillar,0,0,2,0,https://www.inaturalist.org/observations/27565896,"2022-06-06 09:45:09"
490,63015,leafhopper,species,"Ormenoides venusta",leafhopper,0,0,2,0,https://www.inaturalist.org/observations/27565787,"2022-06-06 09:45:09"
491,63014,leafhopper,species,"Ormenoides venusta",leafhopper,0,0,3,0,https://www.inaturalist.org/observations/27565679,"2022-06-06 09:45:09"
492,63007,grasshopper,species,"Phyllopalpus pulchellus",grasshopper,0,0,3,0,https://www.inaturalist.org/observations/27565569,"2022-06-06 09:45:09"
493,63005,truebugs,suborder,Ensifera,grasshopper,0,0,3,1,https://www.inaturalist.org/observations/27565442,"2022-06-06 09:45:09"
494,63000,caterpillar,superfamily,Tortricoidea,caterpillar,0,0,2,0,https://www.inaturalist.org/observations/27565139,"2022-06-06 09:45:09"
495,62987,leafhopper,species,"Ormenoides venusta",leafhopper,0,0,3,0,https://www.inaturalist.org/observations/27564910,"2022-06-06 09:45:09"
496,62986,grasshopper,genus,Oecanthus,grasshopper,0,0,3,0,https://www.inaturalist.org/observations/27564768,"2022-06-06 09:45:09"
497,62863,beetle,species,"Sciaphilus asperatus",beetle,0,0,4,0,https://www.inaturalist.org/observations/27393897,"2022-06-06 09:45:09"
498,62861,beetle,species,"Phyllobius oblongus",beetle,0,0,3,0,https://www.inaturalist.org/observations/27393766,"2022-06-06 09:45:09"
499,62847,beetle,species,"Phyllobius oblongus",beetle,0,0,2,0,https://www.inaturalist.org/observations/27393234,"2022-06-06 09:45:09"
500,62798,beetle,genus,Photuris,beetle,0,0,3,0,https://www.inaturalist.org/observations/27390667,"2022-06-06 09:48:08"
501,62789,beetle,genus,Brachys,beetle,0,0,3,0,https://www.inaturalist.org/observations/27390285,"2022-06-06 09:48:08"
502,62763,caterpillar,family,Geometridae,caterpillar,0,0,2,0,https://www.inaturalist.org/observations/27389450,"2022-06-06 09:48:08"
503,62748,caterpillar,superfamily,Tortricoidea,caterpillar,0,0,2,0,https://www.inaturalist.org/observations/27388132,"2022-06-06 09:48:08"
504,62664,caterpillar,family,Geometridae,caterpillar,0,0,2,0,https://www.inaturalist.org/observations/27380969,"2022-06-06 09:48:08"
505,62663,beetle,family,Chrysomelidae,beetle,0,0,2,0,https://www.inaturalist.org/observations/27380865,"2022-06-06 09:48:08"
506,62651,caterpillar,family,Geometridae,caterpillar,0,0,2,0,https://www.inaturalist.org/observations/27380701,"2022-06-06 09:48:08"
507,62641,caterpillar,family,Geometridae,caterpillar,0,0,2,0,https://www.inaturalist.org/observations/27380319,"2022-06-06 09:48:08"
508,62628,leafhopper,family,Issidae,leafhopper,0,0,2,0,https://www.inaturalist.org/observations/27380195,"2022-06-06 09:48:08"
509,62625,beetle,species,"Tenomerga cinerea",beetle,0,0,3,0,https://www.inaturalist.org/observations/27380019,"2022-06-06 09:48:08"
510,62617,caterpillar,family,Geometridae,caterpillar,0,0,2,0,https://www.inaturalist.org/observations/27379704,"2022-06-06 09:48:08"
511,62597,beetle,species,"Popillia japonica",beetle,0,0,3,0,https://www.inaturalist.org/observations/27379302,"2022-06-06 09:48:08"
512,62591,leafhopper,species,"Thionia quinquata",leafhopper,0,0,2,0,https://www.inaturalist.org/observations/27379010,"2022-06-06 09:48:08"
513,62585,leafhopper,species,"Metcalfa pruinosa",leafhopper,0,0,2,0,https://www.inaturalist.org/observations/27378685,"2022-06-06 09:48:08"
514,62568,truebugs,genus,Euschistus,truebugs,0,0,3,0,https://www.inaturalist.org/observations/27378299,"2022-06-06 09:48:08"
515,62561,leafhopper,species,"Flatormenis proxima",leafhopper,0,0,2,0,https://www.inaturalist.org/observations/27377985,"2022-06-06 09:48:08"
516,62556,caterpillar,genus,Paectes,caterpillar,0,0,2,0,https://www.inaturalist.org/observations/27377881,"2022-06-06 09:48:08"
517,62553,caterpillar,family,Geometridae,caterpillar,0,0,2,0,https://www.inaturalist.org/observations/27377774,"2022-06-06 09:48:08"
518,62551,leafhopper,species,"Ormenoides venusta",leafhopper,0,0,3,0,https://www.inaturalist.org/observations/27377668,"2022-06-06 09:48:08"
519,62550,grasshopper,species,"Cyrtoxipha columbiana",grasshopper,0,0,2,0,https://www.inaturalist.org/observations/27377545,"2022-06-06 09:48:08"
520,62536,leafhopper,species,"Ormenoides venusta",leafhopper,0,0,3,0,https://www.inaturalist.org/observations/27377181,"2022-06-06 09:48:08"
521,62529,caterpillar,superfamily,Tortricoidea,caterpillar,0,0,2,0,https://www.inaturalist.org/observations/27376933,"2022-06-06 09:48:08"
522,62527,caterpillar,superfamily,Tortricoidea,caterpillar,0,0,2,0,https://www.inaturalist.org/observations/27376803,"2022-06-06 09:48:08"
523,62526,truebugs,species,"Arilus cristatus",truebugs,0,0,4,0,https://www.inaturalist.org/observations/27376718,"2022-06-06 09:48:08"
524,62520,caterpillar,family,Geometridae,caterpillar,0,0,2,0,https://www.inaturalist.org/observations/27376239,"2022-06-06 09:48:08"
525,62499,caterpillar,species,"Spilosoma virginica",caterpillar,0,0,2,0,https://www.inaturalist.org/observations/27376044,"2022-06-06 09:48:08"
526,62498,other,suborder,Hemerobiiformia,Neuroptera,0,0,1,0,https://www.inaturalist.org/observations/27375948,"2022-06-06 09:48:08"
527,62490,beetle,genus,Photuris,beetle,0,0,3,0,https://www.inaturalist.org/observations/27375857,"2022-06-06 09:48:08"
528,62348,leafhopper,species,"Ormenoides venusta",leafhopper,0,0,2,0,https://www.inaturalist.org/observations/27323236,"2022-06-06 09:51:08"
529,62342,caterpillar,species,"Lochmaeus bilineata",caterpillar,0,0,3,0,https://www.inaturalist.org/observations/27323002,"2022-06-06 09:51:08"
530,62333,spider,genus,Wulfila,spider,0,0,3,0,https://www.inaturalist.org/observations/27322876,"2022-06-06 09:51:08"
531,62327,caterpillar,superfamily,Tortricoidea,caterpillar,0,0,2,0,https://www.inaturalist.org/observations/27322784,"2022-06-06 09:51:09"
532,62320,caterpillar,genus,Acronicta,caterpillar,0,0,2,0,https://www.inaturalist.org/observations/27322624,"2022-06-06 09:51:09"
533,62318,spider,species,"Colonus sylvanus",spider,0,0,3,0,https://www.inaturalist.org/observations/27322363,"2022-06-06 09:51:09"
534,62315,caterpillar,genus,Acronicta,caterpillar,0,0,2,0,https://www.inaturalist.org/observations/27322259,"2022-06-06 09:51:09"
535,62308,caterpillar,genus,Acronicta,caterpillar,0,0,2,0,https://www.inaturalist.org/observations/27321996,"2022-06-06 09:51:09"
536,62298,caterpillar,species,"Cecrita biundata",caterpillar,0,0,3,0,https://www.inaturalist.org/observations/27321459,"2022-06-06 09:51:09"
537,62269,caterpillar,subfamily,Hypeninae,caterpillar,0,0,2,0,https://www.inaturalist.org/observations/27320501,"2022-06-06 09:51:09"
538,62259,spider,family,Thomisidae,spider,0,0,2,0,https://www.inaturalist.org/observations/27320226,"2022-06-06 09:51:09"
539,62215,spider,genus,Tmarus,spider,0,0,3,0,https://www.inaturalist.org/observations/27288984,"2022-06-06 09:51:09"
540,62214,spider,genus,Anyphaena,spider,0,0,2,0,https://www.inaturalist.org/observations/27288855,"2022-06-06 09:51:09"
541,62209,caterpillar,suborder,Symphyta,bee,0,1,3,1,https://www.inaturalist.org/observations/27288270,"2022-06-06 09:54:07"
542,62206,other,species,"Chinavia hilaris",truebugs,0,0,4,0,https://www.inaturalist.org/observations/27288078,"2022-06-06 09:54:07"
543,62204,caterpillar,species,"Lymantria dispar",caterpillar,0,0,3,0,https://www.inaturalist.org/observations/27287890,"2022-06-06 09:54:07"
544,62203,spider,family,Salticidae,spider,0,0,2,0,https://www.inaturalist.org/observations/27287756,"2022-06-06 09:54:07"
545,62190,caterpillar,species,"Lymantria dispar",caterpillar,0,0,3,0,https://www.inaturalist.org/observations/27286008,"2022-06-06 09:54:07"
546,62163,caterpillar,species,"Lymantria dispar",caterpillar,0,0,3,0,https://www.inaturalist.org/observations/27284793,"2022-06-06 09:54:07"
547,62142,spider,family,Salticidae,spider,0,0,3,0,https://www.inaturalist.org/observations/27282932,"2022-06-06 09:54:07"
548,62137,ant,genus,Crematogaster,ant,0,0,2,0,https://www.inaturalist.org/observations/27282320,"2022-06-06 09:54:07"
549,62129,spider,family,Salticidae,spider,0,0,3,0,https://www.inaturalist.org/observations/27281512,"2022-06-06 09:54:07"
550,62081,caterpillar,genus,Feralia,caterpillar,0,0,2,0,https://www.inaturalist.org/observations/27272664,"2022-06-06 09:54:07"
551,62067,fly,suborder,Zygoptera,Odonata,0,0,4,1,https://www.inaturalist.org/observations/27270858,"2022-06-06 09:57:07"
552,61769,spider,genus,Pelegrina,spider,0,0,2,0,https://www.inaturalist.org/observations/27230421,"2022-06-06 09:57:07"
553,61768,spider,family,Salticidae,spider,0,0,2,0,https://www.inaturalist.org/observations/27230279,"2022-06-06 09:57:07"
554,61762,caterpillar,species,"Lymantria dispar",caterpillar,0,0,3,0,https://www.inaturalist.org/observations/27230114,"2022-06-06 09:57:07"
555,61758,spider,family,Anyphaenidae,spider,0,0,2,0,https://www.inaturalist.org/observations/27229324,"2022-06-06 09:57:07"
556,61750,spider,genus,Pelegrina,spider,0,0,2,0,https://www.inaturalist.org/observations/27228897,"2022-06-06 09:57:07"
557,61766,other,species,"Diapheromera femorata",Phasmida,0,0,2,0,https://www.inaturalist.org/observations/27228746,"2022-06-06 09:57:07"
558,61727,unidentified,suborder,Apocrita,bee,0,0,1,0,https://www.inaturalist.org/observations/27227677,"2022-06-06 09:57:07"
559,61735,spider,family,Salticidae,spider,0,0,2,0,https://www.inaturalist.org/observations/27226951,"2022-06-06 09:57:07"
560,61731,caterpillar,species,"Lymantria dispar",caterpillar,0,0,3,0,https://www.inaturalist.org/observations/27226798,"2022-06-06 09:57:07"
561,61726,spider,family,Philodromidae,spider,0,0,2,0,https://www.inaturalist.org/observations/27226554,"2022-06-06 09:57:07"
562,61723,spider,superfamily,Agelenoidea,spider,0,0,2,0,https://www.inaturalist.org/observations/27226233,"2022-06-06 09:57:07"
563,61714,bee,family,Syrphidae,fly,0,0,5,1,https://www.inaturalist.org/observations/27224624,"2022-06-06 09:57:07"
564,61695,caterpillar,family,Geometridae,caterpillar,0,0,2,0,https://www.inaturalist.org/observations/27222917,"2022-06-06 09:57:07"
565,61684,caterpillar,suborder,Symphyta,bee,0,1,4,1,https://www.inaturalist.org/observations/27222484,"2022-06-06 09:57:07"
567,61559,caterpillar,superfamily,Tortricoidea,moths,0,0,2,0,https://www.inaturalist.org/observations/27213271,"2022-06-06 09:57:07"
568,61556,leafhopper,species,"Ormenoides venusta",leafhopper,0,0,3,0,https://www.inaturalist.org/observations/27212879,"2022-05-30 09:33:08"
569,61554,caterpillar,family,Notodontidae,caterpillar,0,0,2,0,https://www.inaturalist.org/observations/27212751,"2022-05-30 09:33:08"
570,61551,caterpillar,species,"Hyphantria cunea",caterpillar,0,0,3,0,https://www.inaturalist.org/observations/27212551,"2022-05-30 09:33:08"
571,61450,beetle,genus,Photuris,beetle,0,0,3,0,https://www.inaturalist.org/observations/27210785,"2022-05-30 09:33:08"
572,61439,leafhopper,species,"Metcalfa pruinosa",leafhopper,0,0,2,0,https://www.inaturalist.org/observations/27210644,"2022-05-30 09:33:08"
573,61413,beetle,species,"Conoderus lividus",beetle,0,0,3,0,https://www.inaturalist.org/observations/27210006,"2022-05-30 09:33:08"
574,61393,caterpillar,family,Geometridae,caterpillar,0,0,2,0,https://www.inaturalist.org/observations/27209694,"2022-05-30 09:33:08"
575,61373,caterpillar,family,Geometridae,caterpillar,0,0,2,0,https://www.inaturalist.org/observations/27209463,"2022-05-30 09:33:08"
576,61372,leafhopper,species,"Ormenoides venusta",leafhopper,0,0,3,0,https://www.inaturalist.org/observations/27209356,"2022-05-30 09:33:08"
577,61360,other,species,"Leucochrysa insularis",Neuroptera,0,0,2,0,https://www.inaturalist.org/observations/27208979,"2022-05-30 09:33:08"
578,61341,grasshopper,genus,Orocharis,grasshopper,0,0,2,0,https://www.inaturalist.org/observations/27208812,"2022-05-30 09:33:08"
579,61325,caterpillar,family,Geometridae,caterpillar,0,0,2,0,https://www.inaturalist.org/observations/27208397,"2022-05-30 09:33:08"
580,61323,caterpillar,family,Geometridae,caterpillar,0,0,2,0,https://www.inaturalist.org/observations/27208297,"2022-05-30 09:33:08"
581,61289,caterpillar,superfamily,Gelechioidea,caterpillar,0,0,3,0,https://www.inaturalist.org/observations/27207690,"2022-05-30 09:33:08"
582,61279,grasshopper,genus,Oecanthus,grasshopper,0,0,3,0,https://www.inaturalist.org/observations/27205303,"2022-05-30 09:33:08"
583,61274,unidentified,suborder,Hemerobiiformia,Neuroptera,0,0,1,0,https://www.inaturalist.org/observations/27205204,"2022-05-30 09:33:08"
584,61273,unidentified,species,"Hyaliodes harti",truebugs,0,0,2,0,https://www.inaturalist.org/observations/27204995,"2022-05-30 09:33:08"
585,61184,beetle,family,Coccinellidae,beetle,1,0,2,0,https://www.inaturalist.org/observations/27160367,"2022-05-30 09:33:08"
586,61195,fly,genus,Eudioctria,fly,0,0,2,0,https://www.inaturalist.org/observations/27159711,"2022-05-30 09:33:08"
587,61152,spider,infraorder,Entelegynae,spider,0,0,2,0,https://www.inaturalist.org/observations/27159544,"2022-05-30 09:33:08"
588,61151,spider,order,Opiliones,daddylonglegs,0,0,4,1,https://www.inaturalist.org/observations/27159387,"2022-05-30 09:33:08"
589,61126,truebugs,species,"Colladonus clitellarius",leafhopper,0,0,3,1,https://www.inaturalist.org/observations/27159224,"2022-05-30 09:36:07"
590,61198,other,species,"Melikaiella ostensackeni",bee,0,0,3,0,https://www.inaturalist.org/observations/27159050,"2022-05-30 09:36:07"
591,61170,spider,order,Opiliones,daddylonglegs,0,0,3,1,https://www.inaturalist.org/observations/27158738,"2022-05-30 09:36:07"
592,61171,caterpillar,superfamily,Pyraloidea,caterpillar,0,0,2,0,https://www.inaturalist.org/observations/27158283,"2022-05-30 09:36:07"
593,61149,caterpillar,species,"Lymantria dispar",caterpillar,0,0,3,0,https://www.inaturalist.org/observations/27157858,"2022-05-30 09:36:07"
594,61142,caterpillar,species,"Morrisonia confusa",caterpillar,0,0,2,0,https://www.inaturalist.org/observations/27157579,"2022-05-30 09:36:07"
595,61121,spider,order,Opiliones,daddylonglegs,0,0,3,1,https://www.inaturalist.org/observations/27157415,"2022-05-30 09:36:07"
596,61118,spider,order,Opiliones,daddylonglegs,0,0,3,1,https://www.inaturalist.org/observations/27156837,"2022-05-30 09:36:07"
597,61116,truebugs,genus,Euschistus,truebugs,0,0,2,0,https://www.inaturalist.org/observations/27156552,"2022-05-30 09:36:07"
598,61115,caterpillar,superfamily,Yponomeutoidea,caterpillar,0,0,2,0,https://www.inaturalist.org/observations/27156382,"2022-05-30 09:36:07"
599,61110,other,species,"Vasates quadripedes",Endeostigmata,0,0,2,0,https://www.inaturalist.org/observations/27156209,"2022-05-30 09:36:07"
600,61103,spider,family,Tetragnathidae,spider,0,0,2,0,https://www.inaturalist.org/observations/27155812,"2022-05-30 09:36:07"
601,61049,caterpillar,superfamily,Tortricoidea,caterpillar,0,0,2,0,https://www.inaturalist.org/observations/27150691,"2022-05-30 09:36:07"
602,61027,caterpillar,species,"Cecrita biundata",caterpillar,0,0,3,0,https://www.inaturalist.org/observations/27150353,"2022-05-30 09:36:07"
603,61015,beetle,genus,Photinus,beetle,0,0,3,0,https://www.inaturalist.org/observations/27150062,"2022-05-30 09:36:07"
604,61004,caterpillar,species,"Morrisonia confusa",caterpillar,0,0,2,0,https://www.inaturalist.org/observations/27149862,"2022-05-30 09:36:07"
605,61007,caterpillar,superfamily,Tortricoidea,caterpillar,0,0,2,0,https://www.inaturalist.org/observations/27149639,"2022-05-30 09:36:07"
606,60986,caterpillar,genus,Halysidota,caterpillar,0,0,2,0,https://www.inaturalist.org/observations/27149286,"2022-05-30 09:36:07"
607,60979,ant,family,Alydidae,truebugs,0,0,3,1,https://www.inaturalist.org/observations/27149121,"2022-05-30 09:36:07"
608,60945,caterpillar,order,Lepidoptera,caterpillar,0,0,3,0,https://www.inaturalist.org/observations/27114385,"2022-05-30 09:36:07"
609,60805,caterpillar,species,"Acronicta retardata",caterpillar,0,0,3,0,https://www.inaturalist.org/observations/27023981,"2022-05-30 09:36:07"
610,60779,unidentified,genus,Bucculatrix,moths,0,0,1,0,https://www.inaturalist.org/observations/26988555,"2022-05-30 09:36:07"
611,60774,fly,family,Dolichopodidae,fly,0,0,2,0,https://www.inaturalist.org/observations/26988434,"2022-05-30 09:36:07"
612,60753,beetle,family,Lampyridae,beetle,0,0,2,0,https://www.inaturalist.org/observations/26987177,"2022-05-30 09:39:06"
613,60732,caterpillar,superfamily,Tortricoidea,caterpillar,0,0,2,0,https://www.inaturalist.org/observations/26978848,"2022-05-30 09:39:06"
614,60713,caterpillar,family,Geometridae,caterpillar,0,0,2,0,https://www.inaturalist.org/observations/26976097,"2022-05-30 09:39:06"
615,60708,spider,family,Salticidae,spider,0,0,2,0,https://www.inaturalist.org/observations/26972896,"2022-05-30 09:39:06"
616,60691,spider,order,Opiliones,daddylonglegs,0,0,3,1,https://www.inaturalist.org/observations/26971634,"2022-05-30 09:39:06"
617,60502,caterpillar,family,Geometridae,caterpillar,0,0,2,0,https://www.inaturalist.org/observations/26970593,"2022-05-30 09:39:06"
618,60528,caterpillar,genus,Paectes,caterpillar,0,0,2,0,https://www.inaturalist.org/observations/26970335,"2022-05-30 09:39:06"
619,60616,caterpillar,superfamily,Tortricoidea,caterpillar,0,0,2,0,https://www.inaturalist.org/observations/26969748,"2022-05-30 09:39:06"
620,60599,leafhopper,species,"Ormenoides venusta",leafhopper,0,0,2,0,https://www.inaturalist.org/observations/26969602,"2022-05-30 09:39:06"
621,60652,caterpillar,family,Geometridae,caterpillar,0,0,2,0,https://www.inaturalist.org/observations/26969148,"2022-05-30 09:39:06"
622,60600,leafhopper,species,"Flatormenis proxima",leafhopper,0,0,2,0,https://www.inaturalist.org/observations/26967927,"2022-05-30 09:39:06"
623,60631,grasshopper,genus,Oecanthus,grasshopper,0,0,3,0,https://www.inaturalist.org/observations/26967665,"2022-05-30 09:39:06"
624,60626,spider,family,Thomisidae,spider,0,0,2,0,https://www.inaturalist.org/observations/26967456,"2022-05-30 09:39:06"
625,60601,leafhopper,genus,Cedusa,leafhopper,0,0,3,0,https://www.inaturalist.org/observations/26966901,"2022-05-30 09:42:08"
626,60618,grasshopper,species,"Cyrtoxipha columbiana",grasshopper,0,0,2,0,https://www.inaturalist.org/observations/26966447,"2022-05-30 09:42:08"
627,60553,leafhopper,species,"Thionia bullata",leafhopper,0,0,3,0,https://www.inaturalist.org/observations/26965151,"2022-05-30 09:42:08"
628,60497,truebugs,genus,Euschistus,truebugs,0,0,3,0,https://www.inaturalist.org/observations/26964845,"2022-05-30 09:42:08"
629,60476,caterpillar,genus,Paectes,caterpillar,0,0,2,0,https://www.inaturalist.org/observations/26964051,"2022-05-30 09:42:08"
630,60486,caterpillar,family,Geometridae,caterpillar,0,0,2,0,https://www.inaturalist.org/observations/26963942,"2022-05-30 09:42:08"
631,60487,leafhopper,species,"Japananus hyalinus",leafhopper,0,0,2,0,https://www.inaturalist.org/observations/26963721,"2022-05-30 09:42:08"
632,60462,caterpillar,superfamily,Tortricoidea,caterpillar,0,0,2,0,https://www.inaturalist.org/observations/26963366,"2022-05-30 09:42:08"
633,60416,leafhopper,genus,Enchenopa,leafhopper,0,0,3,0,https://www.inaturalist.org/observations/26947967,"2022-05-30 09:42:08"
634,60420,fly,family,Crabronidae,bee,0,0,4,1,https://www.inaturalist.org/observations/26947686,"2022-05-30 09:42:08"
635,60405,beetle,species,"Harmonia axyridis",beetle,0,0,4,0,https://www.inaturalist.org/observations/26947309,"2022-05-30 09:42:08"
636,60403,beetle,species,"Harmonia axyridis",beetle,1,0,4,0,https://www.inaturalist.org/observations/26947225,"2022-05-30 09:42:08"
637,60395,ant,complex,"Formica fusca",ant,0,0,3,0,https://www.inaturalist.org/observations/26946260,"2022-05-30 09:42:08"
638,60394,spider,species,"Lyssomanes viridis",spider,0,0,3,0,https://www.inaturalist.org/observations/26944663,"2022-05-30 09:42:08"
639,60388,fly,family,Chironomidae,fly,0,0,2,0,https://www.inaturalist.org/observations/26944544,"2022-05-30 09:42:08"
640,60389,fly,species,"Toxomerus geminatus",fly,0,0,4,0,https://www.inaturalist.org/observations/26944334,"2022-05-30 09:42:08"
641,60387,spider,species,"Synema parvulum",spider,0,0,3,0,https://www.inaturalist.org/observations/26944198,"2022-05-30 09:42:08"
642,60206,moths,family,Tischeriidae,moths,0,0,2,0,https://www.inaturalist.org/observations/26894413,"2022-05-30 09:45:07"
643,60204,truebugs,genus,Phytocoris,truebugs,0,0,2,0,https://www.inaturalist.org/observations/26893966,"2022-05-30 09:45:07"
644,60203,other,species,"Discus rotundatus",Stylommatophora,0,0,1,0,https://www.inaturalist.org/observations/26893849,"2022-05-30 09:45:07"
645,60198,other,species,"Dermacentor variabilis",Ixodida,0,0,2,0,https://www.inaturalist.org/observations/26893256,"2022-05-30 09:45:07"
646,60195,unidentified,family,Cicadellidae,leafhopper,0,0,1,0,https://www.inaturalist.org/observations/26892677,"2022-05-30 09:45:07"
647,60156,grasshopper,species,"Neoxabea bipunctata",grasshopper,0,0,3,0,https://www.inaturalist.org/observations/26874151,"2022-05-30 09:45:07"
648,60146,beetle,family,Elateridae,beetle,0,0,2,0,https://www.inaturalist.org/observations/26870168,"2022-05-30 09:45:07"
649,60144,truebugs,order,Psocodea,Psocodea,0,0,3,1,https://www.inaturalist.org/observations/26870008,"2022-05-30 09:45:07"
650,60108,leafhopper,suborder,Auchenorrhyncha,leafhopper,0,0,4,0,https://www.inaturalist.org/observations/26863388,"2022-05-30 09:48:08"
651,60134,beetle,species,"Harmonia axyridis",beetle,1,0,4,0,https://www.inaturalist.org/observations/26862134,"2022-05-30 09:48:08"
652,60061,caterpillar,family,Geometridae,caterpillar,0,0,2,0,https://www.inaturalist.org/observations/26861955,"2022-05-30 09:48:08"
653,60055,unidentified,family,Tingidae,truebugs,0,0,1,0,https://www.inaturalist.org/observations/26861783,"2022-05-30 09:48:08"
654,60051,beetle,species,"Harmonia axyridis",beetle,0,0,4,0,https://www.inaturalist.org/observations/26861537,"2022-05-30 09:48:08"
655,60017,caterpillar,subclass,Pterygota,bee,0,1,2,1,https://www.inaturalist.org/observations/26860596,"2022-05-30 09:48:08"
656,59828,caterpillar,genus,Nadata,caterpillar,0,0,2,0,https://www.inaturalist.org/observations/26825735,"2022-05-30 09:48:08"
657,59806,fly,species,"Dialysis rufithorax",fly,0,0,3,0,https://www.inaturalist.org/observations/26823723,"2022-05-30 09:48:08"
658,59773,fly,genus,Condylostylus,fly,0,0,2,0,https://www.inaturalist.org/observations/26822278,"2022-05-30 09:48:08"
659,60860,beetle,order,Blattodea,Blattodea,0,0,3,1,https://www.inaturalist.org/observations/26817748,"2022-05-30 09:48:08"
660,59753,beetle,species,"Harmonia axyridis",beetle,0,0,3,0,https://www.inaturalist.org/observations/26816497,"2022-05-30 09:48:08"
661,59689,beetle,tribe,Coccinellini,beetle,0,0,2,0,https://www.inaturalist.org/observations/26809855,"2022-05-30 09:48:08"
662,59654,leafhopper,family,Flatidae,leafhopper,0,0,2,0,https://www.inaturalist.org/observations/26806068,"2022-05-30 09:48:08"
663,59655,caterpillar,superfamily,Tortricoidea,caterpillar,0,0,2,0,https://www.inaturalist.org/observations/26806018,"2022-05-30 09:48:08"
664,59619,caterpillar,family,Notodontidae,caterpillar,0,0,2,0,https://www.inaturalist.org/observations/26805975,"2022-05-30 09:48:08"
665,59633,leafhopper,species,"Graphocephala versuta",leafhopper,0,0,3,0,https://www.inaturalist.org/observations/26805785,"2022-05-30 09:48:08"
666,59634,caterpillar,family,Geometridae,caterpillar,0,0,2,0,https://www.inaturalist.org/observations/26805737,"2022-05-30 09:48:08"
667,59630,caterpillar,species,"Pyrrharctia isabella",caterpillar,0,0,3,0,https://www.inaturalist.org/observations/26805690,"2020-08-17 03:54:13"
668,59632,caterpillar,superfamily,Tortricoidea,caterpillar,0,0,2,0,https://www.inaturalist.org/observations/26805620,"2022-05-30 09:48:08"
669,59615,caterpillar,species,"Halysidota harrisii",caterpillar,0,0,3,0,https://www.inaturalist.org/observations/26805471,"2022-05-30 09:48:08"
670,59616,caterpillar,subfamily,Lymantriinae,caterpillar,0,0,2,0,https://www.inaturalist.org/observations/26805439,"2022-05-30 09:51:08"
671,59608,grasshopper,genus,Oecanthus,grasshopper,0,0,3,0,https://www.inaturalist.org/observations/26805247,"2022-05-30 09:51:08"
672,59594,caterpillar,family,Geometridae,caterpillar,0,0,2,0,https://www.inaturalist.org/observations/26804931,"2022-05-30 09:51:08"
673,59590,leafhopper,species,"Thionia quinquata",leafhopper,0,0,2,0,https://www.inaturalist.org/observations/26804890,"2022-05-30 09:51:08"
674,59591,leafhopper,species,"Thionia bullata",leafhopper,0,0,2,0,https://www.inaturalist.org/observations/26804748,"2022-05-30 09:51:08"
675,59577,caterpillar,genus,Paectes,caterpillar,0,0,2,0,https://www.inaturalist.org/observations/26804510,"2022-05-30 09:51:08"
676,59557,spider,species,"Verrucosa arenata",spider,0,0,3,0,https://www.inaturalist.org/observations/26804073,"2022-05-30 09:51:08"
677,62442,fly,family,Gomphidae,Odonata,0,0,3,1,https://www.inaturalist.org/observations/26803917,"2022-05-30 09:51:08"
678,59527,leafhopper,genus,Paraphlepsius,leafhopper,0,0,2,0,https://www.inaturalist.org/observations/26803641,"2022-05-30 09:51:08"
679,59526,beetle,species,"Harmonia axyridis",beetle,0,0,4,0,https://www.inaturalist.org/observations/26803573,"2022-05-30 09:51:08"
680,59522,caterpillar,family,Geometridae,caterpillar,0,0,2,0,https://www.inaturalist.org/observations/26803486,"2022-05-30 09:51:08"
681,59514,leafhopper,genus,Thionia,leafhopper,0,0,2,0,https://www.inaturalist.org/observations/26803373,"2022-05-30 09:51:08"
682,59512,grasshopper,species,"Cyrtoxipha columbiana",grasshopper,0,0,2,0,https://www.inaturalist.org/observations/26803328,"2022-05-30 09:51:08"
683,59504,caterpillar,family,Notodontidae,caterpillar,0,0,2,0,https://www.inaturalist.org/observations/26803192,"2022-05-30 09:51:08"
684,59503,caterpillar,family,Geometridae,caterpillar,0,0,2,0,https://www.inaturalist.org/observations/26803081,"2022-05-30 09:51:08"
685,59487,leafhopper,species,"Ormenoides venusta",leafhopper,0,0,2,0,https://www.inaturalist.org/observations/26802952,"2022-05-30 09:51:08"
686,59486,caterpillar,genus,Paectes,caterpillar,0,0,2,0,https://www.inaturalist.org/observations/26802891,"2022-05-30 09:51:08"
687,59451,caterpillar,family,Geometridae,caterpillar,0,0,2,0,https://www.inaturalist.org/observations/26802746,"2022-05-30 09:51:08"
688,59434,caterpillar,family,Geometridae,caterpillar,0,0,2,0,https://www.inaturalist.org/observations/26802487,"2022-05-30 09:51:08"
689,59416,leafhopper,species,"Ormenoides venusta",leafhopper,0,0,2,0,https://www.inaturalist.org/observations/26802221,"2022-05-30 09:51:08"
690,59420,caterpillar,genus,Paectes,caterpillar,0,0,2,0,https://www.inaturalist.org/observations/26802173,"2022-05-30 09:51:08"
691,59415,leafhopper,species,"Ormenoides venusta",leafhopper,0,0,2,0,https://www.inaturalist.org/observations/26802124,"2022-05-30 09:51:08"
692,59396,caterpillar,family,Geometridae,caterpillar,0,0,2,0,https://www.inaturalist.org/observations/26801735,"2022-05-30 09:51:08"
693,59386,bee,genus,Cerotainia,fly,0,0,5,1,https://www.inaturalist.org/observations/26801705,"2022-05-30 09:51:08"
694,59384,caterpillar,family,Geometridae,caterpillar,0,0,2,0,https://www.inaturalist.org/observations/26801552,"2022-05-30 09:51:08"
695,59060,fly,order,Ephemeroptera,Ephemeroptera,0,0,3,1,https://www.inaturalist.org/observations/26684762,"2022-05-30 09:54:07"
696,58940,beetle,species,"Harmonia axyridis",beetle,0,0,4,0,https://www.inaturalist.org/observations/26611658,"2022-05-30 09:54:07"
697,58938,spider,family,Linyphiidae,spider,0,0,3,0,https://www.inaturalist.org/observations/26611595,"2022-05-30 09:54:07"
698,58933,moths,order,Lepidoptera,caterpillar,0,0,2,0,https://www.inaturalist.org/observations/26611403,"2022-05-30 09:54:07"
699,58928,truebugs,suborder,Heteroptera,truebugs,0,0,2,0,https://www.inaturalist.org/observations/26610968,"2022-05-30 09:54:07"
700,58922,unidentified,subfamily,Apioninae,beetle,0,0,2,0,https://www.inaturalist.org/observations/26608108,"2022-05-30 09:54:07"
701,58855,aphid,suborder,Sternorrhyncha,aphid,0,0,2,0,https://www.inaturalist.org/observations/26557406,"2022-05-30 09:54:07"
702,58843,caterpillar,superfamily,Tortricoidea,caterpillar,0,0,2,0,https://www.inaturalist.org/observations/26556926,"2022-05-30 09:57:07"
703,58831,spider,family,Araneidae,spider,0,0,2,0,https://www.inaturalist.org/observations/26555964,"2022-05-30 09:57:07"
704,58783,caterpillar,family,Geometridae,caterpillar,0,0,2,0,https://www.inaturalist.org/observations/26553276,"2022-05-30 09:57:07"
705,58764,caterpillar,family,Geometridae,caterpillar,0,0,2,0,https://www.inaturalist.org/observations/26550944,"2022-05-30 09:57:07"
706,58759,caterpillar,family,Geometridae,caterpillar,0,0,2,0,https://www.inaturalist.org/observations/26550782,"2022-05-30 09:57:07"
707,58753,caterpillar,family,Geometridae,caterpillar,0,0,2,0,https://www.inaturalist.org/observations/26550707,"2022-05-30 09:57:07"
708,58749,caterpillar,family,Geometridae,caterpillar,0,0,2,0,https://www.inaturalist.org/observations/26550524,"2022-05-30 09:57:07"
709,58725,caterpillar,species,"Hyphantria cunea",caterpillar,0,0,2,0,https://www.inaturalist.org/observations/26550084,"2022-05-30 09:57:07"
710,58674,caterpillar,genus,Paectes,caterpillar,0,0,2,0,https://www.inaturalist.org/observations/26549021,"2022-05-30 09:57:07"
711,58664,caterpillar,species,"Schizura ipomaeae",caterpillar,0,0,3,0,https://www.inaturalist.org/observations/26548726,"2022-05-30 09:57:07"
712,58631,leafhopper,genus,Thionia,leafhopper,0,0,3,0,https://www.inaturalist.org/observations/26547795,"2022-05-30 09:57:07"
713,58619,caterpillar,genus,Paectes,caterpillar,0,0,2,0,https://www.inaturalist.org/observations/26547628,"2022-05-30 09:57:07"
714,58588,caterpillar,family,Geometridae,caterpillar,0,0,2,0,https://www.inaturalist.org/observations/26547049,"2022-05-30 09:57:07"
715,58582,leafhopper,genus,Stictocephala,leafhopper,0,0,2,0,https://www.inaturalist.org/observations/26546896,"2022-05-30 09:57:07"
716,58564,beetle,genus,Bassareus,beetle,0,0,2,0,https://www.inaturalist.org/observations/26546605,"2022-05-30 09:57:07"
717,58548,leafhopper,genus,Cedusa,leafhopper,0,0,3,0,https://www.inaturalist.org/observations/26546036,"2022-05-30 09:57:07"
718,58545,unidentified,family,Aphididae,aphid,0,0,1,0,https://www.inaturalist.org/observations/26545459,"2022-05-30 09:57:07"
719,58538,caterpillar,suborder,Symphyta,bee,0,1,4,1,https://www.inaturalist.org/observations/26513144,"2022-05-23 09:24:07"
720,58341,caterpillar,superfamily,Tortricoidea,caterpillar,0,0,2,0,https://www.inaturalist.org/observations/26490170,"2022-05-23 09:24:07"
721,58210,spider,family,Dictynidae,spider,0,0,3,0,https://www.inaturalist.org/observations/26443993,"2022-05-23 09:24:07"
722,58182,unidentified,suborder,Hemerobiiformia,Neuroptera,0,0,1,0,https://www.inaturalist.org/observations/26442575,"2022-05-23 09:24:07"
723,58160,caterpillar,species,"Lymantria dispar",caterpillar,0,0,3,0,https://www.inaturalist.org/observations/26442344,"2022-05-23 09:24:07"
724,58136,other,subfamily,Chironominae,fly,0,0,2,0,https://www.inaturalist.org/observations/26441185,"2022-05-23 09:24:07"
725,58134,other,suborder,Hemerobiiformia,Neuroptera,0,0,1,0,https://www.inaturalist.org/observations/26441124,"2022-05-23 09:24:07"
726,58110,spider,genus,Parasteatoda,spider,0,0,3,0,https://www.inaturalist.org/observations/26440301,"2022-05-23 09:24:07"
727,58034,spider,genus,Synageles,spider,0,0,3,0,https://www.inaturalist.org/observations/26437881,"2022-05-23 09:24:07"
728,58024,other,genus,Graphopsocus,Psocodea,0,0,2,0,https://www.inaturalist.org/observations/26437389,"2022-05-23 09:24:07"
729,57978,unidentified,suborder,Hemerobiiformia,Neuroptera,0,0,1,0,https://www.inaturalist.org/observations/26435977,"2022-05-23 09:24:07"
730,57965,ant,subgenus,Myrmentoma,ant,0,0,4,0,https://www.inaturalist.org/observations/26415546,"2022-05-23 09:24:07"
731,57963,ant,species,"Camponotus chromaiodes",ant,0,0,3,0,https://www.inaturalist.org/observations/26415465,"2022-05-23 09:24:07"
732,57962,truebugs,genus,Photinus,beetle,0,0,4,1,https://www.inaturalist.org/observations/26415436,"2022-05-23 09:24:07"
733,57957,truebugs,order,Diptera,fly,0,0,3,1,https://www.inaturalist.org/observations/26414835,"2022-05-23 09:24:07"
734,57955,ant,species,"Camponotus chromaiodes",ant,0,0,3,0,https://www.inaturalist.org/observations/26414738,"2022-05-23 09:27:08"
735,57954,beetle,species,"Harmonia axyridis",beetle,0,0,4,0,https://www.inaturalist.org/observations/26414610,"2022-05-23 09:27:08"
736,57953,fly,family,Cicadellidae,leafhopper,0,0,4,1,https://www.inaturalist.org/observations/26414567,"2022-05-23 09:27:08"
737,57951,beetle,genus,Photinus,beetle,0,0,3,0,https://www.inaturalist.org/observations/26413291,"2022-05-23 09:27:08"
738,57950,ant,complex,"Formica fusca",ant,0,0,3,0,https://www.inaturalist.org/observations/26413218,"2022-05-23 09:27:08"
739,57932,beetle,species,"Alaus oculatus",beetle,0,0,5,0,https://www.inaturalist.org/observations/26402946,"2022-05-23 09:27:08"
740,57922,caterpillar,species,"Lymantria dispar",caterpillar,0,0,3,0,https://www.inaturalist.org/observations/26401399,"2022-05-23 09:27:08"
741,57908,caterpillar,species,"Lymantria dispar",caterpillar,0,0,3,0,https://www.inaturalist.org/observations/26400441,"2022-05-23 09:27:08"
742,57907,caterpillar,class,Insecta,moths,0,0,1,0,https://www.inaturalist.org/observations/26400268,"2022-05-23 09:27:08"
743,57902,fly,zoosubsection,Calyptratae,fly,0,0,2,0,https://www.inaturalist.org/observations/26397748,"2022-05-23 09:27:08"
744,57885,caterpillar,order,Coleoptera,beetle,1,0,3,1,https://www.inaturalist.org/observations/26395883,"2022-05-23 09:27:08"
745,57834,caterpillar,species,"Cecrita guttivitta",caterpillar,0,0,3,0,https://www.inaturalist.org/observations/26385399,"2022-05-23 09:27:08"
746,57825,other,family,Chironomidae,fly,0,0,1,0,https://www.inaturalist.org/observations/26385310,"2022-05-23 09:27:08"
747,57820,caterpillar,family,Geometridae,caterpillar,0,0,2,0,https://www.inaturalist.org/observations/26385148,"2022-05-23 09:27:08"
748,57713,leafhopper,genus,Cedusa,leafhopper,0,0,4,0,https://www.inaturalist.org/observations/26383294,"2022-05-23 09:27:08"
749,57679,unidentified,family,Berytidae,truebugs,0,0,1,0,https://www.inaturalist.org/observations/26382765,"2022-05-23 09:27:08"
750,57584,moths,species,"Lycorma delicatula",leafhopper,0,0,6,1,https://www.inaturalist.org/observations/26344769,"2022-05-23 09:27:08"
751,57564,fly,species,"Chrysopilus thoracicus",fly,0,0,3,0,https://www.inaturalist.org/observations/26337953,"2022-05-23 09:27:08"
752,57563,fly,species,"Chrysopilus thoracicus",fly,0,0,3,0,https://www.inaturalist.org/observations/26337837,"2022-05-23 09:27:08"
753,57561,daddylonglegs,order,Opiliones,daddylonglegs,0,0,2,0,https://www.inaturalist.org/observations/26337542,"2022-05-23 09:27:08"
754,57533,spider,species,"Leucauge venusta",spider,0,0,4,0,https://www.inaturalist.org/observations/26336264,"2022-05-23 09:30:08"
755,57506,caterpillar,genus,Lithophane,caterpillar,0,0,2,0,https://www.inaturalist.org/observations/26334398,"2022-05-23 09:30:09"
756,57502,bee,species,"Bombus impatiens",bee,0,0,4,0,https://www.inaturalist.org/observations/26334296,"2022-05-23 09:30:09"
757,57478,spider,superfamily,Thomisoidea,spider,0,0,2,0,https://www.inaturalist.org/observations/26332962,"2022-05-23 09:30:09"
758,57381,caterpillar,species,"Orgyia leucostigma",caterpillar,0,0,2,0,https://www.inaturalist.org/observations/26323166,"2022-05-23 09:30:09"
759,57358,caterpillar,species,"Cecrita biundata",caterpillar,0,0,3,0,https://www.inaturalist.org/observations/26323041,"2022-05-23 09:30:09"
760,57360,caterpillar,family,Geometridae,caterpillar,0,0,2,0,https://www.inaturalist.org/observations/26322824,"2022-05-23 09:30:09"
761,57354,caterpillar,species,"Morrisonia confusa",caterpillar,0,0,2,0,https://www.inaturalist.org/observations/26322505,"2022-05-23 09:30:09"
762,57312,caterpillar,family,Syrphidae,fly,0,0,5,1,https://www.inaturalist.org/observations/26321254,"2022-05-23 09:30:09"
763,57122,beetle,species,"Harmonia axyridis",beetle,0,0,4,0,https://www.inaturalist.org/observations/26125133,"2022-05-23 09:30:09"
764,57049,caterpillar,family,Noctuidae,caterpillar,0,0,2,0,https://www.inaturalist.org/observations/26114306,"2022-05-23 09:30:09"
765,56981,caterpillar,family,Geometridae,caterpillar,0,0,2,0,https://www.inaturalist.org/observations/26112643,"2022-05-23 09:30:09"
766,56971,caterpillar,family,Geometridae,caterpillar,0,0,2,0,https://www.inaturalist.org/observations/26112227,"2022-05-23 09:30:09"
767,56899,grasshopper,species,"Camptonotus carolinensis",grasshopper,0,0,3,0,https://www.inaturalist.org/observations/26086432,"2022-05-23 09:33:08"
768,56889,beetle,species,"Acanthocephala terminalis",truebugs,0,0,3,1,https://www.inaturalist.org/observations/26077427,"2022-05-23 09:33:08"
769,56875,fly,order,Ephemeroptera,Ephemeroptera,0,0,3,1,https://www.inaturalist.org/observations/26075027,"2022-05-23 09:33:08"
770,56860,daddylonglegs,genus,Leiobunum,daddylonglegs,0,0,2,0,https://www.inaturalist.org/observations/26074368,"2022-05-23 09:33:08"
771,56855,caterpillar,species,"Lymantria dispar",caterpillar,0,0,3,0,https://www.inaturalist.org/observations/26074097,"2022-05-23 09:33:08"
772,56850,caterpillar,class,Insecta,moths,0,0,1,0,https://www.inaturalist.org/observations/26073795,"2022-05-23 09:33:08"
773,56840,beetle,species,"Polydrusus formosus",beetle,0,0,4,0,https://www.inaturalist.org/observations/26072467,"2022-05-23 09:33:08"
774,56839,caterpillar,order,Coleoptera,beetle,0,0,3,1,https://www.inaturalist.org/observations/26071881,"2022-05-23 09:33:08"
775,56836,beetle,species,"Ellychnia corrusca",beetle,0,0,4,0,https://www.inaturalist.org/observations/26069914,"2022-05-23 09:33:08"
776,56831,caterpillar,suborder,Symphyta,bee,0,1,3,1,https://www.inaturalist.org/observations/26069086,"2022-05-23 09:33:08"
777,56832,ant,genus,Camponotus,ant,0,0,3,0,https://www.inaturalist.org/observations/26069041,"2022-05-23 09:33:08"
778,56829,beetle,family,Elateridae,beetle,0,0,2,0,https://www.inaturalist.org/observations/26066048,"2022-05-23 09:33:08"
779,56828,caterpillar,suborder,Symphyta,bee,0,1,4,1,https://www.inaturalist.org/observations/26065961,"2022-05-23 09:33:08"
780,56827,caterpillar,superfamily,Tortricoidea,caterpillar,0,0,2,0,https://www.inaturalist.org/observations/26065899,"2022-05-23 09:33:08"
781,56826,ant,subfamily,Formicinae,ant,0,0,4,0,https://www.inaturalist.org/observations/26065429,"2022-05-23 09:33:08"
782,56809,daddylonglegs,species,"Leiobunum verrucosum",daddylonglegs,0,0,2,0,https://www.inaturalist.org/observations/26061320,"2022-05-23 09:33:08"
783,56808,ant,species,"Camponotus chromaiodes",ant,0,0,4,0,https://www.inaturalist.org/observations/26061199,"2022-05-23 09:33:08"
784,56802,beetle,genus,Photinus,beetle,0,0,2,0,https://www.inaturalist.org/observations/26060804,"2022-05-23 09:33:08"
785,56742,caterpillar,superfamily,Tortricoidea,caterpillar,0,0,2,0,https://www.inaturalist.org/observations/26057278,"2022-05-23 09:33:08"
786,56657,beetle,family,Elateridae,beetle,0,0,2,0,https://www.inaturalist.org/observations/26018303,"2022-05-23 09:33:08"
787,56649,beetle,species,"Harmonia axyridis",beetle,1,0,3,0,https://www.inaturalist.org/observations/26018115,"2022-05-23 09:33:08"
789,56631,unidentified,order,Diptera,fly,0,0,1,0,https://www.inaturalist.org/observations/26017133,"2022-05-23 09:33:08"
790,56604,caterpillar,family,Geometridae,caterpillar,0,0,2,0,https://www.inaturalist.org/observations/26015751,"2022-05-23 09:33:08"
791,56603,other,infraorder,Culicomorpha,fly,0,0,2,0,https://www.inaturalist.org/observations/26015701,"2022-05-23 09:33:08"
792,56602,unidentified,genus,Curculio,beetle,0,0,2,0,https://www.inaturalist.org/observations/26015454,"2022-05-23 09:33:08"
793,56582,caterpillar,species,"Lymantria dispar",caterpillar,0,0,3,0,https://www.inaturalist.org/observations/26014341,"2022-05-23 09:33:08"
794,56580,beetle,species,"Polydrusus formosus",beetle,0,0,4,0,https://www.inaturalist.org/observations/26014100,"2022-05-23 09:33:08"
795,56579,caterpillar,species,"Lymantria dispar",caterpillar,0,0,3,0,https://www.inaturalist.org/observations/26014059,"2022-05-23 09:33:08"
796,56576,fly,superfamily,Chalcidoidea,bee,0,0,3,1,https://www.inaturalist.org/observations/26012404,"2022-05-23 09:33:08"
797,56575,unidentified,order,Diptera,fly,0,0,1,0,https://www.inaturalist.org/observations/26012085,"2022-05-23 09:36:07"
798,56496,unidentified,species,"Micrathena sagittata",spider,0,0,3,0,https://www.inaturalist.org/observations/25998615,"2022-05-23 09:36:10"
799,56391,beetle,tribe,Coccinellini,beetle,0,0,4,0,https://www.inaturalist.org/observations/25995490,"2022-05-23 09:36:10"
800,56323,truebugs,species,"Arilus cristatus",truebugs,0,0,3,0,https://www.inaturalist.org/observations/25940224,"2022-05-23 09:36:10"
801,56304,caterpillar,family,Geometridae,caterpillar,0,0,2,0,https://www.inaturalist.org/observations/25939984,"2022-05-23 09:36:11"
802,56303,caterpillar,genus,Orgyia,caterpillar,0,0,2,0,https://www.inaturalist.org/observations/25939910,"2022-05-23 09:36:11"
803,56287,caterpillar,species,"Hyphantria cunea",caterpillar,0,0,2,0,https://www.inaturalist.org/observations/25939707,"2022-05-23 09:36:11"
804,56285,caterpillar,family,Geometridae,caterpillar,0,0,2,0,https://www.inaturalist.org/observations/25939675,"2022-05-23 09:36:11"
805,56249,caterpillar,family,Noctuidae,caterpillar,0,0,2,0,https://www.inaturalist.org/observations/25939218,"2022-05-23 09:36:11"
806,56239,leafhopper,genus,Thionia,leafhopper,0,0,3,0,https://www.inaturalist.org/observations/25939174,"2022-05-23 09:36:11"
807,56231,caterpillar,species,"Orgyia leucostigma",caterpillar,0,0,3,0,https://www.inaturalist.org/observations/25939024,"2022-05-23 09:36:11"
808,56226,spider,genus,Eustala,spider,0,0,3,0,https://www.inaturalist.org/observations/25938932,"2022-05-23 09:36:11"
809,56188,caterpillar,species,"Macaria bisignata",caterpillar,0,0,2,0,https://www.inaturalist.org/observations/25938413,"2022-05-23 09:36:11"
810,56177,caterpillar,species,"Acronicta retardata",caterpillar,0,0,3,0,https://www.inaturalist.org/observations/25938345,"2022-05-23 09:36:11"
811,56168,caterpillar,species,"Hyphantria cunea",caterpillar,0,0,2,0,https://www.inaturalist.org/observations/25938142,"2022-05-23 09:36:11"
812,56137,caterpillar,family,Geometridae,caterpillar,0,0,2,0,https://www.inaturalist.org/observations/25937801,"2022-05-23 09:36:11"
813,56138,caterpillar,family,Geometridae,caterpillar,0,0,2,0,https://www.inaturalist.org/observations/25937689,"2022-05-23 09:36:11"
814,56133,caterpillar,family,Geometridae,caterpillar,0,0,2,0,https://www.inaturalist.org/observations/25937601,"2022-05-23 09:36:11"
815,56122,caterpillar,family,Geometridae,caterpillar,0,0,2,0,https://www.inaturalist.org/observations/25937386,"2022-05-23 09:36:11"
816,56073,beetle,family,Tenebrionidae,beetle,0,0,2,0,https://www.inaturalist.org/observations/25897475,"2022-05-23 09:36:11"
817,56063,aphid,family,Cicadellidae,leafhopper,0,0,3,1,https://www.inaturalist.org/observations/25874792,"2022-05-23 09:39:07"
818,56058,ant,species,"Camponotus chromaiodes",ant,0,0,3,0,https://www.inaturalist.org/observations/25874446,"2022-05-23 09:39:07"
819,56054,caterpillar,family,Geometridae,caterpillar,0,0,2,0,https://www.inaturalist.org/observations/25874240,"2022-05-23 09:39:07"
820,56053,fly,suborder,Apocrita,bee,0,0,3,1,https://www.inaturalist.org/observations/25873972,"2022-05-23 09:39:07"
821,56052,caterpillar,kingdom,Plantae,moths,0,0,1,0,https://www.inaturalist.org/observations/25873877,"2022-05-23 09:39:07"
822,55883,caterpillar,superfamily,Tortricoidea,caterpillar,0,0,2,0,https://www.inaturalist.org/observations/25693770,"2022-05-23 09:39:07"
823,55865,unidentified,family,Tettigoniidae,grasshopper,0,0,1,0,https://www.inaturalist.org/observations/25686549,"2022-05-23 09:39:07"
824,55800,beetle,genus,Anelaphus,beetle,0,0,3,0,https://www.inaturalist.org/observations/25674332,"2022-05-23 09:39:07"
825,55792,caterpillar,family,Geometridae,caterpillar,0,0,2,0,https://www.inaturalist.org/observations/25674275,"2022-05-23 09:39:07"
826,55760,leafhopper,species,"Thionia quinquata",leafhopper,0,0,5,0,https://www.inaturalist.org/observations/25673753,"2022-05-23 09:39:07"
827,55755,caterpillar,species,"Hyphantria cunea",caterpillar,0,0,2,0,https://www.inaturalist.org/observations/25673676,"2022-05-23 09:39:07"
828,55722,caterpillar,family,Noctuidae,caterpillar,0,0,2,0,https://www.inaturalist.org/observations/25673098,"2022-05-23 09:39:07"
829,55634,fly,family,Lauxaniidae,fly,0,0,2,0,https://www.inaturalist.org/observations/25672013,"2022-05-23 09:39:07"
830,55600,fly,infraorder,Tipulomorpha,fly,0,0,2,0,https://www.inaturalist.org/observations/25646167,"2022-05-23 09:39:07"
831,55569,unidentified,order,Pseudoscorpiones,Pseudoscorpiones,0,0,1,0,https://www.inaturalist.org/observations/25631023,"2022-05-23 09:39:07"
832,55556,truebugs,genus,Banasa,truebugs,0,0,3,0,https://www.inaturalist.org/observations/25629554,"2022-05-23 09:39:07"
833,55538,unidentified,order,Psocodea,Psocodea,0,0,1,0,https://www.inaturalist.org/observations/25621806,"2022-05-23 09:39:07"
834,55503,caterpillar,order,Lepidoptera,caterpillar,0,0,3,0,https://www.inaturalist.org/observations/25617119,"2022-05-23 09:42:07"
835,55502,unidentified,order,Diptera,fly,0,0,1,0,https://www.inaturalist.org/observations/25615425,"2022-05-23 09:42:07"
836,55500,spider,species,"Misumessus oblongus",spider,0,0,2,0,https://www.inaturalist.org/observations/25615270,"2022-05-23 09:42:07"
837,55475,other,species,"Argia tibialis",Odonata,0,0,2,0,https://www.inaturalist.org/observations/25614797,"2022-05-23 09:42:07"
838,55472,spider,genus,Eustala,spider,0,0,3,0,https://www.inaturalist.org/observations/25614635,"2022-05-23 09:42:07"
839,55457,caterpillar,family,Noctuidae,caterpillar,0,0,2,0,https://www.inaturalist.org/observations/25614371,"2022-05-23 09:42:07"
840,55381,bee,species,"Nematus latitarsus",bee,0,1,3,1,https://www.inaturalist.org/observations/25591155,"2022-05-23 09:42:07"
841,55380,fly,order,Diptera,fly,0,0,2,0,https://www.inaturalist.org/observations/25591083,"2022-05-23 09:42:07"
842,55379,fly,species,"Eupeodes pomus",fly,0,0,3,0,https://www.inaturalist.org/observations/25591052,"2022-05-23 09:42:07"
843,55371,caterpillar,family,Geometridae,caterpillar,0,0,2,0,https://www.inaturalist.org/observations/25576769,"2022-05-23 09:42:07"
844,55354,truebugs,superfamily,Curculionoidea,beetle,0,0,5,1,https://www.inaturalist.org/observations/25573559,"2022-05-23 09:42:07"
845,55337,fly,family,Tingidae,truebugs,0,0,3,1,https://www.inaturalist.org/observations/25564851,"2022-05-23 09:42:07"
846,55267,other,subfamily,Syrphinae,fly,0,0,2,0,https://www.inaturalist.org/observations/25559802,"2022-05-23 09:42:07"
847,55058,spider,species,"Paraphidippus aurantius",spider,0,0,3,0,https://www.inaturalist.org/observations/25499993,"2022-05-23 09:42:07"
848,55016,moths,species,"Lon zabulon",moths,0,0,3,0,https://www.inaturalist.org/observations/25499297,"2022-05-23 09:42:07"
849,54994,unidentified,family,Aphididae,aphid,0,0,1,0,https://www.inaturalist.org/observations/25498896,"2022-05-23 09:42:07"
850,54959,caterpillar,family,Geometridae,caterpillar,0,0,2,0,https://www.inaturalist.org/observations/25498363,"2022-05-23 09:45:07"
851,54932,caterpillar,family,Geometridae,caterpillar,0,0,2,0,https://www.inaturalist.org/observations/25498021,"2022-05-23 09:45:07"
852,54844,ant,genus,Camponotus,ant,0,0,2,0,https://www.inaturalist.org/observations/25440341,"2022-05-23 09:45:07"
853,54841,truebugs,genus,Acanthocephala,truebugs,0,0,2,0,https://www.inaturalist.org/observations/25440258,"2022-05-23 09:45:07"
854,54794,grasshopper,family,Miridae,truebugs,0,0,4,1,https://www.inaturalist.org/observations/25438778,"2022-05-23 09:45:07"
855,54760,beetle,species,"Zygogramma suturalis",beetle,0,0,3,0,https://www.inaturalist.org/observations/25404196,"2022-05-23 09:45:07"
856,54758,caterpillar,suborder,Symphyta,bee,0,1,3,1,https://www.inaturalist.org/observations/25403960,"2022-05-23 09:45:07"
857,54755,truebugs,genus,Brochymena,truebugs,0,0,2,0,https://www.inaturalist.org/observations/25403544,"2022-05-23 09:45:07"
858,54690,spider,genus,Xysticus,spider,0,0,3,0,https://www.inaturalist.org/observations/25267600,"2022-05-23 09:45:08"
859,54689,caterpillar,family,Noctuidae,caterpillar,0,0,2,0,https://www.inaturalist.org/observations/25267448,"2022-05-23 09:45:08"
860,54612,unidentified,species,"Forficula auricularia",Dermaptera,0,0,2,0,https://www.inaturalist.org/observations/25260818,"2022-05-23 09:45:08"
861,54581,caterpillar,species,"Epimecis hortaria",caterpillar,0,0,2,0,https://www.inaturalist.org/observations/25260447,"2022-05-23 09:45:08"
862,54561,beetle,species,"Chauliognathus marginatus",beetle,0,0,5,0,https://www.inaturalist.org/observations/25260269,"2022-05-23 09:45:08"
863,54520,caterpillar,subfamily,Lymantriinae,caterpillar,0,0,2,0,https://www.inaturalist.org/observations/25259616,"2022-05-23 09:45:08"
864,54493,other,suborder,Hemerobiiformia,Neuroptera,0,0,1,0,https://www.inaturalist.org/observations/25258914,"2022-05-23 09:45:08"
865,54454,caterpillar,family,Geometridae,caterpillar,0,0,2,0,https://www.inaturalist.org/observations/25214792,"2022-05-23 09:45:08"
866,54362,spider,species,"Leucauge venusta",spider,0,0,3,0,https://www.inaturalist.org/observations/25210065,"2022-05-23 09:45:08"
867,54346,spider,species,"Lyssomanes viridis",spider,0,0,3,0,https://www.inaturalist.org/observations/25209803,"2022-05-23 09:45:08"
868,54338,caterpillar,family,Geometridae,caterpillar,0,0,2,0,https://www.inaturalist.org/observations/25209529,"2022-05-23 09:45:08"
869,54335,caterpillar,suborder,Symphyta,bee,0,1,4,1,https://www.inaturalist.org/observations/25209451,"2022-05-23 09:45:08"
870,54324,moths,subfamily,Amphipyrinae,moths,0,0,2,0,https://www.inaturalist.org/observations/25183317,"2022-05-23 09:45:08"
871,53939,caterpillar,species,"Orgyia leucostigma",caterpillar,0,0,2,0,https://www.inaturalist.org/observations/25108425,"2022-05-23 09:48:07"
872,53851,caterpillar,species,"Epimecis hortaria",caterpillar,0,0,2,0,https://www.inaturalist.org/observations/25106985,"2022-05-23 09:48:07"
873,53834,caterpillar,family,Geometridae,caterpillar,0,0,2,0,https://www.inaturalist.org/observations/25106565,"2022-05-23 09:48:07"
874,53809,caterpillar,family,Noctuidae,caterpillar,0,0,2,0,https://www.inaturalist.org/observations/25105837,"2022-05-23 09:48:07"
875,53800,spider,species,"Colonus sylvanus",spider,0,0,3,0,https://www.inaturalist.org/observations/25105690,"2022-05-23 09:48:07"
876,53726,spider,family,Trachelidae,spider,0,0,3,0,https://www.inaturalist.org/observations/25056021,"2022-05-23 09:48:07"
877,53682,ant,species,"Prenolepis imparis",ant,0,0,2,0,https://www.inaturalist.org/observations/24960925,"2022-05-23 09:48:07"
878,53674,ant,species,"Camponotus castaneus",ant,0,0,3,0,https://www.inaturalist.org/observations/24960146,"2022-05-23 09:48:07"
879,53676,fly,family,Dolichopodidae,fly,0,0,2,0,https://www.inaturalist.org/observations/24960133,"2022-05-23 09:48:07"
880,53675,caterpillar,suborder,Symphyta,bee,0,1,3,1,https://www.inaturalist.org/observations/24960119,"2022-05-23 09:48:07"
881,53673,fly,family,Dolichopodidae,fly,0,0,2,0,https://www.inaturalist.org/observations/24959806,"2022-05-23 09:48:07"
882,53661,unidentified,species,"Vasates aceriscrumena",Endeostigmata,0,0,2,0,https://www.inaturalist.org/observations/24954251,"2022-05-23 09:48:07"
883,53647,unidentified,species,"Vasates aceriscrumena",Endeostigmata,0,0,2,0,https://www.inaturalist.org/observations/24954214,"2022-05-23 09:48:07"
884,53650,unidentified,species,"Vasates aceriscrumena",Endeostigmata,0,0,2,0,https://www.inaturalist.org/observations/24954202,"2022-05-23 09:48:07"
885,53612,beetle,species,"Lucidota atra",beetle,0,0,3,0,https://www.inaturalist.org/observations/24851385,"2022-05-23 09:48:07"
886,53582,caterpillar,species,"Epimecis hortaria",caterpillar,0,0,3,0,https://www.inaturalist.org/observations/24838268,"2022-05-23 09:48:07"
887,53569,beetle,family,Coccinellidae,beetle,1,0,2,0,https://www.inaturalist.org/observations/24837493,"2022-05-23 09:48:07"
888,53427,ant,species,"Camponotus castaneus",ant,0,0,3,0,https://www.inaturalist.org/observations/24525335,"2022-05-23 09:48:07"
889,53428,beetle,family,Elateridae,beetle,0,0,2,0,https://www.inaturalist.org/observations/24525319,"2022-05-23 09:48:07"
890,53426,ant,genus,Nylanderia,ant,0,0,3,0,https://www.inaturalist.org/observations/24524535,"2022-05-23 09:48:07"
891,53423,caterpillar,family,Noctuidae,caterpillar,0,0,2,0,https://www.inaturalist.org/observations/24518140,"2022-05-23 09:48:07"
892,43835,truebugs,order,Coleoptera,beetle,0,0,3,1,https://www.inaturalist.org/observations/22884528,"2022-05-23 09:51:07"
893,43834,caterpillar,family,Geometridae,caterpillar,0,0,2,0,https://www.inaturalist.org/observations/22884516,"2022-05-23 09:51:07"
894,43797,bee,order,Diptera,fly,0,0,3,1,https://www.inaturalist.org/observations/22660516,"2022-05-23 09:51:07"
895,43798,bee,family,Rhagionidae,fly,0,0,4,1,https://www.inaturalist.org/observations/22660509,"2022-05-23 09:51:07"
896,43786,grasshopper,genus,Zelus,truebugs,0,0,3,1,https://www.inaturalist.org/observations/22627374,"2022-05-23 09:51:07"
897,43633,ant,species,"Camponotus pennsylvanicus",ant,0,0,3,0,https://www.inaturalist.org/observations/22568288,"2022-05-23 09:54:07"
898,43629,ant,subgenus,Myrmentoma,ant,0,0,3,0,https://www.inaturalist.org/observations/22568037,"2022-05-23 09:54:07"
899,43627,ant,species,"Formica subsericea",ant,0,0,2,0,https://www.inaturalist.org/observations/22567277,"2022-05-23 09:54:07"
900,43598,bee,genus,Nomada,bee,0,0,4,0,https://www.inaturalist.org/observations/22560145,"2022-05-23 09:54:07"
901,43599,fly,genus,Nomada,bee,0,0,5,1,https://www.inaturalist.org/observations/22560138,"2022-05-23 09:54:07"
902,43533,spider,species,"Leucauge venusta",spider,0,0,3,0,https://www.inaturalist.org/observations/22531833,"2022-05-23 09:54:07"
903,43522,unidentified,family,Chironomidae,fly,0,0,1,0,https://www.inaturalist.org/observations/22531482,"2022-05-23 09:54:07"
904,43521,ant,species,"Camponotus pennsylvanicus",ant,0,0,3,0,https://www.inaturalist.org/observations/22531476,"2022-05-23 09:54:07"
905,43514,caterpillar,suborder,Symphyta,bee,0,1,4,1,https://www.inaturalist.org/observations/22529599,"2022-05-23 09:54:07"
906,43505,caterpillar,family,Geometridae,caterpillar,0,0,3,0,https://www.inaturalist.org/observations/22527667,"2022-05-23 09:54:07"
907,43458,grasshopper,family,Coreidae,truebugs,0,0,3,1,https://www.inaturalist.org/observations/22522951,"2022-05-23 09:57:07"
908,43444,unidentified,order,Thysanoptera,Thysanoptera,0,0,1,0,https://www.inaturalist.org/observations/22522449,"2022-05-23 09:57:07"
909,43319,spider,species,"Lyssomanes viridis",spider,0,0,3,0,https://www.inaturalist.org/observations/21911317,"2022-05-23 09:57:07"
910,43316,fly,family,Chironomidae,fly,0,0,2,0,https://www.inaturalist.org/observations/21910985,"2022-05-23 09:57:07"
911,43311,unidentified,family,Chironomidae,fly,0,0,1,0,https://www.inaturalist.org/observations/21876629,"2022-05-23 09:57:07"
912,43308,aphid,family,Cantharidae,beetle,0,0,4,1,https://www.inaturalist.org/observations/21876540,"2022-05-23 09:57:07"
913,43292,spider,genus,Colonus,spider,0,0,3,0,https://www.inaturalist.org/observations/21876170,"2022-05-23 09:57:07"
914,13228,caterpillar,species,"Halysidota tessellaris",caterpillar,0,0,3,0,https://www.inaturalist.org/observations/17848860,"2022-05-23 09:57:07"
915,13227,caterpillar,species,"Acharia stimulea",caterpillar,0,0,4,0,https://www.inaturalist.org/observations/17848857,"2022-05-23 09:57:07"
916,13054,caterpillar,species,"Coelodasys unicornis",caterpillar,0,0,3,0,https://www.inaturalist.org/observations/17848855,"2022-05-23 09:57:07"
917,13027,caterpillar,family,Geometridae,caterpillar,0,0,2,0,https://www.inaturalist.org/observations/17848854,"2022-05-23 09:57:07"
918,12469,moths,species,"Eutrapela clemataria",moths,0,0,3,0,https://www.inaturalist.org/observations/17848810,"2022-05-16 09:27:07"
919,12183,caterpillar,species,"Acharia stimulea",caterpillar,0,0,4,0,https://www.inaturalist.org/observations/17848801,"2022-05-16 09:30:07"
920,11981,caterpillar,species,"Epimecis hortaria",caterpillar,0,0,3,0,https://www.inaturalist.org/observations/17848799,"2022-05-16 09:30:07"
921,11973,truebugs,genus,Pselliopus,truebugs,0,0,6,0,https://www.inaturalist.org/observations/17848797,"2022-05-16 09:30:07"
922,11949,caterpillar,species,"Natada nasoni",caterpillar,0,0,3,0,https://www.inaturalist.org/observations/17848793,"2022-05-16 09:30:07"
923,11466,caterpillar,species,"Harrisimemna trisignata",caterpillar,0,0,3,0,https://www.inaturalist.org/observations/17848788,"2022-05-16 09:30:07"
924,11390,caterpillar,species,"Lithacodes fasciola",caterpillar,0,0,3,0,https://www.inaturalist.org/observations/17848782,"2022-05-16 09:30:07"
925,11167,caterpillar,species,"Acronicta americana",caterpillar,0,0,3,0,https://www.inaturalist.org/observations/17848781,"2022-05-16 09:30:07"
926,11132,truebugs,tribe,Nezarini,truebugs,0,0,3,0,https://www.inaturalist.org/observations/17848779,"2022-05-16 09:30:07"
927,10981,caterpillar,subfamily,Noctuinae,caterpillar,0,0,2,0,https://www.inaturalist.org/observations/17848776,"2022-05-16 09:30:07"
928,10975,caterpillar,species,"Acronicta americana",caterpillar,0,0,3,0,https://www.inaturalist.org/observations/17848774,"2022-05-16 09:30:07"
929,10952,caterpillar,species,"Acronicta americana",caterpillar,0,0,3,0,https://www.inaturalist.org/observations/17848770,"2022-05-16 09:30:07"
930,10937,caterpillar,species,"Halysidota tessellaris",caterpillar,0,0,3,0,https://www.inaturalist.org/observations/17848767,"2022-05-16 09:30:07"
931,10918,caterpillar,species,"Natada nasoni",caterpillar,0,0,4,0,https://www.inaturalist.org/observations/17848766,"2022-05-16 09:30:07"
932,10891,caterpillar,family,Sphingidae,caterpillar,0,0,3,0,https://www.inaturalist.org/observations/17848765,"2022-05-16 09:30:07"
933,10846,caterpillar,species,"Acronicta retardata",caterpillar,0,0,3,0,https://www.inaturalist.org/observations/17848759,"2022-05-16 09:30:07"
934,10727,truebugs,genus,Sinea,truebugs,0,0,2,0,https://www.inaturalist.org/observations/17848757,"2022-05-16 09:30:07"
935,10545,caterpillar,species,"Cecrita guttivitta",caterpillar,0,0,3,0,https://www.inaturalist.org/observations/17848752,"2022-05-16 09:30:07"
936,10334,caterpillar,species,"Halysidota tessellaris",caterpillar,0,0,3,0,https://www.inaturalist.org/observations/17848750,"2022-05-16 09:30:07"
937,10328,caterpillar,genus,Panopoda,caterpillar,0,0,2,0,https://www.inaturalist.org/observations/17848747,"2022-05-16 09:30:07"
938,9784,caterpillar,family,Limacodidae,caterpillar,0,0,2,0,https://www.inaturalist.org/observations/17848739,"2022-05-16 09:30:07"
939,9034,caterpillar,species,"Halysidota tessellaris",caterpillar,0,0,3,0,https://www.inaturalist.org/observations/17848717,"2022-05-16 09:30:07"
940,8782,caterpillar,species,"Hyphantria cunea",caterpillar,0,0,3,0,https://www.inaturalist.org/observations/17848710,"2022-05-16 09:30:07"
941,8770,caterpillar,family,Geometridae,caterpillar,0,0,2,0,https://www.inaturalist.org/observations/17848708,"2022-05-16 09:30:07"
942,8747,caterpillar,family,Geometridae,caterpillar,0,0,2,0,https://www.inaturalist.org/observations/17848707,"2022-05-16 09:30:07"
943,8677,caterpillar,species,"Hyphantria cunea",caterpillar,0,0,3,0,https://www.inaturalist.org/observations/17848694,"2022-05-16 09:33:06"
944,8675,truebugs,species,"Arilus cristatus",truebugs,0,0,3,0,https://www.inaturalist.org/observations/17848693,"2022-05-16 09:33:07"
945,8667,caterpillar,family,Geometridae,caterpillar,0,0,2,0,https://www.inaturalist.org/observations/17848689,"2022-05-16 09:33:07"
946,8657,caterpillar,species,"Halysidota harrisii",caterpillar,0,0,3,0,https://www.inaturalist.org/observations/17848685,"2022-05-16 09:33:07"
947,8628,caterpillar,species,"Acronicta americana",caterpillar,0,0,3,0,https://www.inaturalist.org/observations/17848683,"2022-05-16 09:33:07"
948,8220,caterpillar,species,"Halysidota tessellaris",caterpillar,0,0,3,0,https://www.inaturalist.org/observations/17848651,"2022-05-16 09:33:07"
949,8040,caterpillar,genus,Panopoda,caterpillar,0,0,2,0,https://www.inaturalist.org/observations/17848646,"2022-05-16 09:33:07"
950,7973,moths,genus,Anisota,moths,0,0,2,0,https://www.inaturalist.org/observations/17848630,"2020-08-17 04:42:15"
951,7716,caterpillar,family,Geometridae,caterpillar,0,0,2,0,https://www.inaturalist.org/observations/17848625,"2022-05-16 09:33:07"
952,7211,caterpillar,species,"Charadra deridens",caterpillar,0,0,3,0,https://www.inaturalist.org/observations/17848587,"2022-05-16 09:33:07"
953,7134,beetle,species,"Popillia japonica",beetle,0,0,3,0,https://www.inaturalist.org/observations/17848584,"2022-05-16 09:33:07"
954,6821,caterpillar,species,"Halysidota harrisii",caterpillar,0,0,3,0,https://www.inaturalist.org/observations/17848579,"2022-05-16 09:33:07"
955,6794,truebugs,species,"Arilus cristatus",truebugs,0,0,3,0,https://www.inaturalist.org/observations/17848577,"2022-05-16 09:33:07"
956,6753,grasshopper,genus,Oecanthus,grasshopper,0,0,3,0,https://www.inaturalist.org/observations/17848576,"2022-05-16 09:33:07"
957,6726,beetle,species,"Popillia japonica",beetle,0,0,3,0,https://www.inaturalist.org/observations/17848570,"2022-05-16 09:33:07"
958,6707,caterpillar,genus,Panopoda,caterpillar,0,0,2,0,https://www.inaturalist.org/observations/17848566,"2022-05-16 09:33:07"
959,6669,caterpillar,species,"Hyphantria cunea",caterpillar,0,0,3,0,https://www.inaturalist.org/observations/17848563,"2022-05-16 09:33:07"
960,6662,caterpillar,genus,Pococera,caterpillar,0,0,2,0,https://www.inaturalist.org/observations/17848560,"2022-05-16 09:33:07"
961,6646,caterpillar,genus,Schizura,caterpillar,0,0,2,0,https://www.inaturalist.org/observations/17848557,"2022-05-16 09:33:07"
962,6645,caterpillar,family,Geometridae,caterpillar,0,0,2,0,https://www.inaturalist.org/observations/17848556,"2022-05-16 09:33:07"
963,6487,caterpillar,species,"Macrurocampa marthesia",caterpillar,0,0,3,0,https://www.inaturalist.org/observations/17848552,"2022-05-16 09:33:07"
964,6109,caterpillar,species,"Halysidota harrisii",caterpillar,0,0,3,0,https://www.inaturalist.org/observations/17848544,"2022-05-16 09:33:07"
965,5407,caterpillar,family,Geometridae,caterpillar,0,0,2,0,https://www.inaturalist.org/observations/17848527,"2022-05-16 09:36:06"
966,5160,truebugs,superfamily,Tettigonioidea,grasshopper,0,0,3,1,https://www.inaturalist.org/observations/17848523,"2022-05-16 09:36:06"
967,5132,caterpillar,species,"Acronicta retardata",caterpillar,0,0,3,0,https://www.inaturalist.org/observations/17848519,"2022-05-16 09:36:06"
968,4829,caterpillar,species,"Coelodasys unicornis",caterpillar,0,0,3,0,https://www.inaturalist.org/observations/17848513,"2022-05-16 09:36:06"
969,4793,caterpillar,genus,Acronicta,caterpillar,0,0,3,0,https://www.inaturalist.org/observations/17848512,"2022-05-16 09:36:06"
970,4442,caterpillar,species,"Acronicta impleta",caterpillar,0,0,3,0,https://www.inaturalist.org/observations/17848501,"2022-05-16 09:36:06"
971,4145,truebugs,species,"Arilus cristatus",truebugs,0,0,3,0,https://www.inaturalist.org/observations/17848499,"2022-05-16 09:36:06"
972,4069,leafhopper,species,"Oncometopia orbona",leafhopper,0,0,3,0,https://www.inaturalist.org/observations/17848492,"2022-05-16 09:36:06"
973,3685,caterpillar,genus,Colocasia,caterpillar,0,0,3,0,https://www.inaturalist.org/observations/17848485,"2022-05-16 09:36:06"
974,3527,unidentified,species,"Forficula auricularia",Dermaptera,0,0,2,0,https://www.inaturalist.org/observations/17848484,"2022-05-16 09:36:06"
975,3297,caterpillar,family,Geometridae,caterpillar,0,0,2,0,https://www.inaturalist.org/observations/17848476,"2022-05-16 09:36:06"
976,3238,truebugs,subfamily,Emesinae,truebugs,0,0,2,0,https://www.inaturalist.org/observations/17848470,"2022-05-16 09:36:06"
977,2427,moths,genus,Eulithis,moths,0,0,2,0,https://www.inaturalist.org/observations/17848461,"2022-05-16 09:36:06"
978,2425,caterpillar,species,"Epimecis hortaria",caterpillar,0,0,3,0,https://www.inaturalist.org/observations/17848459,"2022-05-16 09:36:06"
979,2254,caterpillar,species,"Morrisonia confusa",caterpillar,0,0,2,0,https://www.inaturalist.org/observations/17848455,"2022-05-16 09:36:06"
980,1775,moths,species,"Lon zabulon",moths,0,0,4,0,https://www.inaturalist.org/observations/17848447,"2022-05-16 09:36:06"
981,1771,beetle,genus,Photuris,beetle,0,0,3,0,https://www.inaturalist.org/observations/17848446,"2022-05-16 09:36:06"
982,1767,caterpillar,species,"Epimecis hortaria",caterpillar,0,0,2,0,https://www.inaturalist.org/observations/17848442,"2022-05-16 09:36:06"
983,1258,unidentified,order,Neuroptera,Neuroptera,0,0,1,0,https://www.inaturalist.org/observations/17848426,"2022-05-16 09:39:08"
984,1147,caterpillar,subfamily,Noctuinae,caterpillar,0,0,2,0,https://www.inaturalist.org/observations/17848424,"2022-05-16 09:39:08"
985,1142,unidentified,species,"Harmonia axyridis",beetle,1,0,3,0,https://www.inaturalist.org/observations/17848423,"2022-05-16 09:39:08"
986,981,leafhopper,species,"Platycotis vittata",leafhopper,0,0,2,0,https://www.inaturalist.org/observations/17848421,"2022-05-16 09:39:08"
987,945,truebugs,genus,Lopidea,truebugs,0,0,3,0,https://www.inaturalist.org/observations/17848391,"2022-05-16 09:39:08"
988,940,beetle,species,"Podabrus rugosulus",beetle,0,0,3,0,https://www.inaturalist.org/observations/17848390,"2022-05-16 09:39:08"
989,933,spider,genus,Mecaphesa,spider,0,0,3,0,https://www.inaturalist.org/observations/17848389,"2022-05-16 09:39:08"
990,711,truebugs,species,"Leptoglossus fulvicornis",truebugs,0,0,5,0,https://www.inaturalist.org/observations/17848383,"2022-05-16 09:39:08"
991,430,aphid,family,Cicadellidae,leafhopper,0,0,4,1,https://www.inaturalist.org/observations/17848379,"2022-05-16 09:39:08"
992,407,aphid,family,Bibionidae,fly,0,0,3,1,https://www.inaturalist.org/observations/17848350,"2022-05-16 09:39:08"
993,404,truebugs,order,Coleoptera,beetle,0,0,3,1,https://www.inaturalist.org/observations/17848349,"2022-05-16 09:39:08"
994,398,spider,species,"Lyssomanes viridis",spider,0,0,3,0,https://www.inaturalist.org/observations/17848347,"2022-05-16 09:39:08"
995,369,beetle,species,"Harmonia axyridis",beetle,0,0,4,0,https://www.inaturalist.org/observations/17848339,"2022-05-16 09:39:08"
996,360,ant,subgenus,Camponotus,ant,0,0,3,0,https://www.inaturalist.org/observations/17848330,"2022-05-16 09:39:08"
997,358,leafhopper,order,Psocodea,Psocodea,0,0,3,1,https://www.inaturalist.org/observations/17848329,"2022-05-16 09:39:08"
998,339,ant,species,"Formica pallidefulva",ant,0,0,3,0,https://www.inaturalist.org/observations/17848318,"2022-05-16 09:39:08"
999,337,beetle,species,"Harmonia axyridis",beetle,0,0,4,0,https://www.inaturalist.org/observations/17848315,"2022-05-16 09:39:08"
1000,332,beetle,family,Lampyridae,beetle,0,0,2,0,https://www.inaturalist.org/observations/17848313,"2022-05-16 09:39:08"
1001,283,aphid,family,Elateridae,beetle,0,0,3,1,https://www.inaturalist.org/observations/17848309,"2022-05-16 09:39:08"
1002,226,aphid,family,Tingidae,truebugs,0,0,5,1,https://www.inaturalist.org/observations/17848287,"2022-05-16 09:42:06"
1003,218,truebugs,family,Curculionidae,beetle,0,0,4,1,https://www.inaturalist.org/observations/17848276,"2022-05-16 09:42:06"
1004,212,fly,order,Psocodea,Psocodea,0,0,3,1,https://www.inaturalist.org/observations/17848264,"2022-05-16 09:42:06"
1005,205,truebugs,suborder,Nematocera,fly,0,0,3,1,https://www.inaturalist.org/observations/17848254,"2022-05-16 09:42:06"
1006,201,truebugs,class,Insecta,truebugs,0,0,1,0,https://www.inaturalist.org/observations/17848248,"2022-05-16 09:42:06"
1007,42492,truebugs,genus,Brochymena,truebugs,0,0,3,0,https://www.inaturalist.org/observations/17828709,"2022-05-16 09:42:06"
1008,42488,caterpillar,genus,Pococera,caterpillar,0,0,2,0,https://www.inaturalist.org/observations/17828022,"2022-05-16 09:42:06"
1009,42382,caterpillar,genus,Pococera,caterpillar,0,0,2,0,https://www.inaturalist.org/observations/17704722,"2022-05-16 09:42:06"
1010,42372,caterpillar,species,"Automeris io",caterpillar,0,0,4,0,https://www.inaturalist.org/observations/17704717,"2022-05-16 09:42:06"
1011,42363,spider,genus,Colonus,spider,0,0,3,0,https://www.inaturalist.org/observations/17704715,"2022-05-16 09:42:06"
1012,42342,spider,species,"Lyssomanes viridis",spider,0,0,3,0,https://www.inaturalist.org/observations/17704699,"2022-05-16 09:42:06"
1013,42332,spider,family,Dictynidae,spider,0,0,2,0,https://www.inaturalist.org/observations/17704697,"2022-05-16 09:42:06"
1014,42326,caterpillar,species,"Homaledra octagonella",caterpillar,0,0,3,0,https://www.inaturalist.org/observations/17704686,"2022-05-16 09:42:06"
1015,42325,caterpillar,genus,Pococera,caterpillar,0,0,2,0,https://www.inaturalist.org/observations/17704683,"2022-05-16 09:42:06"
1016,42324,caterpillar,species,"Omphalocera munroei",caterpillar,0,0,2,0,https://www.inaturalist.org/observations/17704681,"2022-05-16 09:42:06"
1017,42320,ant,species,"Camponotus castaneus",ant,0,0,3,0,https://www.inaturalist.org/observations/17704673,"2022-05-16 09:42:06"
1018,42173,beetle,species,"Harmonia axyridis",beetle,0,0,3,0,https://www.inaturalist.org/observations/17704667,"2022-05-16 09:42:06"
1019,42143,spider,species,"Phidippus otiosus",spider,0,0,3,0,https://www.inaturalist.org/observations/17704662,"2022-05-16 09:42:06"
1020,42138,truebugs,family,Reduviidae,truebugs,0,0,2,0,https://www.inaturalist.org/observations/17704660,"2022-05-16 09:42:06"
1021,42137,spider,family,Salticidae,spider,0,0,3,0,https://www.inaturalist.org/observations/17704658,"2022-05-16 09:45:07"
1022,42132,spider,family,Thomisidae,spider,0,0,2,0,https://www.inaturalist.org/observations/17704656,"2022-05-16 09:45:07"
1023,42126,spider,genus,Colonus,spider,0,0,3,0,https://www.inaturalist.org/observations/17704655,"2022-05-16 09:45:07"
1024,42083,beetle,species,"Blattella germanica",Blattodea,0,0,3,0,https://www.inaturalist.org/observations/17704649,"2022-05-16 09:45:07"
1025,42071,truebugs,genus,Brochymena,truebugs,0,0,3,0,https://www.inaturalist.org/observations/17704647,"2022-05-16 09:45:07"
1026,42047,spider,species,"Pisaurina mira",spider,0,0,3,0,https://www.inaturalist.org/observations/17704642,"2022-05-16 09:45:07"
1027,42033,caterpillar,family,Argidae,bee,0,1,4,0,https://www.inaturalist.org/observations/17704632,"2022-05-16 09:45:07"
1028,42030,spider,genus,Xysticus,spider,0,0,3,0,https://www.inaturalist.org/observations/17704628,"2022-05-16 09:45:07"
1029,42026,daddylonglegs,species,"Leiobunum vittatum",daddylonglegs,0,0,2,0,https://www.inaturalist.org/observations/17704627,"2022-05-16 09:45:07"
1030,42024,truebugs,genus,Leptoglossus,truebugs,0,0,2,0,https://www.inaturalist.org/observations/17704624,"2022-05-16 09:45:07"
1031,42023,grasshopper,genus,Scudderia,grasshopper,0,0,2,0,https://www.inaturalist.org/observations/17704621,"2022-05-16 09:45:07"
1032,42017,beetle,species,"Sciaphilus asperatus",beetle,0,0,3,0,https://www.inaturalist.org/observations/17704620,"2022-05-16 09:45:07"
1033,42015,beetle,species,"Psyllobora vigintimaculata",beetle,0,0,4,0,https://www.inaturalist.org/observations/17704618,"2022-05-16 09:45:07"
1034,42014,beetle,species,"Sciaphilus asperatus",beetle,0,0,4,0,https://www.inaturalist.org/observations/17704617,"2022-05-16 09:45:07"
1035,42012,fly,superfamily,Sciaroidea,fly,0,0,2,0,https://www.inaturalist.org/observations/17704615,"2022-05-16 09:45:07"
1036,42008,beetle,species,"Strophosoma melanogrammum",beetle,0,0,4,0,https://www.inaturalist.org/observations/17704611,"2022-05-16 09:45:07"
1037,41980,bee,genus,Polistes,bee,0,0,2,0,https://www.inaturalist.org/observations/17704601,"2022-05-16 09:45:07"
1038,41859,caterpillar,family,Geometridae,caterpillar,0,0,2,0,https://www.inaturalist.org/observations/17704590,"2022-05-16 09:45:07"
1039,41841,unidentified,suborder,Auchenorrhyncha,leafhopper,0,0,1,0,https://www.inaturalist.org/observations/17704587,"2022-05-16 09:45:07"
1040,41790,spider,family,Salticidae,spider,0,0,3,0,https://www.inaturalist.org/observations/17704579,"2022-05-16 09:45:07"
1041,41788,spider,family,Salticidae,spider,0,0,3,0,https://www.inaturalist.org/observations/17704577,"2022-05-16 09:45:07"
1042,41787,spider,order,Araneae,spider,0,0,2,0,https://www.inaturalist.org/observations/17704573,"2022-05-16 09:45:07"
1043,41786,spider,infraorder,Entelegynae,spider,0,0,2,0,https://www.inaturalist.org/observations/17704568,"2022-05-16 09:45:07"
1044,41785,leafhopper,species,"Microcentrus perditus",leafhopper,0,0,3,0,https://www.inaturalist.org/observations/17704567,"2022-05-16 09:45:07"
1045,41777,spider,family,Thomisidae,spider,0,0,2,0,https://www.inaturalist.org/observations/17704555,"2022-05-16 09:45:07"
1046,41775,spider,species,"Admestina tibialis",spider,0,0,4,0,https://www.inaturalist.org/observations/17704551,"2022-05-16 09:45:07"
1047,41678,caterpillar,family,Lycaenidae,caterpillar,0,0,3,0,https://www.inaturalist.org/observations/17704513,"2022-05-16 09:45:07"
1048,41673,caterpillar,subfamily,Noctuinae,caterpillar,0,0,2,0,https://www.inaturalist.org/observations/17704509,"2022-05-16 09:48:07"
1049,41672,caterpillar,species,"Nadata gibbosa",caterpillar,0,0,5,0,https://www.inaturalist.org/observations/17704507,"2022-05-16 09:48:07"
1050,41663,caterpillar,species,"Automeris io",caterpillar,0,0,4,0,https://www.inaturalist.org/observations/17704491,"2022-05-16 09:48:07"
1051,41662,spider,genus,Colonus,spider,0,0,3,0,https://www.inaturalist.org/observations/17704488,"2022-05-16 09:48:07"
1052,41659,caterpillar,genus,Anisota,caterpillar,0,0,2,0,https://www.inaturalist.org/observations/17704487,"2022-05-16 09:48:07"
1053,41658,caterpillar,family,Tortricidae,caterpillar,0,0,2,0,https://www.inaturalist.org/observations/17704485,"2022-05-16 09:48:07"
1054,41651,caterpillar,family,Erebidae,caterpillar,0,0,2,0,https://www.inaturalist.org/observations/17704483,"2022-05-16 09:48:07"
1055,41647,aphid,family,Curculionidae,beetle,0,0,4,1,https://www.inaturalist.org/observations/17704481,"2022-05-16 09:48:07"
1056,41602,spider,family,Agelenidae,spider,0,0,2,0,https://www.inaturalist.org/observations/17704475,"2022-05-16 09:48:07"
1057,41590,spider,family,Theridiidae,spider,0,0,3,0,https://www.inaturalist.org/observations/17704464,"2022-05-16 09:48:07"
1058,41589,ant,suborder,Apocrita,bee,0,0,2,1,https://www.inaturalist.org/observations/17704460,"2022-05-16 09:48:07"
1059,41583,bee,species,"Xylocopa virginica",bee,0,0,4,0,https://www.inaturalist.org/observations/17704452,"2022-05-16 09:48:07"
1060,41549,grasshopper,species,"Velarifictorus micado",grasshopper,0,0,2,0,https://www.inaturalist.org/observations/17704440,"2020-08-17 04:57:12"
1061,41535,daddylonglegs,order,Opiliones,daddylonglegs,0,0,2,0,https://www.inaturalist.org/observations/17704434,"2022-05-16 09:48:07"
1062,41511,caterpillar,genus,Paectes,caterpillar,0,0,2,0,https://www.inaturalist.org/observations/17704427,"2022-05-16 09:48:07"
1063,41490,spider,species,"Lyssomanes viridis",spider,0,0,3,0,https://www.inaturalist.org/observations/17704422,"2022-05-16 09:48:07"
1064,41489,leafhopper,species,"Prosapia bicincta",leafhopper,0,0,3,0,https://www.inaturalist.org/observations/17704420,"2022-05-16 09:48:07"
1065,41478,moths,suborder,Hemerobiiformia,Neuroptera,0,0,3,1,https://www.inaturalist.org/observations/17704418,"2022-05-16 09:48:07"
1066,41477,fly,superfamily,Ichneumonoidea,bee,0,0,3,1,https://www.inaturalist.org/observations/17704416,"2022-05-16 09:48:07"
1067,41470,leafhopper,genus,Zelus,truebugs,0,0,3,1,https://www.inaturalist.org/observations/17704415,"2022-05-16 09:48:07"
1068,41460,grasshopper,genus,Zelus,truebugs,0,0,3,1,https://www.inaturalist.org/observations/17704407,"2022-05-16 09:48:07"
1069,41459,beetle,species,"Prosapia bicincta",leafhopper,0,0,2,0,https://www.inaturalist.org/observations/17704404,"2022-05-16 09:48:07"
1070,41454,truebugs,species,"Leptoglossus oppositus",truebugs,0,0,4,0,https://www.inaturalist.org/observations/17704402,"2022-05-16 09:48:07"
1071,41440,beetle,family,Cicadidae,leafhopper,0,0,3,1,https://www.inaturalist.org/observations/17704394,"2022-05-16 09:48:07"
1072,41401,beetle,species,"Psyllobora vigintimaculata",beetle,0,0,4,0,https://www.inaturalist.org/observations/17704390,"2022-05-16 09:48:07"
1073,41368,caterpillar,family,Geometridae,caterpillar,0,0,2,0,https://www.inaturalist.org/observations/17704387,"2022-05-16 09:51:06"
1074,41348,spider,species,"Colonus sylvanus",spider,0,0,3,0,https://www.inaturalist.org/observations/17704374,"2022-05-16 09:51:06"
1075,41347,spider,order,Araneae,spider,0,0,2,0,https://www.inaturalist.org/observations/17704372,"2022-05-16 09:51:06"
1076,41338,caterpillar,family,Geometridae,caterpillar,0,0,2,0,https://www.inaturalist.org/observations/17704367,"2022-05-16 09:51:06"
1077,41288,caterpillar,subfamily,Erebinae,caterpillar,0,0,2,0,https://www.inaturalist.org/observations/17704363,"2022-05-16 09:51:06"
1078,41284,caterpillar,suborder,Symphyta,bee,0,1,3,0,https://www.inaturalist.org/observations/17704355,"2022-05-16 09:51:06"
1079,41283,caterpillar,species,"Orgyia leucostigma",caterpillar,0,0,3,0,https://www.inaturalist.org/observations/17704350,"2022-05-16 09:51:06"
1080,41265,spider,species,"Lyssomanes viridis",spider,0,0,3,0,https://www.inaturalist.org/observations/17704349,"2022-05-16 09:51:06"
1081,41255,caterpillar,species,"Anisota virginiensis",caterpillar,0,0,3,0,https://www.inaturalist.org/observations/17704346,"2022-05-16 09:51:06"
1082,41245,moths,species,"Dyspteris abortivaria",moths,0,0,3,0,https://www.inaturalist.org/observations/17704339,"2022-05-16 09:51:06"
1083,41182,caterpillar,family,Geometridae,caterpillar,0,0,2,0,https://www.inaturalist.org/observations/17704331,"2022-05-16 09:51:06"
1084,41151,caterpillar,family,Geometridae,caterpillar,0,0,2,0,https://www.inaturalist.org/observations/17704325,"2022-05-16 09:51:06"
1085,14478,moths,genus,Desmia,moths,0,0,2,0,https://www.inaturalist.org/observations/17704306,"2022-05-16 09:51:06"
1086,14475,caterpillar,genus,Anisota,caterpillar,0,0,2,0,https://www.inaturalist.org/observations/17704305,"2022-05-16 09:51:06"
1087,14114,caterpillar,genus,Acronicta,caterpillar,0,0,2,0,https://www.inaturalist.org/observations/17704278,"2022-05-16 09:51:06"
1088,14113,truebugs,species,"Chinavia hilaris",truebugs,0,0,4,0,https://www.inaturalist.org/observations/17704275,"2022-05-16 09:51:06"
1089,14108,caterpillar,complex,"Anisota virginiensis",caterpillar,0,0,5,0,https://www.inaturalist.org/observations/17704270,"2022-05-16 09:51:06"
1090,14096,moths,subfamily,Spilomelinae,moths,0,0,2,0,https://www.inaturalist.org/observations/17704263,"2022-05-16 09:51:06"
1091,14095,grasshopper,genus,Cycloptilum,grasshopper,0,0,2,0,https://www.inaturalist.org/observations/17704261,"2022-05-16 09:51:06"
1092,13988,leafhopper,tribe,Ceresini,leafhopper,0,0,2,0,https://www.inaturalist.org/observations/17704253,"2022-05-16 09:51:06"
1093,13969,spider,genus,Colonus,spider,0,0,4,0,https://www.inaturalist.org/observations/17704236,"2022-05-16 09:54:08"
1094,13965,aphid,order,Blattodea,Blattodea,0,0,4,1,https://www.inaturalist.org/observations/17704230,"2022-05-16 09:54:08"
1095,13926,spider,species,"Pisaurina mira",spider,0,0,3,0,https://www.inaturalist.org/observations/17704228,"2022-05-16 09:54:08"
1096,13857,unidentified,species,"Oecanthus niveus",grasshopper,0,0,3,0,https://www.inaturalist.org/observations/17704224,"2022-05-16 09:54:08"
1097,13707,grasshopper,species,"Oecanthus niveus",grasshopper,0,0,3,0,https://www.inaturalist.org/observations/17704213,"2022-05-16 09:54:08"
1098,13699,unidentified,subfamily,Harpactorinae,truebugs,0,0,1,0,https://www.inaturalist.org/observations/17704212,"2022-05-16 09:54:08"
1099,13691,grasshopper,genus,Oecanthus,grasshopper,0,0,3,0,https://www.inaturalist.org/observations/17704209,"2022-05-16 09:54:08"
1100,13686,unidentified,family,Tingidae,truebugs,0,0,2,0,https://www.inaturalist.org/observations/17704205,"2022-05-16 09:54:08"
1101,13655,aphid,species,"Zelus luridus",truebugs,0,0,3,1,https://www.inaturalist.org/observations/17704195,"2022-05-16 09:54:08"
1102,13632,truebugs,family,Tingidae,truebugs,0,0,2,0,https://www.inaturalist.org/observations/17704192,"2022-05-16 09:54:08"
1103,13626,daddylonglegs,family,Gerridae,truebugs,0,0,4,1,https://www.inaturalist.org/observations/17704189,"2022-05-16 09:54:08"
1104,13612,leafhopper,species,"Acanalonia conica",leafhopper,0,0,4,0,https://www.inaturalist.org/observations/17704185,"2022-05-16 09:54:08"
1105,13586,caterpillar,species,"Euclea delphinii",caterpillar,0,0,3,0,https://www.inaturalist.org/observations/17704173,"2022-05-16 09:54:08"
1106,13583,other,species,"Hyla cinerea",Anura,0,0,2,0,https://www.inaturalist.org/observations/17704171,"2022-05-16 09:54:08"
1107,13544,caterpillar,species,"Homaledra octagonella",caterpillar,0,0,3,0,https://www.inaturalist.org/observations/17704169,"2022-05-16 09:54:08"
1108,13441,caterpillar,suborder,Symphyta,bee,0,1,3,1,https://www.inaturalist.org/observations/17704168,"2022-05-16 09:54:08"
1109,13361,truebugs,genus,Corythucha,truebugs,0,0,4,0,https://www.inaturalist.org/observations/17704164,"2022-05-16 09:54:08"
1110,13275,unidentified,family,Dolichopodidae,fly,0,0,1,0,https://www.inaturalist.org/observations/17704133,"2022-05-16 09:54:08"
1111,13189,spider,family,Araneidae,spider,0,0,2,0,https://www.inaturalist.org/observations/17704116,"2022-05-16 09:54:08"
1112,13177,grasshopper,order,Blattodea,Blattodea,0,0,3,1,https://www.inaturalist.org/observations/17704112,"2022-05-16 09:54:08"
1113,12486,aphid,order,Blattodea,Blattodea,0,0,3,1,https://www.inaturalist.org/observations/17704089,"2022-05-16 09:57:07"
1115,12359,caterpillar,species,"Acronicta americana",caterpillar,0,0,4,0,https://www.inaturalist.org/observations/17704079,"2022-05-16 09:57:07"
1116,12360,fly,species,"Toxonevra superba",fly,0,0,3,0,https://www.inaturalist.org/observations/17704077,"2022-05-16 09:57:07"
1117,12341,unidentified,genus,Caliroa,bee,0,1,2,0,https://www.inaturalist.org/observations/17704071,"2022-05-16 09:57:07"
1118,11559,aphid,genus,Cedusa,leafhopper,0,0,3,1,https://www.inaturalist.org/observations/17704054,"2022-05-16 09:57:07"
1119,11558,other,species,"Vasates quadripedes",Endeostigmata,0,0,2,0,https://www.inaturalist.org/observations/17704052,"2022-05-16 09:57:07"
1120,11555,other,species,"Eriophyes cerasicrumena",Endeostigmata,0,0,2,0,https://www.inaturalist.org/observations/17704050,"2022-05-16 09:57:07"
1121,11553,spider,species,"Pisaurina mira",spider,0,0,2,0,https://www.inaturalist.org/observations/17704043,"2022-05-16 09:57:07"
1122,11549,grasshopper,species,"Phyllopalpus pulchellus",grasshopper,0,0,3,0,https://www.inaturalist.org/observations/17704018,"2022-05-16 09:57:07"
1123,12164,caterpillar,species,"Acronicta americana",caterpillar,0,0,4,0,https://www.inaturalist.org/observations/17703998,"2022-05-16 09:57:07"
1124,12167,leafhopper,species,"Acanalonia conica",leafhopper,0,0,3,0,https://www.inaturalist.org/observations/17703993,"2022-05-16 09:57:07"
1125,11360,bee,superfamily,Coccoidea,aphid,0,0,3,1,https://www.inaturalist.org/observations/17703990,"2022-05-16 09:57:07"
1126,11214,unidentified,family,Reduviidae,truebugs,0,0,1,0,https://www.inaturalist.org/observations/17703977,"2022-05-16 09:57:07"
1127,11076,caterpillar,species,"Homaledra octagonella",caterpillar,0,0,3,0,https://www.inaturalist.org/observations/17703969,"2022-05-16 09:57:07"
1128,10811,spider,species,"Micrathena sagittata",spider,0,0,3,0,https://www.inaturalist.org/observations/17703967,"2022-05-16 09:57:07"
1129,10808,truebugs,family,Pentatomidae,truebugs,0,0,2,0,https://www.inaturalist.org/observations/17703963,"2022-05-16 09:57:07"
1130,10804,grasshopper,genus,Orocharis,grasshopper,0,0,2,0,https://www.inaturalist.org/observations/17703961,"2022-05-16 09:57:07"
1131,42711,leafhopper,genus,Acanalonia,leafhopper,0,0,2,0,https://www.inaturalist.org/observations/17703933,"2022-05-16 09:57:07"
1132,10443,truebugs,genus,Zelus,truebugs,0,0,2,0,https://www.inaturalist.org/observations/17703913,"2021-09-27 09:57:16"
1133,10253,truebugs,species,"Prosapia bicincta",leafhopper,0,0,5,1,https://www.inaturalist.org/observations/17703897,"2021-09-27 09:57:16"
1134,9926,fly,order,Psocodea,Psocodea,0,0,4,1,https://www.inaturalist.org/observations/17703836,"2021-09-27 09:57:16"
1135,9827,other,superfamily,Pentatomoidea,truebugs,0,0,2,0,https://www.inaturalist.org/observations/17703817,"2021-09-20 09:57:11"
1136,9603,beetle,species,"Harmonia axyridis",beetle,1,0,3,0,https://www.inaturalist.org/observations/17703813,"2021-09-20 09:57:11"
1137,9599,leafhopper,family,Flatidae,leafhopper,0,0,2,0,https://www.inaturalist.org/observations/17703809,"2021-09-20 09:57:11"
1139,9246,fly,species,"Anotia uhleri",leafhopper,0,0,3,1,https://www.inaturalist.org/observations/17703796,"2021-09-20 09:57:11"
1140,9216,truebugs,genus,Corythucha,truebugs,0,0,3,0,https://www.inaturalist.org/observations/17703794,"2021-09-20 09:57:11"
1141,9214,beetle,species,"Megapenthes limbalis",beetle,0,0,4,0,https://www.inaturalist.org/observations/17703790,"2021-09-20 09:57:11"
1142,9209,caterpillar,species,"Hyphantria cunea",caterpillar,0,0,3,0,https://www.inaturalist.org/observations/17703787,"2021-09-20 09:57:11"
1143,8988,caterpillar,species,"Homaledra octagonella",caterpillar,0,0,3,0,https://www.inaturalist.org/observations/17703762,"2021-09-20 09:57:11"
1144,8981,fly,order,Ephemeroptera,Ephemeroptera,0,0,3,1,https://www.inaturalist.org/observations/17703758,"2021-09-20 09:57:11"
1145,8978,grasshopper,species,"Microcentrum retinerve",grasshopper,0,0,2,0,https://www.inaturalist.org/observations/17703755,"2021-09-20 09:57:11"
1146,8970,other,species,"Telebasis byersi",Odonata,0,0,3,0,https://www.inaturalist.org/observations/17703751,"2021-09-20 09:57:11"
1147,8968,fly,zoosubsection,Acalyptratae,fly,0,0,2,0,https://www.inaturalist.org/observations/17703747,"2021-09-20 09:57:11"
1148,8965,grasshopper,species,"Cyrtoxipha columbiana",grasshopper,0,0,2,0,https://www.inaturalist.org/observations/17703744,"2021-09-20 09:57:11"
1149,8964,caterpillar,species,"Homaledra octagonella",caterpillar,0,0,3,0,https://www.inaturalist.org/observations/17703740,"2021-09-20 09:57:11"
1150,8934,spider,species,"Micrathena sagittata",spider,0,0,3,0,https://www.inaturalist.org/observations/17703732,"2021-09-20 09:57:11"
1151,8421,leafhopper,subclass,Pterygota,beetle,0,0,2,1,https://www.inaturalist.org/observations/17703686,"2021-09-13 09:57:10"
1152,8403,truebugs,family,Pentatomidae,truebugs,0,0,2,0,https://www.inaturalist.org/observations/17703680,"2021-09-13 09:57:10"
1153,8392,grasshopper,genus,Oecanthus,grasshopper,0,0,3,0,https://www.inaturalist.org/observations/17703675,"2021-09-13 09:57:10"
1154,8342,spider,genus,Philodromus,spider,0,0,3,0,https://www.inaturalist.org/observations/17703669,"2021-09-13 09:57:10"
1155,8330,ant,species,"Temnothorax longispinosus",ant,0,0,2,0,https://www.inaturalist.org/observations/17703666,"2021-09-13 09:57:10"
1156,8324,aphid,species,"Hyalopterus pruni",aphid,0,0,3,0,https://www.inaturalist.org/observations/17703653,"2021-09-13 09:57:10"
1157,8322,beetle,species,"Harmonia axyridis",beetle,1,0,4,0,https://www.inaturalist.org/observations/17703652,"2021-09-13 09:57:10"
1158,8274,truebugs,family,Pentatomidae,truebugs,0,0,2,0,https://www.inaturalist.org/observations/17703639,"2021-09-13 09:57:10"
1159,8271,truebugs,family,Pentatomidae,truebugs,0,0,2,0,https://www.inaturalist.org/observations/17703637,"2021-09-13 09:57:10"
1160,7915,caterpillar,superfamily,Tortricoidea,caterpillar,0,0,2,0,https://www.inaturalist.org/observations/17703629,"2021-09-13 09:57:10"
1161,7868,truebugs,genus,Corythucha,truebugs,0,0,3,0,https://www.inaturalist.org/observations/17703616,"2021-09-13 09:57:10"
1162,7786,truebugs,genus,Corythucha,truebugs,0,0,5,0,https://www.inaturalist.org/observations/17703598,"2021-09-13 09:57:10"
1163,7778,caterpillar,genus,Lithophane,caterpillar,0,0,2,0,https://www.inaturalist.org/observations/17703596,"2021-09-13 09:57:10"
1164,7755,truebugs,genus,Banasa,truebugs,0,0,2,0,https://www.inaturalist.org/observations/17703593,"2021-09-13 09:57:10"
1165,7494,truebugs,species,"Campyloneura virgula",truebugs,0,0,4,0,https://www.inaturalist.org/observations/17703591,"2021-09-13 09:57:10"
1166,7467,other,species,"Forficula auricularia",Dermaptera,0,0,3,0,https://www.inaturalist.org/observations/17703586,"2021-09-13 09:57:10"
1167,7460,beetle,order,Blattodea,Blattodea,0,0,3,1,https://www.inaturalist.org/observations/17703582,"2021-09-13 09:57:10"
1168,7439,leafhopper,genus,Scaphoideus,leafhopper,0,0,3,0,https://www.inaturalist.org/observations/17703576,"2021-09-13 09:57:10"
1169,7056,other,species,"Neoxabea bipunctata",grasshopper,0,0,2,0,https://www.inaturalist.org/observations/17703543,"2021-09-13 09:57:10"
1170,6608,fly,order,Ephemeroptera,Ephemeroptera,0,0,3,1,https://www.inaturalist.org/observations/17703528,"2021-09-06 09:57:33"
1171,6354,unidentified,order,Psocodea,Psocodea,0,0,1,0,https://www.inaturalist.org/observations/17703511,"2021-09-06 09:57:33"
1172,6321,caterpillar,genus,Eupithecia,caterpillar,0,0,2,0,https://www.inaturalist.org/observations/17703507,"2021-09-06 09:57:33"
1173,6189,aphid,family,Miridae,truebugs,0,0,3,1,https://www.inaturalist.org/observations/17703494,"2021-09-06 09:57:33"
1174,6161,leafhopper,suborder,Heteroptera,truebugs,0,0,3,1,https://www.inaturalist.org/observations/17703490,"2021-09-06 09:57:33"
1175,5744,leafhopper,species,"Flatormenis proxima",leafhopper,0,0,3,0,https://www.inaturalist.org/observations/17703485,"2021-09-06 09:57:33"
1176,5735,truebugs,family,Pentatomidae,truebugs,0,0,2,0,https://www.inaturalist.org/observations/17703481,"2021-09-06 09:57:33"
1177,5710,truebugs,family,Pentatomidae,truebugs,0,0,2,0,https://www.inaturalist.org/observations/17703464,"2021-09-06 09:57:33"
1178,5693,spider,species,"Araniella displicata",spider,0,0,3,0,https://www.inaturalist.org/observations/17703446,"2021-09-06 09:57:33"
1179,5201,beetle,superfamily,Pentatomoidea,truebugs,0,0,3,1,https://www.inaturalist.org/observations/17703438,"2021-08-30 09:54:09"
1180,4979,beetle,species,"Prosapia bicincta",leafhopper,0,0,3,1,https://www.inaturalist.org/observations/17703431,"2021-08-30 09:54:09"
1181,4975,fly,family,Dolichopodidae,fly,0,0,2,0,https://www.inaturalist.org/observations/17703428,"2021-08-30 09:54:09"
1182,4649,caterpillar,species,"Lymantria dispar",caterpillar,0,0,3,0,https://www.inaturalist.org/observations/17703424,"2021-08-30 09:57:15"
1183,4648,caterpillar,suborder,Symphyta,bee,0,1,3,1,https://www.inaturalist.org/observations/17703421,"2021-08-30 09:57:15"
1184,4634,caterpillar,species,"Lymantria dispar",caterpillar,0,0,4,0,https://www.inaturalist.org/observations/17703418,"2021-08-30 09:57:15"
1185,4367,other,family,Pentatomidae,truebugs,0,0,1,0,https://www.inaturalist.org/observations/17703409,"2021-08-30 09:57:15"
1186,4334,caterpillar,subfamily,Lymantriinae,caterpillar,0,0,2,0,https://www.inaturalist.org/observations/17703404,"2021-08-30 09:57:15"
1187,4328,grasshopper,genus,Oecanthus,grasshopper,0,0,3,0,https://www.inaturalist.org/observations/17703402,"2021-08-30 09:57:15"
1188,4316,caterpillar,species,"Operophtera brumata",caterpillar,0,0,2,0,https://www.inaturalist.org/observations/17703372,"2021-08-30 09:57:15"
1189,4312,caterpillar,species,"Operophtera brumata",caterpillar,0,0,2,0,https://www.inaturalist.org/observations/17703366,"2021-08-30 09:57:15"
1190,4310,caterpillar,species,"Lymantria dispar",caterpillar,0,0,3,0,https://www.inaturalist.org/observations/17703361,"2021-08-30 09:57:15"
1191,3912,truebugs,subfamily,Coreinae,truebugs,0,0,4,0,https://www.inaturalist.org/observations/17703354,"2021-08-30 09:57:15"
1192,3843,truebugs,family,Membracidae,leafhopper,0,0,3,1,https://www.inaturalist.org/observations/17703344,"2021-08-30 09:57:15"
1193,3753,spider,family,Salticidae,spider,0,0,2,0,https://www.inaturalist.org/observations/17703320,"2021-08-30 09:57:15"
1194,3697,truebugs,genus,Corythucha,truebugs,0,0,3,0,https://www.inaturalist.org/observations/17703318,"2021-08-30 09:57:15"
1195,3643,beetle,infraorder,Pentatomomorpha,truebugs,0,0,3,1,https://www.inaturalist.org/observations/17703316,"2021-08-30 09:57:15"
1196,3640,leafhopper,genus,Enchenopa,leafhopper,0,0,2,0,https://www.inaturalist.org/observations/17703314,"2021-08-30 09:57:15"
1197,3075,fly,family,Sciaridae,fly,0,0,2,0,https://www.inaturalist.org/observations/17703291,"2021-08-30 09:57:15"
1198,2970,fly,zoosubsection,Calyptratae,fly,0,0,2,0,https://www.inaturalist.org/observations/17703278,"2021-08-30 09:57:15"
1199,2857,leafhopper,genus,Cedusa,leafhopper,0,0,4,0,https://www.inaturalist.org/observations/17703251,"2021-08-30 09:57:15"
1200,2676,caterpillar,genus,Anisota,caterpillar,0,0,2,0,https://www.inaturalist.org/observations/17703234,"2021-08-23 09:54:19"
1201,2594,caterpillar,species,"Homaledra octagonella",caterpillar,0,0,3,0,https://www.inaturalist.org/observations/17703141,"2021-08-23 09:54:19"
1202,2590,caterpillar,species,"Homaledra octagonella",caterpillar,0,0,3,0,https://www.inaturalist.org/observations/17703140,"2021-08-23 09:54:19"
1203,2302,truebugs,family,Curculionidae,beetle,0,0,4,1,https://www.inaturalist.org/observations/17703138,"2021-08-23 09:57:14"
1204,2299,fly,family,Chironomidae,fly,0,0,2,0,https://www.inaturalist.org/observations/17703137,"2021-08-23 09:57:14"
1205,1703,fly,species,"Bibio femoratus",fly,0,0,3,0,https://www.inaturalist.org/observations/17703134,"2021-08-23 09:57:14"
1206,1589,fly,superfamily,Tipuloidea,fly,0,0,2,0,https://www.inaturalist.org/observations/17703117,"2021-08-23 09:57:14"
1207,1555,fly,subclass,Pterygota,Psocodea,0,0,2,1,https://www.inaturalist.org/observations/17703101,"2021-08-23 09:57:14"
1208,810,beetle,species,"Harmonia axyridis",beetle,0,0,4,0,https://www.inaturalist.org/observations/17703065,"2021-08-23 09:57:14"
1209,554,beetle,family,Melyridae,beetle,0,0,2,0,https://www.inaturalist.org/observations/17703029,"2021-08-23 09:57:14"
1210,508,fly,subclass,Pterygota,Plecoptera,0,0,2,1,https://www.inaturalist.org/observations/17703012,"2021-08-16 09:54:15"
1211,501,spider,species,"Lyssomanes viridis",spider,0,0,3,0,https://www.inaturalist.org/observations/17702993,"2021-08-16 09:54:15"
1212,500,aphid,family,Triozidae,aphid,0,0,4,0,https://www.inaturalist.org/observations/17702990,"2021-08-16 09:54:15"
1213,498,truebugs,order,Diptera,fly,0,0,3,1,https://www.inaturalist.org/observations/17702983,"2021-08-16 09:54:15"
1214,497,spider,genus,Trachelas,spider,0,0,2,0,https://www.inaturalist.org/observations/17702982,"2021-08-16 09:54:15"
1215,494,aphid,family,Aphididae,aphid,0,0,2,0,https://www.inaturalist.org/observations/17702967,"2021-08-16 09:54:15"
1216,483,ant,family,Formicidae,ant,0,0,2,0,https://www.inaturalist.org/observations/17702959,"2021-08-16 09:54:15"
1217,480,ant,species,"Prenolepis imparis",ant,0,0,3,0,https://www.inaturalist.org/observations/17702954,"2021-08-16 09:54:15"
1218,479,ant,species,"Prenolepis imparis",ant,0,0,2,0,https://www.inaturalist.org/observations/17702952,"2021-08-16 09:54:15"
1219,464,beetle,species,"Ellychnia corrusca",beetle,0,0,3,0,https://www.inaturalist.org/observations/17702931,"2021-08-16 09:57:09"
1220,185,beetle,family,Coccinellidae,beetle,0,0,2,0,https://www.inaturalist.org/observations/17702889,"2021-08-16 09:57:09"
1221,184,bee,subclass,Pterygota,fly,0,0,2,1,https://www.inaturalist.org/observations/17702884,"2021-08-16 09:57:09"
1222,182,beetle,family,Coccinellidae,beetle,0,0,2,0,https://www.inaturalist.org/observations/17702867,"2021-08-16 09:57:09"
1223,167,beetle,family,Coccinellidae,beetle,0,0,2,0,https://www.inaturalist.org/observations/17702860,"2021-08-16 09:57:09"
1224,166,fly,subclass,Pterygota,Psocodea,0,0,2,1,https://www.inaturalist.org/observations/17702858,"2021-08-16 09:57:09"
1226,74543,unidentified,family,Reduviidae,truebugs,0,0,1,0,https://www.inaturalist.org/observations/36480014,"2022-06-13 08:48:06"
1227,74535,unidentified,family,Chironomidae,fly,0,0,1,0,https://www.inaturalist.org/observations/36479851,"2022-06-13 08:48:06"
1229,74482,unidentified,suborder,Hemerobiiformia,Neuroptera,0,0,1,0,https://www.inaturalist.org/observations/35921561,"2022-06-13 08:48:06"
1230,74313,unidentified,family,Salticidae,spider,0,0,1,0,https://www.inaturalist.org/observations/34508489,"2022-06-13 08:48:06"
1231,73690,beetle,class,Insecta,beetle,0,0,1,0,https://www.inaturalist.org/observations/33279527,"2022-06-13 08:51:07"
1232,73597,unidentified,family,Aphididae,aphid,0,0,1,0,https://www.inaturalist.org/observations/33070192,"2022-06-13 08:51:07"
1233,73108,other,order,Blattodea,Blattodea,0,0,1,0,https://www.inaturalist.org/observations/32171610,"2022-06-13 08:57:07"
1234,72915,spider,species,"Lyssomanes viridis",spider,0,0,4,0,https://www.inaturalist.org/observations/31790320,"2022-06-13 09:00:07"
1235,72911,unidentified,species,"Blattella germanica",Blattodea,0,0,2,0,https://www.inaturalist.org/observations/31789842,"2022-06-13 09:00:07"
1236,72870,unidentified,order,Blattodea,Blattodea,0,0,1,0,https://www.inaturalist.org/observations/31676115,"2022-06-13 09:00:07"
1237,72756,unidentified,genus,Corythucha,truebugs,0,0,1,0,https://www.inaturalist.org/observations/31551370,"2022-06-13 09:00:07"
1238,72470,unidentified,family,Tingidae,truebugs,0,0,1,0,https://www.inaturalist.org/observations/31453940,"2022-06-13 09:03:07"
1239,72467,unidentified,order,Blattodea,Blattodea,0,0,1,0,https://www.inaturalist.org/observations/31453876,"2022-06-13 09:03:07"
1240,72394,other,genus,Zelus,truebugs,0,0,1,0,https://www.inaturalist.org/observations/30897847,"2022-06-13 09:06:07"
1241,72391,other,genus,Zelus,truebugs,0,0,1,0,https://www.inaturalist.org/observations/30897678,"2022-06-13 09:06:07"
1242,72276,other,genus,Zelus,truebugs,0,0,1,0,https://www.inaturalist.org/observations/30757066,"2022-06-13 09:09:06"
1243,72077,unidentified,family,Reduviidae,truebugs,0,0,1,0,https://www.inaturalist.org/observations/30502079,"2022-06-13 09:09:06"
1244,72050,other,genus,Zelus,truebugs,0,0,1,0,https://www.inaturalist.org/observations/30493972,"2022-06-13 09:09:06"
1248,60408,bee,family,Syrphidae,fly,0,0,3,1,https://www.inaturalist.org/observations/26947454,"2022-05-30 09:42:08"
1250,53781,unidentified,order,Psocodea,Psocodea,0,0,1,0,https://www.inaturalist.org/observations/25073263,"2022-05-23 09:48:07"
1251,53295,unidentified,suborder,Heteroptera,truebugs,0,0,1,0,https://www.inaturalist.org/observations/24184397,"2022-05-23 09:51:07"
1252,199,other,family,Berytidae,truebugs,0,0,1,0,https://www.inaturalist.org/observations/17848246,"2022-05-16 09:42:06"
1255,10136,unidentified,family,Reduviidae,truebugs,0,0,1,0,https://www.inaturalist.org/observations/17703859,"2021-09-27 09:57:16"
1258,73828,ant,genus,Formica,ant,0,0,3,0,https://www.inaturalist.org/observations/33375155,"2022-06-13 08:51:07"
1259,71258,fly,species,"Anotia uhleri",leafhopper,0,0,4,1,https://www.inaturalist.org/observations/29922844,"2022-06-13 09:15:06"
1260,61164,beetle,suborder,Heteroptera,truebugs,0,0,4,1,https://www.inaturalist.org/observations/27160548,"2022-05-30 09:33:08"
1261,970,bee,epifamily,Anthophila,bee,0,0,2,0,https://www.inaturalist.org/observations/17848415,"2022-05-16 09:39:08"
1262,342,other,order,Psocodea,Psocodea,0,0,1,0,https://www.inaturalist.org/observations/17848322,"2022-05-16 09:39:08"
1263,74660,grasshopper,superfamily,Psylloidea,aphid,0,0,3,1,https://www.inaturalist.org/observations/17702854,"2021-08-16 09:57:09"
1264,60584,bee,subclass,Pterygota,Trichoptera,0,0,2,1,https://www.inaturalist.org/observations/26966164,"2022-05-30 09:42:08"
1265,8612,unidentified,suborder,Hemerobiiformia,Neuroptera,0,0,1,0,https://www.inaturalist.org/observations/17848678,"2022-05-16 09:33:07"
1266,5974,unidentified,suborder,Heteroptera,truebugs,0,0,1,0,https://www.inaturalist.org/observations/17848540,"2022-05-16 09:33:07"
1267,4592,unidentified,species,"Odontopus calceatus",beetle,0,0,2,0,https://www.inaturalist.org/observations/17848502,"2022-05-16 09:36:06"
1268,1242,unidentified,family,Coccinellidae,beetle,1,0,1,0,https://www.inaturalist.org/observations/17848425,"2022-05-16 09:39:08"
1269,388,unidentified,family,Aphididae,aphid,0,0,1,0,https://www.inaturalist.org/observations/17848341,"2022-05-16 09:39:08"
1270,14481,unidentified,suborder,Nematocera,fly,0,0,1,0,https://www.inaturalist.org/observations/17704313,"2022-05-16 09:51:06"
1271,12172,unidentified,suborder,Heteroptera,truebugs,0,0,1,0,https://www.inaturalist.org/observations/17704062,"2022-05-16 09:57:07"
1272,9855,unidentified,suborder,Heteroptera,truebugs,0,0,1,0,https://www.inaturalist.org/observations/17703819,"2021-09-20 09:57:11"
1273,556,unidentified,species,"Harmonia axyridis",beetle,1,0,3,0,https://www.inaturalist.org/observations/17703032,"2021-08-23 09:57:14"
1274,150,unidentified,family,Chironomidae,fly,0,0,1,0,https://www.inaturalist.org/observations/17702839,"2021-08-16 09:57:09"
1275,141,ant,order,Araneae,spider,0,0,3,1,https://www.inaturalist.org/observations/17702815,"2021-08-16 09:57:09"
1276,72562,beetle,suborder,Hemerobiiformia,Neuroptera,0,0,3,1,https://www.inaturalist.org/observations/31457101,"2022-06-13 09:03:07"
1277,72558,beetle,species,"Harmonia axyridis",beetle,1,0,4,0,https://www.inaturalist.org/observations/31456767,"2022-06-13 09:03:07"
1278,72180,unidentified,suborder,Heteroptera,truebugs,0,0,1,0,https://www.inaturalist.org/observations/30687892,"2022-06-13 09:09:06"
1279,72036,beetle,order,Blattodea,Blattodea,0,0,3,1,https://www.inaturalist.org/observations/30493307,"2022-06-13 09:09:06"
1280,71096,beetle,suborder,Auchenorrhyncha,leafhopper,0,0,3,1,https://www.inaturalist.org/observations/29852826,"2022-06-13 09:18:06"
1281,67836,unidentified,suborder,Heteroptera,truebugs,0,0,1,0,https://www.inaturalist.org/observations/28675403,"2022-06-13 09:36:06"
1282,66786,beetle,family,Elateridae,beetle,0,0,2,0,https://www.inaturalist.org/observations/28495059,"2022-06-13 09:45:07"
1283,64173,beetle,species,"Cyrtepistomus castaneus",beetle,0,0,4,0,https://www.inaturalist.org/observations/27751601,"2022-06-06 09:36:08"
1284,64057,truebugs,subclass,Pterygota,grasshopper,0,0,3,1,https://www.inaturalist.org/observations/27711827,"2022-06-06 09:36:08"
1285,64043,truebugs,subclass,Pterygota,grasshopper,0,0,3,1,https://www.inaturalist.org/observations/27710456,"2022-06-06 09:36:08"
1286,63487,beetle,species,"Sciaphilus asperatus",beetle,0,0,3,0,https://www.inaturalist.org/observations/27644197,"2022-06-06 09:42:07"
1287,62157,unidentified,order,Hemiptera,truebugs,0,0,1,0,https://www.inaturalist.org/observations/27284509,"2022-06-06 09:54:07"
1288,60541,beetle,family,Mordellidae,beetle,0,0,2,0,https://www.inaturalist.org/observations/26964620,"2022-05-30 09:42:08"
1289,55013,aphid,superfamily,Trombidioidea,Trombidiformes,0,0,3,1,https://www.inaturalist.org/observations/25499260,"2022-05-23 09:42:07"
1290,43838,truebugs,family,Cerambycidae,beetle,0,0,5,1,https://www.inaturalist.org/observations/22889249,"2022-05-23 09:51:07"
1291,43707,unidentified,genus,Zelus,truebugs,0,0,1,0,https://www.inaturalist.org/observations/22616740,"2022-05-23 09:54:07"
1292,43682,unidentified,family,Chironomidae,fly,0,0,1,0,https://www.inaturalist.org/observations/22576764,"2022-05-23 09:54:07"
1293,43477,unidentified,family,Tingidae,truebugs,0,0,1,0,https://www.inaturalist.org/observations/22524561,"2022-05-23 09:57:07"
1294,43423,unidentified,order,Hymenoptera,bee,0,0,1,0,https://www.inaturalist.org/observations/22522190,"2022-05-23 09:57:07"
1295,43362,unidentified,suborder,Nematocera,fly,0,0,1,0,https://www.inaturalist.org/observations/22377435,"2022-05-23 09:57:07"
1296,9930,leafhopper,order,Psocodea,Psocodea,0,0,3,1,https://www.inaturalist.org/observations/17703842,"2021-09-27 09:57:16"
1297,5695,aphid,order,Psocodea,Psocodea,0,0,3,1,https://www.inaturalist.org/observations/17703451,"2021-09-06 09:57:33"
1298,75012,ant,species,"Prenolepis imparis",ant,0,0,4,0,https://www.inaturalist.org/observations/44324691,"2022-06-13 08:45:07"
1299,74992,spider,species,"Colonus sylvanus",spider,0,0,3,0,https://www.inaturalist.org/observations/44251204,"2022-06-13 08:45:07"
1300,74895,spider,family,Philodromidae,spider,0,0,2,0,https://www.inaturalist.org/observations/42773491,"2022-06-13 08:45:07"
1301,74764,leafhopper,species,"Sophonia orientalis",leafhopper,0,0,5,0,https://www.inaturalist.org/observations/42399659,"2022-06-13 08:45:07"
1302,74754,spider,species,"Lyssomanes viridis",spider,0,0,3,0,https://www.inaturalist.org/observations/42396255,"2022-06-13 08:45:07"
1303,74694,spider,species,"Leucauge venusta",spider,0,0,3,0,https://www.inaturalist.org/observations/42035637,"2022-06-13 08:48:06"
1304,74530,unidentified,order,Coleoptera,beetle,1,0,1,0,https://www.inaturalist.org/observations/36356943,"2022-06-13 08:48:06"
1305,73493,leafhopper,species,"Jikradia olitoria",leafhopper,0,0,2,0,https://www.inaturalist.org/observations/32905291,"2022-06-13 08:54:06"
1306,73490,ant,species,"Tapinoma sessile",ant,0,0,2,0,https://www.inaturalist.org/observations/32904449,"2022-06-13 08:54:06"
1307,73489,leafhopper,species,"Ormenoides venusta",leafhopper,0,0,3,0,https://www.inaturalist.org/observations/32904241,"2022-06-13 08:54:06"
1308,73464,leafhopper,species,"Jikradia olitoria",leafhopper,0,0,2,0,https://www.inaturalist.org/observations/32894058,"2022-06-13 08:54:06"
1309,73455,leafhopper,species,"Jikradia olitoria",leafhopper,0,0,2,0,https://www.inaturalist.org/observations/32891783,"2022-06-13 08:54:06"
1310,73449,ant,subfamily,Formicinae,ant,0,0,2,0,https://www.inaturalist.org/observations/32890938,"2022-06-13 08:54:06"
1311,73448,leafhopper,species,"Metcalfa pruinosa",leafhopper,0,0,3,0,https://www.inaturalist.org/observations/32890474,"2022-06-13 08:54:06"
1312,73365,leafhopper,species,"Jikradia olitoria",leafhopper,0,0,2,0,https://www.inaturalist.org/observations/32639589,"2022-06-13 08:54:06"
1313,73360,leafhopper,species,"Jikradia olitoria",leafhopper,0,0,2,0,https://www.inaturalist.org/observations/32637152,"2022-06-13 08:54:06"
1314,73123,leafhopper,family,Flatidae,leafhopper,0,0,2,0,https://www.inaturalist.org/observations/32174320,"2022-06-13 08:57:07"
1315,73110,leafhopper,species,"Metcalfa pruinosa",leafhopper,0,0,3,0,https://www.inaturalist.org/observations/32171998,"2022-06-13 08:57:07"
1316,73073,ant,species,"Temnothorax curvispinosus",ant,0,0,2,0,https://www.inaturalist.org/observations/32105858,"2022-06-13 08:57:07"
1317,72991,leafhopper,family,Flatidae,leafhopper,0,0,2,0,https://www.inaturalist.org/observations/32058414,"2022-06-13 09:00:07"
1318,72544,leafhopper,family,Flatidae,leafhopper,0,0,2,0,https://www.inaturalist.org/observations/31456158,"2022-06-13 09:03:07"
1319,72542,leafhopper,family,Flatidae,leafhopper,0,0,2,0,https://www.inaturalist.org/observations/31455965,"2022-06-13 09:03:07"
1320,72541,ant,species,"Camponotus pennsylvanicus",ant,0,0,2,0,https://www.inaturalist.org/observations/31455882,"2022-06-13 09:03:07"
1321,72540,leafhopper,family,Flatidae,leafhopper,0,0,2,0,https://www.inaturalist.org/observations/31455794,"2022-06-13 09:03:07"
1322,72539,leafhopper,family,Flatidae,leafhopper,0,0,2,0,https://www.inaturalist.org/observations/31455700,"2022-06-13 09:03:07"
1323,72537,leafhopper,species,"Acanalonia conica",leafhopper,0,0,3,0,https://www.inaturalist.org/observations/31455520,"2022-06-13 09:03:07"
1324,72534,leafhopper,species,"Jikradia olitoria",leafhopper,0,0,2,0,https://www.inaturalist.org/observations/31455305,"2022-06-13 09:03:07"
1325,72532,leafhopper,species,"Acanalonia conica",leafhopper,0,0,3,0,https://www.inaturalist.org/observations/31455079,"2022-06-13 09:03:07"
1326,72491,leafhopper,species,"Metcalfa pruinosa",leafhopper,0,0,3,0,https://www.inaturalist.org/observations/31454392,"2022-06-13 09:03:07"
1327,72371,leafhopper,species,"Jikradia olitoria",leafhopper,0,0,2,0,https://www.inaturalist.org/observations/30889259,"2022-06-13 09:06:07"
1328,72304,ant,genus,Formica,ant,0,0,2,0,https://www.inaturalist.org/observations/30810755,"2022-06-13 09:06:07"
1329,72223,leafhopper,genus,Acanalonia,leafhopper,0,0,2,0,https://www.inaturalist.org/observations/30714619,"2022-06-13 09:09:06"
1330,71904,leafhopper,species,"Jikradia olitoria",leafhopper,0,0,2,0,https://www.inaturalist.org/observations/30365600,"2022-06-13 09:09:06"
1331,71856,leafhopper,genus,Acanalonia,leafhopper,0,0,2,0,https://www.inaturalist.org/observations/30321733,"2022-06-13 09:09:06"
1332,71853,leafhopper,family,Flatidae,leafhopper,0,0,2,0,https://www.inaturalist.org/observations/30321311,"2022-06-13 09:09:06"
1333,71851,leafhopper,species,"Jikradia olitoria",leafhopper,0,0,2,0,https://www.inaturalist.org/observations/30320951,"2022-06-13 09:12:06"
1334,71705,ant,genus,Nylanderia,ant,0,0,2,0,https://www.inaturalist.org/observations/30098049,"2022-06-13 09:12:06"
1335,71287,leafhopper,family,Flatidae,leafhopper,0,0,2,0,https://www.inaturalist.org/observations/29926753,"2022-06-13 09:15:06"
1336,71167,ant,species,"Temnothorax curvispinosus",ant,0,0,2,0,https://www.inaturalist.org/observations/29917255,"2022-06-13 09:15:06"
1337,70837,leafhopper,species,"Metcalfa pruinosa",leafhopper,0,0,3,0,https://www.inaturalist.org/observations/29590372,"2022-06-13 09:18:06"
1338,70832,leafhopper,species,"Metcalfa pruinosa",leafhopper,0,0,3,0,https://www.inaturalist.org/observations/29589919,"2022-06-13 09:18:06"
1339,70830,leafhopper,genus,Acanalonia,leafhopper,0,0,2,0,https://www.inaturalist.org/observations/29589574,"2022-06-13 09:18:06"
1340,70805,leafhopper,species,"Jikradia olitoria",leafhopper,0,0,2,0,https://www.inaturalist.org/observations/29588294,"2022-06-13 09:18:06"
1341,70453,leafhopper,species,"Jikradia olitoria",leafhopper,0,0,2,0,https://www.inaturalist.org/observations/29512140,"2022-06-13 09:21:07"
1342,70447,leafhopper,species,"Orientus ishidae",leafhopper,0,0,2,0,https://www.inaturalist.org/observations/29511606,"2022-06-13 09:21:07"
1343,70443,leafhopper,family,Flatidae,leafhopper,0,0,2,0,https://www.inaturalist.org/observations/29511337,"2022-06-13 09:21:07"
1344,70424,leafhopper,species,"Jikradia olitoria",leafhopper,0,0,2,0,https://www.inaturalist.org/observations/29508192,"2022-06-13 09:21:07"
1345,70259,leafhopper,species,"Metcalfa pruinosa",leafhopper,0,0,3,0,https://www.inaturalist.org/observations/29464625,"2022-06-13 09:21:07"
1346,69629,leafhopper,species,"Acanalonia conica",leafhopper,0,0,3,0,https://www.inaturalist.org/observations/29282120,"2022-06-13 09:24:07"
1347,69576,leafhopper,species,"Jikradia olitoria",leafhopper,0,0,3,0,https://www.inaturalist.org/observations/29159409,"2022-06-13 09:24:07"
1348,69541,spider,family,Uloboridae,spider,0,0,2,0,https://www.inaturalist.org/observations/29159342,"2022-06-13 09:24:07"
1349,67387,leafhopper,species,"Metcalfa pruinosa",leafhopper,0,0,3,0,https://www.inaturalist.org/observations/28579185,"2022-06-13 09:42:06"
1350,66960,leafhopper,family,Aphrophoridae,leafhopper,0,0,2,0,https://www.inaturalist.org/observations/28505594,"2022-06-13 09:42:06"
1351,66943,ant,genus,Formica,ant,0,0,2,0,https://www.inaturalist.org/observations/28501132,"2022-06-13 09:42:06"
1352,66920,ant,genus,Formica,ant,0,0,2,0,https://www.inaturalist.org/observations/28499411,"2022-06-13 09:45:07"
1353,66868,leafhopper,genus,Cedusa,leafhopper,0,0,2,0,https://www.inaturalist.org/observations/28497789,"2022-06-13 09:45:07"
1354,65482,ant,species,"Camponotus pennsylvanicus",ant,0,0,2,0,https://www.inaturalist.org/observations/28066819,"2022-06-13 09:54:06"
1355,64801,leafhopper,family,Cicadellidae,leafhopper,0,0,2,0,https://www.inaturalist.org/observations/27825118,"2022-06-06 09:30:10"
1356,64277,ant,genus,Formica,ant,0,0,2,0,https://www.inaturalist.org/observations/27757351,"2022-06-06 09:33:09"
1357,64267,ant,genus,Formica,ant,0,0,2,0,https://www.inaturalist.org/observations/27756835,"2022-06-06 09:33:09"
1358,64265,ant,genus,Temnothorax,ant,0,0,2,0,https://www.inaturalist.org/observations/27756433,"2022-06-06 09:33:09"
1359,64016,ant,subfamily,Myrmicinae,ant,0,0,2,0,https://www.inaturalist.org/observations/27708368,"2022-06-06 09:36:08"
1360,63330,fly,genus,Homoneura,fly,0,0,2,0,https://www.inaturalist.org/observations/27635195,"2022-06-06 09:42:07"
1361,63301,ant,species,"Tapinoma sessile",ant,0,0,2,0,https://www.inaturalist.org/observations/27633681,"2022-06-06 09:42:07"
1362,62212,ant,genus,Myrmica,ant,0,0,2,0,https://www.inaturalist.org/observations/27288673,"2022-06-06 09:51:09"
1363,62166,ant,tribe,Lasiini,ant,0,0,2,0,https://www.inaturalist.org/observations/27285409,"2022-06-06 09:54:07"
1364,62150,ant,tribe,Lasiini,ant,0,0,2,0,https://www.inaturalist.org/observations/27283763,"2022-06-06 09:54:07"
1365,60704,ant,genus,Formica,ant,0,0,2,0,https://www.inaturalist.org/observations/26973554,"2022-05-30 09:39:06"
1366,60677,ant,genus,Camponotus,ant,0,0,2,0,https://www.inaturalist.org/observations/26969313,"2022-05-30 09:39:06"
1367,59498,fly,genus,Homoneura,fly,0,0,2,0,https://www.inaturalist.org/observations/26803119,"2022-05-30 09:51:08"
1368,56854,ant,species,"Camponotus pennsylvanicus",ant,0,0,2,0,https://www.inaturalist.org/observations/26074177,"2022-05-23 09:33:08"
1369,56803,leafhopper,family,Membracidae,leafhopper,0,0,2,0,https://www.inaturalist.org/observations/26060889,"2022-05-23 09:33:08"
1370,56524,leafhopper,family,Cicadellidae,leafhopper,0,0,2,0,https://www.inaturalist.org/observations/25999466,"2022-05-23 09:36:09"
1371,55411,leafhopper,tribe,Gyponini,leafhopper,0,0,2,0,https://www.inaturalist.org/observations/25613001,"2022-05-23 09:42:07"
1372,54974,leafhopper,species,"Jikradia olitoria",leafhopper,0,0,2,0,https://www.inaturalist.org/observations/25498663,"2022-05-23 09:42:07"
1373,54691,leafhopper,family,Cicadellidae,leafhopper,0,0,2,0,https://www.inaturalist.org/observations/25268073,"2022-05-23 09:45:08"
1374,43313,leafhopper,order,Psocodea,Psocodea,0,0,3,1,https://www.inaturalist.org/observations/21910642,"2022-05-23 09:57:07"
1375,76211,ant,species,"Camponotus subbarbatus",ant,0,0,4,0,https://www.inaturalist.org/observations/47659942,"2022-06-13 08:27:06"
1376,76207,fly,tribe,Syrphini,fly,0,0,2,0,https://www.inaturalist.org/observations/47656721,"2022-06-13 08:27:06"
1377,76163,ant,species,"Camponotus subbarbatus",ant,0,0,3,0,https://www.inaturalist.org/observations/47633432,"2022-06-13 08:27:06"
1378,76158,spider,species,"Leucauge venusta",spider,0,0,3,0,https://www.inaturalist.org/observations/47632742,"2022-06-13 08:27:06"
1379,76141,ant,family,Formicidae,ant,0,0,2,0,https://www.inaturalist.org/observations/47514661,"2022-06-13 08:27:06"
1380,76137,beetle,family,Elateridae,beetle,0,0,2,0,https://www.inaturalist.org/observations/47511176,"2022-06-13 08:27:06"
1381,76136,ant,species,"Temnothorax curvispinosus",ant,0,0,3,0,https://www.inaturalist.org/observations/47510911,"2022-06-13 08:27:06"
1382,76134,beetle,family,Elateridae,beetle,0,0,2,0,https://www.inaturalist.org/observations/47510415,"2022-06-13 08:30:06"
1383,76133,beetle,species,"Limonius basilaris",beetle,0,0,3,0,https://www.inaturalist.org/observations/47510165,"2022-06-13 08:30:06"
1384,76132,ant,family,Formicidae,ant,0,0,2,0,https://www.inaturalist.org/observations/47509814,"2022-06-13 08:30:06"
1385,76127,ant,genus,Camponotus,ant,0,0,2,0,https://www.inaturalist.org/observations/47508564,"2022-06-13 08:30:06"
1386,76125,beetle,family,Elateridae,beetle,0,0,2,0,https://www.inaturalist.org/observations/47507796,"2022-06-13 08:30:06"
1387,76090,ant,subfamily,Formicinae,ant,0,0,3,0,https://www.inaturalist.org/observations/47412197,"2022-06-13 08:30:06"
1388,76070,unidentified,species,"Polypsocus corruptus",Psocodea,0,0,2,0,https://www.inaturalist.org/observations/47405289,"2022-06-13 08:30:06"
1389,76057,unidentified,suborder,Hemerobiiformia,Neuroptera,0,0,1,0,https://www.inaturalist.org/observations/47402113,"2022-06-13 08:30:06"
1390,76034,beetle,species,"Phyllobius oblongus",beetle,0,0,3,0,https://www.inaturalist.org/observations/47398374,"2022-06-13 08:30:06"
1391,76031,spider,genus,Tetragnatha,spider,0,0,3,0,https://www.inaturalist.org/observations/47398108,"2022-06-13 08:30:07"
1392,76008,ant,family,Formicidae,ant,0,0,2,0,https://www.inaturalist.org/observations/47283950,"2022-06-13 08:30:07"
1393,75990,spider,genus,Araneus,spider,0,0,3,0,https://www.inaturalist.org/observations/47268943,"2022-06-13 08:30:07"
1394,75982,spider,genus,Anyphaena,spider,0,0,2,0,https://www.inaturalist.org/observations/47266955,"2022-06-13 08:33:07"
1395,75980,beetle,family,Mordellidae,beetle,0,0,2,0,https://www.inaturalist.org/observations/47265973,"2022-06-13 08:33:07"
1396,75961,beetle,species,"Pseudocneorhinus bifasciatus",beetle,0,0,3,0,https://www.inaturalist.org/observations/47262081,"2022-06-13 08:33:07"
1397,75907,ant,species,"Camponotus pennsylvanicus",ant,0,0,4,0,https://www.inaturalist.org/observations/47159118,"2022-06-13 08:33:07"
1398,75896,ant,class,Insecta,ant,0,0,1,0,https://www.inaturalist.org/observations/47152498,"2022-06-13 08:33:07"
1399,75864,beetle,species,"Harmonia axyridis",beetle,0,0,4,0,https://www.inaturalist.org/observations/47130110,"2022-06-13 08:33:07"
1400,75859,ant,family,Formicidae,ant,0,0,2,0,https://www.inaturalist.org/observations/47128398,"2022-06-13 08:33:07"
1401,75841,beetle,class,Insecta,beetle,0,0,1,0,https://www.inaturalist.org/observations/47123553,"2022-06-13 08:33:07"
1402,75720,ant,species,"Prenolepis imparis",ant,0,0,3,0,https://www.inaturalist.org/observations/46837596,"2022-06-13 08:33:07"
1403,75719,aphid,infraorder,Aphidomorpha,aphid,0,0,2,0,https://www.inaturalist.org/observations/46836867,"2022-06-13 08:33:07"
1404,75717,ant,species,"Prenolepis imparis",ant,0,0,3,0,https://www.inaturalist.org/observations/46836342,"2022-06-13 08:33:07"
1405,75710,fly,order,Ephemeroptera,Ephemeroptera,0,0,3,1,https://www.inaturalist.org/observations/46644252,"2022-06-13 08:33:07"
1406,75694,spider,species,"Lyssomanes viridis",spider,0,0,3,0,https://www.inaturalist.org/observations/46628536,"2022-06-13 08:33:07"
1407,75693,ant,family,Reduviidae,truebugs,0,0,5,1,https://www.inaturalist.org/observations/46628163,"2022-06-13 08:33:07"
1408,75706,ant,species,"Camponotus pennsylvanicus",ant,0,0,2,0,https://www.inaturalist.org/observations/46613892,"2022-06-13 08:33:07"
1409,75687,beetle,subfamily,Baridinae,beetle,0,0,3,0,https://www.inaturalist.org/observations/46601144,"2022-06-13 08:36:06"
1410,75677,ant,subfamily,Formicinae,ant,0,0,4,0,https://www.inaturalist.org/observations/46529830,"2022-06-13 08:36:06"
1411,75668,ant,genus,Camponotus,ant,0,0,3,0,https://www.inaturalist.org/observations/46521488,"2022-06-13 08:36:07"
1412,75661,leafhopper,genus,Eratoneura,leafhopper,0,0,3,0,https://www.inaturalist.org/observations/46519738,"2022-06-13 08:36:07"
1413,75646,spider,family,Dictynidae,spider,0,0,2,0,https://www.inaturalist.org/observations/46492928,"2022-06-13 08:36:07"
1414,74677,spider,species,"Lyssomanes viridis",spider,0,0,3,0,https://www.inaturalist.org/observations/46383768,"2022-06-13 08:36:07"
1415,74669,leafhopper,family,Gracillariidae,moths,0,0,3,1,https://www.inaturalist.org/observations/46383318,"2022-06-13 08:36:07"
1416,74666,unidentified,order,Lepidoptera,moths,0,0,1,0,https://www.inaturalist.org/observations/46381837,"2022-06-13 08:36:07"
1417,74672,ant,subgenus,Crematogaster,ant,0,0,4,0,https://www.inaturalist.org/observations/46381525,"2022-06-13 08:36:07"
1418,74676,spider,genus,Tetragnatha,spider,0,0,3,0,https://www.inaturalist.org/observations/46381218,"2022-06-13 08:36:07"
1419,75623,spider,genus,Uloborus,spider,0,0,4,0,https://www.inaturalist.org/observations/46371326,"2022-06-13 08:36:07"
1420,75618,spider,genus,Tetragnatha,spider,0,0,2,0,https://www.inaturalist.org/observations/46369856,"2022-06-13 08:36:07"
1421,75607,beetle,family,Elateridae,beetle,0,0,2,0,https://www.inaturalist.org/observations/46283011,"2022-06-13 08:36:07"
1422,75605,ant,genus,Camponotus,ant,0,0,3,0,https://www.inaturalist.org/observations/46282031,"2022-06-13 08:36:07"
1423,75600,spider,genus,Tetragnatha,spider,0,0,3,0,https://www.inaturalist.org/observations/46272258,"2022-06-13 08:36:07"
1424,75599,ant,family,Formicidae,ant,0,0,4,0,https://www.inaturalist.org/observations/46271802,"2022-06-13 08:36:07"
1425,75598,beetle,family,Elateridae,beetle,0,0,2,0,https://www.inaturalist.org/observations/46271342,"2022-06-13 08:36:07"
1426,75591,ant,genus,Lasius,ant,0,0,5,0,https://www.inaturalist.org/observations/46267387,"2022-06-13 08:36:07"
1427,75572,beetle,species,"Chauliognathus marginatus",beetle,0,0,3,0,https://www.inaturalist.org/observations/46228197,"2022-06-13 08:36:07"
1428,75544,ant,species,"Prenolepis imparis",ant,0,0,3,0,https://www.inaturalist.org/observations/46124095,"2022-06-13 08:36:07"
1429,75540,ant,family,Formicidae,ant,0,0,2,0,https://www.inaturalist.org/observations/46121685,"2022-06-13 08:39:07"
1430,75510,spider,family,Araneidae,spider,0,0,2,0,https://www.inaturalist.org/observations/45977953,"2022-06-13 08:39:07"
1431,75486,spider,species,"Hentzia palmarum",spider,0,0,3,0,https://www.inaturalist.org/observations/45971523,"2022-06-13 08:39:07"
1432,75484,spider,family,Salticidae,spider,0,0,2,0,https://www.inaturalist.org/observations/45971000,"2022-06-13 08:39:07"
1433,75435,truebugs,species,"Zelus luridus",truebugs,0,0,3,0,https://www.inaturalist.org/observations/45872920,"2022-06-13 08:39:08"
1434,75433,beetle,genus,Rhagonycha,beetle,0,0,2,0,https://www.inaturalist.org/observations/45872698,"2022-06-13 08:39:08"
1435,75424,daddylonglegs,order,Opiliones,daddylonglegs,0,0,2,0,https://www.inaturalist.org/observations/45871347,"2022-06-13 08:39:08"
1436,75404,leafhopper,species,"Platycotis vittata",leafhopper,0,0,2,0,https://www.inaturalist.org/observations/45868360,"2022-06-13 08:39:08"
1437,75403,spider,family,Salticidae,spider,0,0,2,0,https://www.inaturalist.org/observations/45867881,"2022-06-13 08:39:08"
1438,75387,spider,family,Theridiidae,spider,0,0,2,0,https://www.inaturalist.org/observations/45745026,"2022-06-13 08:39:08"
1439,75380,ant,family,Formicidae,ant,0,0,2,0,https://www.inaturalist.org/observations/45743229,"2022-06-13 08:39:08"
1440,75329,unidentified,order,Psocodea,Psocodea,0,0,1,0,https://www.inaturalist.org/observations/45532243,"2022-06-13 08:39:08"
1441,75242,ant,family,Formicidae,ant,0,0,3,0,https://www.inaturalist.org/observations/45500703,"2022-06-13 08:39:08"
1442,75239,grasshopper,subfamily,Phaneropterinae,grasshopper,0,0,2,0,https://www.inaturalist.org/observations/45499690,"2022-06-13 08:39:08"
1443,75237,fly,species,"Graphopsocus cruciatus",Psocodea,0,0,2,0,https://www.inaturalist.org/observations/45499393,"2022-06-13 08:39:08"
1444,75230,fly,infraorder,Tipulomorpha,fly,0,0,1,0,https://www.inaturalist.org/observations/45497918,"2022-06-13 08:42:08"
1445,75228,other,order,Ephemeroptera,Ephemeroptera,0,0,2,0,https://www.inaturalist.org/observations/45497185,"2022-06-13 08:42:08"
1446,75223,ant,suborder,Apocrita,bee,0,0,2,1,https://www.inaturalist.org/observations/45495520,"2022-06-13 08:42:08"
1447,75196,beetle,species,"Ischnomera ruficollis",beetle,0,0,3,0,https://www.inaturalist.org/observations/45390927,"2022-06-13 08:42:08"
1448,75194,unidentified,family,Chironomidae,fly,0,0,1,0,https://www.inaturalist.org/observations/45390420,"2022-06-13 08:42:08"
1449,75192,spider,family,Dictynidae,spider,0,0,2,0,https://www.inaturalist.org/observations/45389764,"2022-06-13 08:42:08"
1450,75180,ant,species,"Prenolepis imparis",ant,0,0,4,0,https://www.inaturalist.org/observations/45288925,"2022-06-13 08:42:08"
1451,75179,ant,species,"Prenolepis imparis",ant,0,0,4,0,https://www.inaturalist.org/observations/45288651,"2022-06-13 08:42:08"
1452,75177,aphid,family,Aphididae,aphid,0,0,2,0,https://www.inaturalist.org/observations/45288062,"2022-06-13 08:42:08"
1453,75146,beetle,species,"Odontopus calceatus",beetle,0,0,3,0,https://www.inaturalist.org/observations/45073079,"2022-06-13 08:42:08"
1454,75142,truebugs,genus,Neolygus,truebugs,0,0,3,0,https://www.inaturalist.org/observations/45072424,"2022-06-13 08:42:08"
1455,75137,beetle,family,Elateridae,beetle,0,0,3,0,https://www.inaturalist.org/observations/45071290,"2022-06-13 08:42:08"
1456,75131,leafhopper,tribe,Empoascini,leafhopper,0,0,3,0,https://www.inaturalist.org/observations/45069750,"2022-06-13 08:42:08"
1457,75124,fly,subfamily,Tipulinae,fly,0,0,3,0,https://www.inaturalist.org/observations/45068776,"2022-06-13 08:42:08"
1458,75119,beetle,species,"Magdalis armicollis",beetle,0,0,3,0,https://www.inaturalist.org/observations/45067495,"2022-06-13 08:42:08"
1459,75055,unidentified,family,Tingidae,truebugs,0,0,1,0,https://www.inaturalist.org/observations/44979904,"2022-06-13 08:42:08"
1460,75053,beetle,order,Psocodea,Psocodea,0,0,3,1,https://www.inaturalist.org/observations/44979607,"2022-06-13 08:42:08"
1461,75069,other,order,Ephemeroptera,Ephemeroptera,0,0,1,0,https://www.inaturalist.org/observations/44978631,"2022-06-13 08:42:08"
1462,75098,beetle,suborder,Heteroptera,truebugs,0,0,5,1,https://www.inaturalist.org/observations/44976949,"2022-06-13 08:42:08"
1463,75050,unidentified,order,Hymenoptera,bee,0,0,1,0,https://www.inaturalist.org/observations/44493607,"2022-06-13 08:42:08"
1464,75045,spider,infraorder,Entelegynae,spider,0,0,3,0,https://www.inaturalist.org/observations/44492340,"2022-06-13 08:42:08"
1465,75042,spider,species,"Lyssomanes viridis",spider,0,0,4,0,https://www.inaturalist.org/observations/44490381,"2022-06-13 08:45:07"
1466,75041,spider,species,"Paraphidippus aurantius",spider,0,0,3,0,https://www.inaturalist.org/observations/44490064,"2022-06-13 08:45:07"
1467,75040,spider,subfamily,Araneinae,spider,0,0,2,0,https://www.inaturalist.org/observations/44489754,"2022-06-13 08:45:07"
1468,75038,fly,subclass,Pterygota,Psocodea,0,0,2,1,https://www.inaturalist.org/observations/44489159,"2022-06-13 08:45:07"
1469,75021,spider,species,"Lyssomanes viridis",spider,0,0,4,0,https://www.inaturalist.org/observations/44480232,"2022-06-13 08:45:07"
1470,75018,beetle,species,"Harmonia axyridis",beetle,0,0,4,0,https://www.inaturalist.org/observations/44478723,"2022-06-13 08:45:07"
1471,74753,other,family,Chrysopidae,Neuroptera,0,0,3,0,https://www.inaturalist.org/observations/42395432,"2022-06-13 08:45:07"
1472,74556,other,species,"Callirhytis furva",bee,0,0,2,0,https://www.inaturalist.org/observations/36481610,"2022-06-13 08:48:06"
1473,72997,unidentified,epifamily,Termitoidae,Blattodea,0,0,1,0,https://www.inaturalist.org/observations/32061089,"2022-06-13 09:00:07"
1474,70893,other,family,Succineidae,Stylommatophora,0,0,1,0,https://www.inaturalist.org/observations/29655672,"2022-06-13 09:18:06"
1475,69385,other,species,"Micromus posticus",Neuroptera,0,0,3,0,https://www.inaturalist.org/observations/29157427,"2022-06-13 09:27:06"
1476,67848,unidentified,family,Coccinellidae,beetle,1,0,1,0,https://www.inaturalist.org/observations/28675520,"2022-06-13 09:36:06"
1477,64068,other,species,"Philoscia muscorum",Isopoda,0,0,2,0,https://www.inaturalist.org/observations/27712573,"2022-06-06 09:36:08"
1478,61159,other,species,"Macrodiplosis majalis",fly,0,0,2,0,https://www.inaturalist.org/observations/27157986,"2022-05-30 09:36:07"
1479,57936,other,species,"Macrodiplosis majalis",fly,0,0,1,0,https://www.inaturalist.org/observations/26403146,"2022-05-23 09:27:08"
1480,41584,moths,subfamily,Hesperiinae,moths,0,0,3,0,https://www.inaturalist.org/observations/17704454,"2022-05-16 09:48:07"
1481,10186,unidentified,suborder,Auchenorrhyncha,leafhopper,0,0,1,0,https://www.inaturalist.org/observations/17703866,"2021-09-27 09:57:16"
1482,9932,unidentified,order,Psocodea,Psocodea,0,0,1,0,https://www.inaturalist.org/observations/17703845,"2021-09-27 09:57:16"
1483,9929,unidentified,genus,Oecanthus,grasshopper,0,0,3,0,https://www.inaturalist.org/observations/17703840,"2021-09-27 09:57:16"
1484,8932,unidentified,suborder,Heteroptera,truebugs,0,0,1,0,https://www.inaturalist.org/observations/17703727,"2021-09-20 09:57:11"
1485,8414,unidentified,family,Mordellidae,beetle,0,0,1,0,https://www.inaturalist.org/observations/17703683,"2021-09-13 09:57:10"
1486,6430,unidentified,order,Psocodea,Psocodea,0,0,1,0,https://www.inaturalist.org/observations/17703517,"2021-09-06 09:57:33"
1487,2854,unidentified,suborder,Brachycera,fly,0,0,1,0,https://www.inaturalist.org/observations/17703248,"2021-08-23 09:54:19"
1488,766,caterpillar,species,"Operophtera brumata",caterpillar,0,0,3,0,https://www.inaturalist.org/observations/17703064,"2021-08-23 09:57:14"
1489,77117,spider,species,"Leucauge venusta",spider,0,0,3,0,https://www.inaturalist.org/observations/48841618,"2022-06-13 08:15:06"
1490,77109,spider,family,Thomisidae,spider,0,0,2,0,https://www.inaturalist.org/observations/48835550,"2022-06-13 08:15:06"
1491,76947,leafhopper,species,"Platycotis vittata",leafhopper,0,0,2,0,https://www.inaturalist.org/observations/48535839,"2022-06-13 08:18:08"
1492,76945,spider,species,"Lyssomanes viridis",spider,0,0,4,0,https://www.inaturalist.org/observations/48535654,"2022-06-13 08:18:08"
1493,76933,spider,suborder,Araneomorphae,spider,0,0,2,0,https://www.inaturalist.org/observations/48534331,"2022-06-13 08:18:08"
1494,76877,ant,subgenus,Lasius,ant,0,0,4,0,https://www.inaturalist.org/observations/48456645,"2022-06-13 08:18:08"
1495,76870,beetle,family,Cerambycidae,beetle,0,0,2,0,https://www.inaturalist.org/observations/48448426,"2022-06-13 08:18:08"
1496,76867,ant,species,"Camponotus pennsylvanicus",ant,0,0,4,0,https://www.inaturalist.org/observations/48447877,"2022-06-13 08:18:08"
1497,76865,ant,subgenus,Myrmentoma,ant,0,0,5,0,https://www.inaturalist.org/observations/48446940,"2022-06-13 08:18:08"
1498,76849,beetle,subfamily,Apioninae,beetle,0,0,2,0,https://www.inaturalist.org/observations/48440464,"2022-06-13 08:18:08"
1499,76848,ant,subgenus,Lasius,ant,0,0,4,0,https://www.inaturalist.org/observations/48440216,"2022-06-13 08:18:08"
1500,76846,beetle,family,Lampyridae,beetle,0,0,2,0,https://www.inaturalist.org/observations/48439737,"2022-06-13 08:18:08"
1501,76844,ant,subfamily,Formicinae,ant,0,0,3,0,https://www.inaturalist.org/observations/48439233,"2022-06-13 08:18:08"
1502,76842,spider,species,"Leucauge venusta",spider,0,0,3,0,https://www.inaturalist.org/observations/48438804,"2022-06-13 08:21:08"
1503,76783,beetle,superfamily,Curculionoidea,beetle,0,0,2,0,https://www.inaturalist.org/observations/48351209,"2022-06-13 08:21:08"
1504,76776,spider,species,"Hentzia palmarum",spider,0,0,3,0,https://www.inaturalist.org/observations/48348883,"2022-06-13 08:21:08"
1505,76775,beetle,family,Elateridae,beetle,0,0,3,0,https://www.inaturalist.org/observations/48339171,"2022-06-13 08:21:08"
1506,76772,fly,species,"Graphopsocus cruciatus",Psocodea,0,0,4,1,https://www.inaturalist.org/observations/48338050,"2022-06-13 08:21:08"
1507,76769,beetle,family,Elateridae,beetle,0,0,3,0,https://www.inaturalist.org/observations/48337390,"2022-06-13 08:21:08"
1508,76768,beetle,species,"Odontopus calceatus",beetle,0,0,4,0,https://www.inaturalist.org/observations/48337074,"2022-06-13 08:21:08"
1509,76767,spider,family,Philodromidae,spider,0,0,2,0,https://www.inaturalist.org/observations/48334865,"2022-06-13 08:21:08"
1510,76766,spider,family,Philodromidae,spider,0,0,2,0,https://www.inaturalist.org/observations/48334589,"2022-06-13 08:21:08"
1511,76763,beetle,family,Elateridae,beetle,0,0,2,0,https://www.inaturalist.org/observations/48333005,"2022-06-13 08:21:08"
1512,76761,spider,family,Dictynidae,spider,0,0,2,0,https://www.inaturalist.org/observations/48332503,"2022-06-13 08:21:08"
1513,76760,ant,complex,"Formica neogagates-group",ant,0,0,8,0,https://www.inaturalist.org/observations/48332295,"2022-06-13 08:21:08"
1514,76758,beetle,family,Elateridae,beetle,0,0,2,0,https://www.inaturalist.org/observations/48331823,"2022-06-13 08:21:08"
1515,76754,spider,genus,Florinda,spider,0,0,2,0,https://www.inaturalist.org/observations/48330909,"2022-06-13 08:21:08"
1516,76752,beetle,genus,Anaspis,beetle,0,0,2,0,https://www.inaturalist.org/observations/48330390,"2022-06-13 08:21:08"
1517,76715,spider,family,Philodromidae,spider,0,0,2,0,https://www.inaturalist.org/observations/48266037,"2022-06-13 08:21:08"
1518,76712,bee,family,Torymidae,bee,0,0,2,0,https://www.inaturalist.org/observations/48265127,"2022-06-13 08:21:08"
1519,76696,unidentified,superfamily,Ichneumonoidea,bee,0,0,1,0,https://www.inaturalist.org/observations/48260350,"2022-06-13 08:21:08"
1520,76645,unidentified,species,"Octotoma plicatula",beetle,0,0,3,0,https://www.inaturalist.org/observations/48256650,"2022-06-13 08:21:08"
1521,76631,bee,suborder,Apocrita,bee,0,0,2,0,https://www.inaturalist.org/observations/48255779,"2022-06-13 08:21:08"
1522,76615,ant,family,Formicidae,ant,0,0,2,0,https://www.inaturalist.org/observations/48254854,"2022-06-13 08:24:07"
1523,76594,ant,genus,Formica,ant,0,0,3,0,https://www.inaturalist.org/observations/48250741,"2022-06-13 08:24:07"
1524,76589,spider,genus,Colonus,spider,0,0,3,0,https://www.inaturalist.org/observations/48249719,"2022-06-13 08:24:07"
1525,76583,unidentified,order,Orthoptera,grasshopper,0,0,1,0,https://www.inaturalist.org/observations/48248190,"2022-06-13 08:24:07"
1526,76576,aphid,family,Aphididae,aphid,0,0,2,0,https://www.inaturalist.org/observations/48227028,"2022-06-13 08:24:07"
1527,76573,spider,subclass,Acari,spider,0,0,1,0,https://www.inaturalist.org/observations/48225791,"2022-06-13 08:24:07"
1528,76554,ant,species,"Prenolepis imparis",ant,0,0,3,0,https://www.inaturalist.org/observations/48164904,"2022-06-13 08:24:07"
1529,76553,ant,complex,"Formica pallidefulva",ant,0,0,3,0,https://www.inaturalist.org/observations/48164544,"2022-06-13 08:24:07"
1530,76551,spider,suborder,Araneomorphae,spider,0,0,2,0,https://www.inaturalist.org/observations/48163791,"2022-06-13 08:24:07"
1531,76550,ant,subgenus,Lasius,ant,0,0,3,0,https://www.inaturalist.org/observations/48163410,"2022-06-13 08:24:07"
1532,76549,spider,suborder,Araneomorphae,spider,0,0,2,0,https://www.inaturalist.org/observations/48163075,"2022-06-13 08:24:07"
1533,76548,ant,complex,"Formica fusca",ant,0,0,3,0,https://www.inaturalist.org/observations/48162698,"2022-06-13 08:24:07"
1534,76544,beetle,family,Coccinellidae,beetle,1,0,3,0,https://www.inaturalist.org/observations/48161325,"2022-06-13 08:24:07"
1535,76539,ant,complex,"Formica fusca",ant,0,0,3,0,https://www.inaturalist.org/observations/48160405,"2022-06-13 08:24:07"
1536,76514,spider,species,"Leucauge venusta",spider,0,0,3,0,https://www.inaturalist.org/observations/48121172,"2022-06-13 08:27:06"
1537,76500,spider,genus,Araneus,spider,0,0,3,0,https://www.inaturalist.org/observations/48116836,"2022-06-13 08:27:06"
1538,76487,spider,species,"Colonus sylvanus",spider,0,0,4,0,https://www.inaturalist.org/observations/48114742,"2022-06-13 08:27:06"
1539,76436,spider,suborder,Araneomorphae,spider,0,0,2,0,https://www.inaturalist.org/observations/48018069,"2022-06-13 08:27:06"
1540,75998,beetle,family,Cerambycidae,beetle,0,0,2,0,https://www.inaturalist.org/observations/47271450,"2022-06-13 08:30:07"
1541,71340,spider,infraorder,Entelegynae,spider,0,0,2,0,https://www.inaturalist.org/observations/29934987,"2022-06-13 09:12:06"
1542,70115,spider,infraorder,Entelegynae,spider,0,0,2,0,https://www.inaturalist.org/observations/29448003,"2022-06-13 09:21:07"
1543,66954,spider,infraorder,Entelegynae,spider,0,0,2,0,https://www.inaturalist.org/observations/28505234,"2022-06-13 09:42:06"
1544,66953,spider,family,Theridiidae,spider,0,0,3,0,https://www.inaturalist.org/observations/28505022,"2022-06-13 09:42:06"
1545,66951,spider,family,Theridiidae,spider,0,0,3,0,https://www.inaturalist.org/observations/28504812,"2022-06-13 09:42:06"
1546,65492,spider,infraorder,Entelegynae,spider,0,0,2,0,https://www.inaturalist.org/observations/28073198,"2022-06-13 09:54:06"
1547,65491,spider,family,Theridiidae,spider,0,0,3,0,https://www.inaturalist.org/observations/28072978,"2022-06-13 09:54:06"
1548,63532,spider,superfamily,Thomisoidea,spider,0,0,2,0,https://www.inaturalist.org/observations/27653123,"2022-06-06 09:39:09"
1549,63526,spider,family,Theridiidae,spider,0,0,2,0,https://www.inaturalist.org/observations/27646987,"2022-06-06 09:39:09"
1550,77517,spider,family,Thomisidae,spider,0,0,2,0,https://www.inaturalist.org/observations/49383129,"2022-06-13 08:09:07"
1551,77485,spider,genus,Mimetus,spider,0,0,2,0,https://www.inaturalist.org/observations/49129512,"2022-06-13 08:09:07"
1552,77484,fly,family,Lauxaniidae,fly,0,0,2,0,https://www.inaturalist.org/observations/49129190,"2022-06-13 08:09:07"
1553,77482,grasshopper,species,"Meconema thalassinum",grasshopper,0,0,3,0,https://www.inaturalist.org/observations/49128841,"2022-06-13 08:09:07"
1554,77480,spider,family,Araneidae,spider,0,0,2,0,https://www.inaturalist.org/observations/49128245,"2022-06-13 08:09:07"
1555,77466,beetle,species,"Pseudoedophrys hilleri",beetle,0,0,2,0,https://www.inaturalist.org/observations/49126876,"2022-06-13 08:12:06"
1556,77465,fly,family,Chironomidae,fly,0,0,2,0,https://www.inaturalist.org/observations/49126618,"2022-06-13 08:12:06"
1557,77464,leafhopper,tribe,Macropsini,leafhopper,0,0,2,0,https://www.inaturalist.org/observations/49126357,"2022-06-13 08:12:06"
1558,77463,leafhopper,family,Membracidae,leafhopper,0,0,2,0,https://www.inaturalist.org/observations/49126091,"2022-06-13 08:12:06"
1559,77462,beetle,species,"Strophosoma melanogrammum",beetle,0,0,3,0,https://www.inaturalist.org/observations/49125835,"2022-06-13 08:12:06"
1560,77459,ant,family,Formicidae,ant,0,0,2,0,https://www.inaturalist.org/observations/49125474,"2022-06-13 08:12:06"
1561,77457,beetle,species,"Strophosoma melanogrammum",beetle,0,0,3,0,https://www.inaturalist.org/observations/49125168,"2022-06-13 08:12:06"
1562,77456,spider,suborder,Araneomorphae,spider,0,0,2,0,https://www.inaturalist.org/observations/49124949,"2022-06-13 08:12:06"
1563,77454,leafhopper,tribe,Macropsini,leafhopper,0,0,2,0,https://www.inaturalist.org/observations/49124429,"2022-06-13 08:12:06"
1564,77445,spider,suborder,Araneomorphae,spider,0,0,2,0,https://www.inaturalist.org/observations/49123312,"2022-06-13 08:12:06"
1565,77444,other,species,"Stagmomantis carolina",Mantodea,0,0,2,0,https://www.inaturalist.org/observations/49123033,"2022-06-13 08:12:06"
1566,77438,ant,family,Formicidae,ant,0,0,2,0,https://www.inaturalist.org/observations/49121972,"2022-06-13 08:12:06"
1567,77420,leafhopper,species,"Ormenoides venusta",leafhopper,0,0,2,0,https://www.inaturalist.org/observations/49118999,"2022-06-13 08:12:06"
1568,77301,ant,family,Formicidae,ant,0,0,2,0,https://www.inaturalist.org/observations/49047188,"2022-06-13 08:12:06"
1569,77288,ant,family,Formicidae,ant,0,0,2,0,https://www.inaturalist.org/observations/49044241,"2022-06-13 08:12:06"
1570,77284,spider,suborder,Araneomorphae,spider,0,0,2,0,https://www.inaturalist.org/observations/49042873,"2022-06-13 08:12:06"
1571,77282,ant,species,"Camponotus pennsylvanicus",ant,0,0,3,0,https://www.inaturalist.org/observations/49042222,"2022-06-13 08:12:06"
1572,77277,ant,family,Formicidae,ant,0,0,3,0,https://www.inaturalist.org/observations/49041219,"2022-06-13 08:12:06"
1573,77271,ant,family,Formicidae,ant,0,0,3,0,https://www.inaturalist.org/observations/49039783,"2022-06-13 08:12:06"
1574,77270,ant,family,Formicidae,ant,0,0,3,0,https://www.inaturalist.org/observations/49039443,"2022-06-13 08:12:06"
1575,77269,ant,species,"Camponotus pennsylvanicus",ant,0,0,3,0,https://www.inaturalist.org/observations/49039081,"2022-06-13 08:12:06"
1576,77266,spider,family,Araneidae,spider,0,0,2,0,https://www.inaturalist.org/observations/49038063,"2022-06-13 08:15:06"
1577,77252,leafhopper,subgenus,Gyponana,leafhopper,0,0,3,0,https://www.inaturalist.org/observations/49028219,"2022-06-13 08:15:06"
1578,77247,unidentified,infraorder,Culicomorpha,fly,0,0,1,0,https://www.inaturalist.org/observations/49026891,"2022-06-13 08:15:06"
1579,77185,ant,genus,Crematogaster,ant,0,0,2,0,https://www.inaturalist.org/observations/49015672,"2022-06-13 08:15:06"
1580,77182,spider,suborder,Araneomorphae,spider,0,0,2,0,https://www.inaturalist.org/observations/49013622,"2022-06-13 08:15:06"
1581,77164,ant,genus,Camponotus,ant,0,0,2,0,https://www.inaturalist.org/observations/48940350,"2022-06-13 08:15:06"
1582,77156,leafhopper,genus,Oncopsis,leafhopper,0,0,2,0,https://www.inaturalist.org/observations/48938093,"2022-06-13 08:15:06"
1583,77154,leafhopper,genus,Oncopsis,leafhopper,0,0,2,0,https://www.inaturalist.org/observations/48937768,"2022-06-13 08:15:06"
1584,77153,spider,species,"Hentzia mitrata",spider,0,0,3,0,https://www.inaturalist.org/observations/48936831,"2022-06-13 08:15:06"
1585,77152,leafhopper,tribe,Typhlocybini,leafhopper,0,0,2,0,https://www.inaturalist.org/observations/48936505,"2022-06-13 08:15:06"
1586,77151,leafhopper,genus,Agallia,leafhopper,0,0,2,0,https://www.inaturalist.org/observations/48936127,"2022-06-13 08:15:06"
1588,77146,spider,family,Dictynidae,spider,0,0,2,0,https://www.inaturalist.org/observations/48933546,"2022-06-13 08:15:06"
1589,77145,leafhopper,genus,Cyrtolobus,leafhopper,0,0,2,0,https://www.inaturalist.org/observations/48933335,"2022-06-13 08:15:06"
1590,77140,spider,family,Dictynidae,spider,0,0,2,0,https://www.inaturalist.org/observations/48932415,"2022-06-13 08:15:06"
1591,77139,spider,family,Theridiidae,spider,0,0,2,0,https://www.inaturalist.org/observations/48931969,"2022-06-13 08:15:06"
1592,77011,aphid,order,Psocodea,Psocodea,0,0,1,0,https://www.inaturalist.org/observations/48645715,"2022-06-13 08:18:08"
1593,76960,beetle,family,Elateridae,beetle,0,0,2,0,https://www.inaturalist.org/observations/48539491,"2022-06-13 08:18:08"
1594,76916,beetle,suborder,Heteroptera,truebugs,0,0,4,1,https://www.inaturalist.org/observations/48527140,"2022-06-13 08:18:08"
1595,76671,other,order,Neuroptera,Neuroptera,0,0,1,0,https://www.inaturalist.org/observations/48258623,"2022-06-13 08:21:08"
1596,76568,unidentified,suborder,Auchenorrhyncha,leafhopper,0,0,1,0,https://www.inaturalist.org/observations/48172368,"2022-06-13 08:24:07"
1597,75066,other,species,"Dasineura pellex",fly,0,0,2,0,https://www.inaturalist.org/observations/44978940,"2022-06-13 08:42:08"
1598,62845,spider,superfamily,Araneoidea,spider,0,0,2,0,https://www.inaturalist.org/observations/27392873,"2022-06-06 09:48:08"
1599,61759,spider,infraorder,Entelegynae,spider,0,0,2,0,https://www.inaturalist.org/observations/27229491,"2022-06-06 09:57:07"
1600,78317,spider,order,Opiliones,daddylonglegs,0,0,3,1,https://www.inaturalist.org/observations/50290012,"2022-06-13 08:00:07"
1601,78211,spider,genus,Hentzia,spider,0,0,3,0,https://www.inaturalist.org/observations/50176363,"2022-06-13 08:03:07"
1602,78137,unidentified,genus,Acanthocephala,truebugs,0,0,2,0,https://www.inaturalist.org/observations/50158884,"2022-06-13 08:03:07"
1603,78027,leafhopper,tribe,Gyponini,leafhopper,0,0,2,0,https://www.inaturalist.org/observations/50053213,"2022-06-13 08:03:07"
1604,78017,beetle,species,"Agrilus obsoletoguttatus",beetle,0,0,4,0,https://www.inaturalist.org/observations/50052037,"2022-06-13 08:03:07"
1605,77970,beetle,genus,Cryptocephalus,beetle,0,0,2,0,https://www.inaturalist.org/observations/50046498,"2022-06-13 08:03:07"
1606,77900,beetle,genus,Melanotus,beetle,0,0,3,0,https://www.inaturalist.org/observations/49946554,"2022-06-13 08:03:07"
1607,77868,spider,genus,Wulfila,spider,0,0,2,0,https://www.inaturalist.org/observations/49895307,"2022-06-13 08:06:06"
1608,77867,beetle,family,Miridae,truebugs,0,0,4,1,https://www.inaturalist.org/observations/49895032,"2022-06-13 08:06:06"
1609,77866,spider,species,"Philodromus marxi",spider,0,0,2,0,https://www.inaturalist.org/observations/49894702,"2022-06-13 08:06:06"
1610,77861,spider,species,"Leucauge venusta",spider,0,0,4,0,https://www.inaturalist.org/observations/49894202,"2022-06-13 08:06:06"
1611,77850,grasshopper,order,Psocodea,Psocodea,0,0,3,1,https://www.inaturalist.org/observations/49892207,"2022-06-13 08:06:06"
1612,77796,grasshopper,family,Cicadellidae,leafhopper,0,0,4,1,https://www.inaturalist.org/observations/49832733,"2022-06-13 08:06:06"
1613,77792,truebugs,species,"Campyloneura virgula",truebugs,0,0,3,0,https://www.inaturalist.org/observations/49830943,"2022-06-13 08:06:06"
1614,77790,truebugs,species,"Campyloneura virgula",truebugs,0,0,3,0,https://www.inaturalist.org/observations/49830042,"2022-06-13 08:06:06"
1615,77785,fly,species,"Delphinia picta",fly,0,0,3,0,https://www.inaturalist.org/observations/49755469,"2022-06-13 08:06:06"
1616,77783,beetle,species,"Ptosima gibbicollis",beetle,0,0,4,0,https://www.inaturalist.org/observations/49755065,"2022-06-13 08:06:06"
1617,77764,leafhopper,order,Psocodea,Psocodea,0,0,3,1,https://www.inaturalist.org/observations/49748935,"2022-06-13 08:09:07"
1618,77756,fly,family,Aphididae,aphid,0,0,3,1,https://www.inaturalist.org/observations/49745798,"2022-06-13 08:09:07"
1619,77755,leafhopper,genus,Oncopsis,leafhopper,0,0,3,0,https://www.inaturalist.org/observations/49745415,"2022-06-13 08:09:07"
1620,77747,spider,phylum,Arthropoda,spider,0,0,1,0,https://www.inaturalist.org/observations/49741690,"2022-06-13 08:09:07"
1621,77746,spider,family,Thomisidae,spider,0,0,2,0,https://www.inaturalist.org/observations/49741403,"2022-06-13 08:09:07"
1622,77597,beetle,species,"Cyrtepistomus castaneus",beetle,0,0,3,0,https://www.inaturalist.org/observations/49499370,"2022-06-13 08:09:07"
1623,77251,fly,family,Lampyridae,beetle,0,0,4,1,https://www.inaturalist.org/observations/49027862,"2022-06-13 08:15:06"
1624,77183,beetle,suborder,Heteroptera,truebugs,0,0,3,1,https://www.inaturalist.org/observations/49015400,"2022-06-13 08:15:06"
1625,79161,unidentified,infraorder,Tipulomorpha,fly,0,0,1,0,https://www.inaturalist.org/observations/51283288,"2022-06-13 07:48:07"
1626,79094,unidentified,family,Issidae,leafhopper,0,0,2,0,https://www.inaturalist.org/observations/51257447,"2022-06-13 07:51:06"
1627,79042,grasshopper,species,"Meconema thalassinum",grasshopper,0,0,3,0,https://www.inaturalist.org/observations/51099012,"2022-06-13 07:51:06"
1628,78867,unidentified,family,Cerambycidae,beetle,0,0,2,0,https://www.inaturalist.org/observations/51012005,"2022-06-13 07:51:06"
1629,78862,unidentified,species,"Synecdoche impunctata",leafhopper,0,0,2,1,https://www.inaturalist.org/observations/51011450,"2022-06-13 07:51:06"
1630,78842,beetle,genus,Lucidota,beetle,0,0,4,0,https://www.inaturalist.org/observations/51009785,"2022-06-13 07:54:06"
1631,78809,beetle,species,"Cyrtepistomus castaneus",beetle,0,0,3,0,https://www.inaturalist.org/observations/51003681,"2022-06-13 07:54:06"
1632,78698,ant,genus,Camponotus,ant,0,0,2,0,https://www.inaturalist.org/observations/50784481,"2022-06-13 07:54:06"
1633,78660,beetle,genus,Mordella,beetle,0,0,2,0,https://www.inaturalist.org/observations/50774317,"2022-06-13 07:54:06"
1634,78657,ant,genus,Camponotus,ant,0,0,2,0,https://www.inaturalist.org/observations/50773837,"2022-06-13 07:54:06"
1635,78654,beetle,family,Elateridae,beetle,0,0,2,0,https://www.inaturalist.org/observations/50773125,"2022-06-13 07:54:06"
1636,78643,ant,tribe,Camponotini,ant,0,0,2,0,https://www.inaturalist.org/observations/50772276,"2022-06-13 07:54:06"
1637,78642,grasshopper,species,"Meconema thalassinum",grasshopper,0,0,2,0,https://www.inaturalist.org/observations/50772011,"2022-06-13 07:54:06"
1638,78626,ant,genus,Camponotus,ant,0,0,2,0,https://www.inaturalist.org/observations/50770545,"2022-06-13 07:54:06"
1639,78621,beetle,subfamily,Alleculinae,beetle,0,0,2,0,https://www.inaturalist.org/observations/50769156,"2022-06-13 07:57:07"
1640,78594,beetle,species,"Polydrusus cervinus",beetle,0,0,3,0,https://www.inaturalist.org/observations/50696132,"2022-06-13 07:57:07"
1641,78588,beetle,family,Mordellidae,beetle,0,0,2,0,https://www.inaturalist.org/observations/50693422,"2022-06-13 07:57:07"
1642,78580,beetle,genus,Melanotus,beetle,0,0,3,0,https://www.inaturalist.org/observations/50691340,"2022-06-13 07:57:07"
1643,78567,leafhopper,subfamily,Typhlocybinae,leafhopper,0,0,3,0,https://www.inaturalist.org/observations/50657542,"2022-06-13 07:57:07"
1644,78566,leafhopper,species,"Micrutalis calva",leafhopper,0,0,2,0,https://www.inaturalist.org/observations/50657372,"2022-06-13 07:57:07"
1645,78565,leafhopper,species,"Orientus ishidae",leafhopper,0,0,3,0,https://www.inaturalist.org/observations/50657199,"2022-06-13 07:57:07"
1646,78485,beetle,species,"Harmonia axyridis",beetle,0,0,4,0,https://www.inaturalist.org/observations/50582691,"2022-06-13 07:57:07"
1647,78483,leafhopper,order,Psocodea,Psocodea,0,0,3,1,https://www.inaturalist.org/observations/50582048,"2022-06-13 07:57:07"
1648,78481,leafhopper,order,Hemiptera,truebugs,0,0,2,1,https://www.inaturalist.org/observations/50581741,"2022-06-13 07:57:07"
1649,78480,leafhopper,tribe,Gyponini,leafhopper,0,0,3,0,https://www.inaturalist.org/observations/50581368,"2022-06-13 07:57:07"
1650,78458,leafhopper,species,"Colladonus clitellarius",leafhopper,0,0,3,0,https://www.inaturalist.org/observations/50575539,"2022-06-13 08:00:07"
1651,78453,leafhopper,genus,Oncopsis,leafhopper,0,0,3,0,https://www.inaturalist.org/observations/50574262,"2022-06-13 08:00:07"
1652,78450,beetle,species,"Harmonia axyridis",beetle,0,0,4,0,https://www.inaturalist.org/observations/50572979,"2022-06-13 08:00:07"
1653,78444,spider,family,Philodromidae,spider,0,0,2,0,https://www.inaturalist.org/observations/50572201,"2022-06-13 08:00:07"
1654,78443,beetle,species,"Acalymma vittatum",beetle,0,0,4,0,https://www.inaturalist.org/observations/50571852,"2022-06-13 08:00:07"
1655,78442,beetle,species,"Harmonia axyridis",beetle,0,0,3,0,https://www.inaturalist.org/observations/50571380,"2022-06-13 08:00:07"
1656,78378,beetle,genus,Clastoptera,leafhopper,0,0,4,1,https://www.inaturalist.org/observations/50424812,"2022-06-13 08:00:07"
1657,78163,unidentified,family,Mordellidae,beetle,0,0,1,0,https://www.inaturalist.org/observations/50165754,"2022-06-13 08:03:07"
1658,76547,leafhopper,order,Hemiptera,aphid,0,0,2,1,https://www.inaturalist.org/observations/48162331,"2022-06-13 08:24:07"
1659,60698,truebugs,order,Hemiptera,leafhopper,0,0,2,1,https://www.inaturalist.org/observations/26972226,"2022-05-30 09:39:06"
1660,79837,fly,superfamily,Muscoidea,fly,0,0,2,0,https://www.inaturalist.org/observations/52052201,"2022-06-13 07:39:07"
1661,79709,ant,genus,Crematogaster,ant,0,0,2,0,https://www.inaturalist.org/observations/51893953,"2022-06-13 07:42:07"
1662,79702,ant,subgenus,Lasius,ant,0,0,2,0,https://www.inaturalist.org/observations/51892488,"2022-06-13 07:42:07"
1663,79698,unidentified,order,Orthoptera,grasshopper,0,0,1,0,https://www.inaturalist.org/observations/51843151,"2022-06-13 07:42:07"
1664,79684,beetle,subfamily,Alleculinae,beetle,0,0,2,0,https://www.inaturalist.org/observations/51831339,"2022-06-13 07:42:07"
1665,79672,beetle,family,Elateridae,beetle,0,0,2,0,https://www.inaturalist.org/observations/51826873,"2022-06-13 07:42:07"
1666,79671,beetle,subfamily,Alleculinae,beetle,0,0,2,0,https://www.inaturalist.org/observations/51825810,"2022-06-13 07:42:07"
1667,79663,fly,subclass,Pterygota,fly,0,0,1,0,https://www.inaturalist.org/observations/51822523,"2022-06-13 07:42:07"
1668,79655,beetle,species,"Harmonia axyridis",beetle,0,0,4,0,https://www.inaturalist.org/observations/51813472,"2022-06-13 07:42:07"
1669,79571,leafhopper,genus,Cedusa,leafhopper,0,0,3,0,https://www.inaturalist.org/observations/51795795,"2022-06-13 07:42:07"
1670,79566,beetle,family,Elateridae,beetle,0,0,2,0,https://www.inaturalist.org/observations/51795192,"2022-06-13 07:42:07"
1671,79564,other,species,"Ectobius pallidus",Blattodea,0,0,3,0,https://www.inaturalist.org/observations/51794608,"2022-06-13 07:42:07"
1672,79550,beetle,family,Elateridae,beetle,0,0,2,0,https://www.inaturalist.org/observations/51790100,"2022-06-13 07:42:07"
1673,79540,beetle,genus,Melanotus,beetle,0,0,4,0,https://www.inaturalist.org/observations/51788319,"2022-06-13 07:45:06"
1674,79532,beetle,genus,Elonus,beetle,0,0,3,0,https://www.inaturalist.org/observations/51787452,"2022-06-13 07:45:06"
1675,79495,ant,species,"Camponotus pennsylvanicus",ant,0,0,3,0,https://www.inaturalist.org/observations/51721835,"2022-06-13 07:45:06"
1676,79493,leafhopper,genus,Acanalonia,leafhopper,0,0,2,0,https://www.inaturalist.org/observations/51721203,"2022-06-13 07:45:06"
1677,79489,leafhopper,species,"Graphocephala coccinea",leafhopper,0,0,3,0,https://www.inaturalist.org/observations/51720008,"2022-06-13 07:45:06"
1678,79471,beetle,family,Elateridae,beetle,0,0,2,0,https://www.inaturalist.org/observations/51694730,"2022-06-13 07:45:06"
1679,79468,beetle,subfamily,Cossoninae,beetle,0,0,2,0,https://www.inaturalist.org/observations/51694032,"2022-06-13 07:45:06"
1680,79462,other,family,Leptoceridae,Trichoptera,0,0,2,0,https://www.inaturalist.org/observations/51692395,"2022-06-13 07:48:07"
1681,79461,other,species,"Ectobius pallidus",Blattodea,0,0,3,0,https://www.inaturalist.org/observations/51692172,"2022-06-13 07:48:07"
1682,79371,leafhopper,species,"Acanalonia conica",leafhopper,0,0,3,0,https://www.inaturalist.org/observations/51582328,"2022-06-13 07:48:07"
1683,79367,leafhopper,species,"Ormenoides venusta",leafhopper,0,0,2,0,https://www.inaturalist.org/observations/51581437,"2022-06-13 07:48:07"
1684,79291,ant,species,"Camponotus pennsylvanicus",ant,0,0,3,0,https://www.inaturalist.org/observations/51410230,"2022-06-13 07:48:07"
1685,79251,beetle,tribe,Cryptocephalini,beetle,0,0,3,0,https://www.inaturalist.org/observations/51381835,"2022-06-13 07:48:07"
1686,79224,other,order,Neuroptera,Neuroptera,0,0,1,0,https://www.inaturalist.org/observations/51377433,"2022-06-13 07:48:07"
1687,79160,truebugs,suborder,Heteroptera,truebugs,0,0,1,0,https://www.inaturalist.org/observations/51282817,"2022-06-13 07:48:07"
1689,79147,beetle,species,"Cyrtepistomus castaneus",beetle,0,0,3,0,https://www.inaturalist.org/observations/51279512,"2022-06-13 07:51:06"
1691,79136,beetle,subclass,Pterygota,beetle,0,0,1,0,https://www.inaturalist.org/observations/51276987,"2022-06-13 07:51:06"
1692,78793,unidentified,genus,Micromus,Neuroptera,0,0,2,0,https://www.inaturalist.org/observations/50918373,"2022-06-13 07:54:06"
1693,78509,other,order,Mantodea,Mantodea,0,0,1,0,https://www.inaturalist.org/observations/50583889,"2022-06-13 07:57:07"
1694,75161,truebugs,family,Tingidae,truebugs,0,0,2,0,https://www.inaturalist.org/observations/45190378,"2022-06-13 08:42:08"
1695,80556,beetle,species,"Cyrtepistomus castaneus",beetle,0,0,4,0,https://www.inaturalist.org/observations/52726422,"2022-06-13 07:27:07"
1696,80524,unidentified,suborder,Hemerobiiformia,Neuroptera,0,0,1,0,https://www.inaturalist.org/observations/52701587,"2022-06-13 07:27:07"
1697,80359,ant,genus,Camponotus,ant,0,0,3,0,https://www.inaturalist.org/observations/52593679,"2022-06-13 07:30:07"
1698,80358,fly,species,"Chrysopilus modestus",fly,0,0,3,0,https://www.inaturalist.org/observations/52593426,"2022-06-13 07:30:07"
1699,80346,moths,species,"Promalactis suzukiella",moths,0,0,3,0,https://www.inaturalist.org/observations/52592179,"2022-06-13 07:30:07"
1700,80338,beetle,species,"Popillia japonica",beetle,0,0,3,0,https://www.inaturalist.org/observations/52591303,"2022-06-13 07:30:07"
1701,80337,fly,species,"Toxomerus marginatus",fly,0,0,3,0,https://www.inaturalist.org/observations/52591014,"2022-06-13 07:30:07"
1702,80336,moths,species,"Cupido comyntas",moths,0,0,3,0,https://www.inaturalist.org/observations/52590760,"2022-06-13 07:30:07"
1703,80331,fly,family,Dolichopodidae,fly,0,0,2,0,https://www.inaturalist.org/observations/52589747,"2022-06-13 07:30:07"
1704,80326,fly,species,"Chrysopilus quadratus",fly,0,0,4,0,https://www.inaturalist.org/observations/52589198,"2022-06-13 07:30:07"
1705,80324,spider,family,Lycosidae,spider,0,0,2,0,https://www.inaturalist.org/observations/52588644,"2022-06-13 07:30:07"
1706,80323,beetle,species,"Glischrochilus quadrisignatus",beetle,0,0,3,0,https://www.inaturalist.org/observations/52588413,"2022-06-13 07:30:07"
1707,80312,bee,subgenus,Fuscopolistes,bee,0,0,2,0,https://www.inaturalist.org/observations/52585640,"2022-06-13 07:30:07"
1708,80309,fly,family,Dolichopodidae,fly,0,0,2,0,https://www.inaturalist.org/observations/52584780,"2022-06-13 07:30:07"
1709,80308,other,order,Psocodea,Psocodea,0,0,1,0,https://www.inaturalist.org/observations/52584507,"2022-06-13 07:30:07"
1710,80152,beetle,family,Mordellidae,beetle,0,0,2,0,https://www.inaturalist.org/observations/52369449,"2022-06-13 07:33:06"
1711,80148,beetle,species,"Rhagonycha angulata",beetle,0,0,3,0,https://www.inaturalist.org/observations/52368601,"2022-06-13 07:33:06"
1712,80147,other,family,Psocidae,Psocodea,0,0,2,0,https://www.inaturalist.org/observations/52368323,"2022-06-13 07:33:06"
1713,80146,beetle,family,Elateridae,beetle,0,0,2,0,https://www.inaturalist.org/observations/52368074,"2022-06-13 07:33:06"
1714,80127,truebugs,genus,Neolygus,truebugs,0,0,3,0,https://www.inaturalist.org/observations/52362754,"2022-06-13 07:33:06"
1715,80119,unidentified,order,Psocodea,Psocodea,0,0,1,0,https://www.inaturalist.org/observations/52361256,"2022-06-13 07:33:06"
1716,80117,beetle,species,"Brachys aeruginosus",beetle,0,0,3,0,https://www.inaturalist.org/observations/52360793,"2022-06-13 07:33:06"
1717,80112,truebugs,subfamily,Phylinae,truebugs,0,0,3,0,https://www.inaturalist.org/observations/52359607,"2022-06-13 07:33:06"
1718,80094,beetle,family,Elateridae,beetle,0,0,2,0,https://www.inaturalist.org/observations/52294354,"2022-06-13 07:33:06"
1719,80082,truebugs,family,Miridae,truebugs,0,0,2,0,https://www.inaturalist.org/observations/52291753,"2022-06-13 07:36:06"
1720,80073,bee,suborder,Apocrita,bee,0,0,2,0,https://www.inaturalist.org/observations/52286969,"2022-06-13 07:36:06"
1721,80040,beetle,species,"Pseudocneorhinus bifasciatus",beetle,0,0,2,0,https://www.inaturalist.org/observations/52259318,"2022-06-13 07:36:07"
1722,80033,ant,suborder,Heteroptera,truebugs,0,0,3,1,https://www.inaturalist.org/observations/52259041,"2022-06-13 07:36:07"
1723,80025,beetle,species,"Pseudocneorhinus bifasciatus",beetle,0,0,3,0,https://www.inaturalist.org/observations/52257835,"2022-06-13 07:36:07"
1724,79990,leafhopper,species,"Prosapia bicincta",leafhopper,0,0,3,0,https://www.inaturalist.org/observations/52251220,"2022-06-13 07:36:07"
1725,79977,fly,suborder,Apocrita,bee,0,0,3,1,https://www.inaturalist.org/observations/52248401,"2022-06-13 07:36:07"
1726,79971,beetle,species,"Pseudoedophrys hilleri",beetle,0,0,3,0,https://www.inaturalist.org/observations/52247923,"2022-06-13 07:36:07"
1727,79936,grasshopper,species,"Microcentrum retinerve",grasshopper,0,0,2,0,https://www.inaturalist.org/observations/52176040,"2022-06-13 07:39:07"
1728,79934,beetle,species,"Harmonia axyridis",beetle,0,0,4,0,https://www.inaturalist.org/observations/52175763,"2022-06-13 07:39:07"
1729,79922,truebugs,genus,Plagiognathus,truebugs,0,0,3,0,https://www.inaturalist.org/observations/52173856,"2022-06-13 07:39:07"
1730,79910,truebugs,infraorder,Cimicomorpha,truebugs,0,0,3,0,https://www.inaturalist.org/observations/52171142,"2022-06-13 07:39:07"
1731,79903,other,family,Chrysopidae,Neuroptera,0,0,3,1,https://www.inaturalist.org/observations/52170857,"2022-06-13 07:39:07"
1732,79901,leafhopper,species,"Philaenus spumarius",leafhopper,0,0,3,0,https://www.inaturalist.org/observations/52170467,"2022-06-13 07:39:07"
1733,79900,grasshopper,species,"Phyllopalpus pulchellus",grasshopper,0,0,3,0,https://www.inaturalist.org/observations/52170092,"2022-06-13 07:39:07"
1734,79898,truebugs,family,Coreidae,truebugs,0,0,2,0,https://www.inaturalist.org/observations/52169377,"2022-06-13 07:39:07"
1735,79825,beetle,species,"Rhagonycha angulata",beetle,0,0,2,0,https://www.inaturalist.org/observations/52049583,"2022-06-13 07:39:07"
1736,79817,beetle,genus,Triplax,beetle,0,0,2,0,https://www.inaturalist.org/observations/52048859,"2022-06-13 07:39:07"
1737,79726,unidentified,order,Lepidoptera,moths,0,0,1,0,https://www.inaturalist.org/observations/51947629,"2022-06-13 07:39:07"
1738,79720,unidentified,subfamily,Campopleginae,bee,0,0,2,0,https://www.inaturalist.org/observations/51945326,"2022-06-13 07:39:07"
1739,79708,leafhopper,species,"Graphocephala coccinea",leafhopper,0,0,4,0,https://www.inaturalist.org/observations/51893246,"2022-06-13 07:42:07"
1740,79568,other,genus,Scudderia,grasshopper,0,0,1,0,https://www.inaturalist.org/observations/51795466,"2022-06-13 07:42:07"
1741,79488,caterpillar,order,Lepidoptera,caterpillar,0,0,1,0,https://www.inaturalist.org/observations/51719471,"2022-06-13 07:45:06"
1742,81219,unidentified,family,Chrysopidae,Neuroptera,0,0,2,0,https://www.inaturalist.org/observations/53661712,"2022-06-13 07:15:07"
1743,81195,beetle,species,"Harmonia axyridis",beetle,0,0,4,0,https://www.inaturalist.org/observations/53636171,"2022-06-13 07:18:07"
1744,81193,unidentified,infraorder,Fulgoromorpha,leafhopper,0,0,1,0,https://www.inaturalist.org/observations/53635339,"2022-06-13 07:18:07"
1745,81128,beetle,species,"Photinus pyralis",beetle,0,0,3,0,https://www.inaturalist.org/observations/53606002,"2022-06-13 07:18:07"
1746,81113,fly,genus,Minettia,fly,0,0,2,0,https://www.inaturalist.org/observations/53604091,"2022-06-13 07:18:07"
1747,81059,beetle,species,"Popillia japonica",beetle,0,0,3,0,https://www.inaturalist.org/observations/53509512,"2022-06-13 07:21:06"
1748,81040,spider,family,Thomisidae,spider,0,0,3,0,https://www.inaturalist.org/observations/53474288,"2022-06-13 07:21:06"
1749,81037,unidentified,species,"Pseudoedophrys hilleri",beetle,0,0,2,0,https://www.inaturalist.org/observations/53472810,"2022-06-13 07:21:06"
1750,81036,spider,family,Salticidae,spider,0,0,2,0,https://www.inaturalist.org/observations/53472510,"2022-06-13 07:21:06"
1751,80933,beetle,family,Lampyridae,beetle,0,0,2,0,https://www.inaturalist.org/observations/53300595,"2022-06-13 07:21:06"
1752,80930,ant,species,"Camponotus subbarbatus",ant,0,0,3,0,https://www.inaturalist.org/observations/53300285,"2022-06-13 07:21:06"
1753,80850,daddylonglegs,order,Opiliones,daddylonglegs,0,0,3,1,https://www.inaturalist.org/observations/53155690,"2022-06-13 07:21:06"
1754,80839,fly,family,Chironomidae,fly,0,0,2,0,https://www.inaturalist.org/observations/53147904,"2022-06-13 07:21:06"
1755,80837,other,order,Psocodea,Psocodea,0,0,3,1,https://www.inaturalist.org/observations/53147445,"2022-06-13 07:21:06"
1756,80798,spider,infraorder,Entelegynae,spider,0,0,2,0,https://www.inaturalist.org/observations/53077376,"2022-06-13 07:24:07"
1757,80671,ant,genus,Lasius,ant,0,0,2,0,https://www.inaturalist.org/observations/53039036,"2022-06-13 07:24:07"
1758,80669,ant,genus,Lasius,ant,0,0,2,0,https://www.inaturalist.org/observations/53038617,"2022-06-13 07:24:07"
1759,80667,grasshopper,genus,Oecanthus,grasshopper,0,0,3,0,https://www.inaturalist.org/observations/52966395,"2022-06-13 07:24:07"
1760,80662,grasshopper,species,"Neoxabea bipunctata",grasshopper,0,0,3,0,https://www.inaturalist.org/observations/52964797,"2022-06-13 07:24:07"
1761,80661,grasshopper,genus,Oecanthus,grasshopper,0,0,3,0,https://www.inaturalist.org/observations/52964477,"2022-06-13 07:24:07"
1762,80660,bee,genus,Gasteruption,bee,0,0,2,0,https://www.inaturalist.org/observations/52964135,"2022-06-13 07:24:07"
1763,80653,beetle,species,"Harmonia axyridis",beetle,1,0,3,0,https://www.inaturalist.org/observations/52962372,"2022-06-13 07:27:07"
1764,80650,other,family,Leptoceridae,Trichoptera,0,0,2,0,https://www.inaturalist.org/observations/52961677,"2022-06-13 07:27:07"
1765,80647,grasshopper,genus,Oecanthus,grasshopper,0,0,3,0,https://www.inaturalist.org/observations/52960925,"2022-06-13 07:27:07"
1766,80646,grasshopper,species,"Phyllopalpus pulchellus",grasshopper,0,0,3,0,https://www.inaturalist.org/observations/52960648,"2022-06-13 07:27:07"
1767,80644,spider,species,"Neoscona crucifera",spider,0,0,2,0,https://www.inaturalist.org/observations/52960062,"2022-06-13 07:27:07"
1768,80634,fly,order,Psocodea,Psocodea,0,0,3,1,https://www.inaturalist.org/observations/52958010,"2022-06-13 07:27:07"
1769,80610,beetle,genus,Strongylium,beetle,0,0,2,0,https://www.inaturalist.org/observations/52850458,"2022-06-13 07:27:07"
1770,81700,grasshopper,genus,Oecanthus,grasshopper,0,0,3,0,https://www.inaturalist.org/observations/54433128,"2022-06-13 07:09:06"
1771,81571,leafhopper,species,"Metcalfa pruinosa",leafhopper,0,0,3,0,https://www.inaturalist.org/observations/54391457,"2022-06-13 07:09:06"
1772,81392,fly,subfamily,Sciapodinae,fly,0,0,2,0,https://www.inaturalist.org/observations/53877661,"2022-06-13 07:12:07"
1773,81389,ant,complex,"Formica fusca",ant,0,0,2,0,https://www.inaturalist.org/observations/53876860,"2022-06-13 07:12:07"
1775,81378,ant,complex,"Formica fusca",ant,0,0,2,0,https://www.inaturalist.org/observations/53874082,"2022-06-13 07:12:07"
1776,81377,spider,family,Anyphaenidae,spider,0,0,3,0,https://www.inaturalist.org/observations/53873828,"2022-06-13 07:12:07"
1777,81373,ant,genus,Formica,ant,0,0,2,0,https://www.inaturalist.org/observations/53872882,"2022-06-13 07:12:07"
1778,81343,beetle,species,"Pseudocneorhinus bifasciatus",beetle,0,0,2,0,https://www.inaturalist.org/observations/53840194,"2022-06-13 07:12:07"
1779,81340,beetle,species,"Pseudoedophrys hilleri",beetle,0,0,2,0,https://www.inaturalist.org/observations/53839371,"2022-06-13 07:12:07"
1780,81335,beetle,species,"Pseudocneorhinus bifasciatus",beetle,0,0,2,0,https://www.inaturalist.org/observations/53839053,"2022-06-13 07:12:07"
1781,81330,beetle,species,"Pseudocneorhinus bifasciatus",beetle,0,0,2,0,https://www.inaturalist.org/observations/53838847,"2022-06-13 07:12:07"
1782,81326,beetle,species,"Cyrtepistomus castaneus",beetle,0,0,3,0,https://www.inaturalist.org/observations/53837651,"2022-06-13 07:12:07"
1783,81324,leafhopper,subfamily,Flatinae,leafhopper,0,0,2,0,https://www.inaturalist.org/observations/53837415,"2022-06-13 07:12:07"
1784,81311,spider,family,Thomisidae,spider,0,0,2,0,https://www.inaturalist.org/observations/53833484,"2022-06-13 07:12:07"
1785,81305,ant,species,"Brachyponera chinensis",ant,0,0,3,0,https://www.inaturalist.org/observations/53832987,"2022-06-13 07:12:07"
1786,81304,aphid,family,Aphididae,aphid,0,0,2,0,https://www.inaturalist.org/observations/53832785,"2022-06-13 07:12:07"
1787,81301,leafhopper,species,"Ormenoides venusta",leafhopper,0,0,2,0,https://www.inaturalist.org/observations/53832582,"2022-06-13 07:12:07"
1788,81299,ant,species,"Lasius neoniger",ant,0,0,2,0,https://www.inaturalist.org/observations/53832132,"2022-06-13 07:12:07"
1789,81298,ant,species,"Lasius neoniger",ant,0,0,2,0,https://www.inaturalist.org/observations/53831878,"2022-06-13 07:12:07"
1790,81276,beetle,species,"Conotrachelus anaglypticus",beetle,0,0,2,0,https://www.inaturalist.org/observations/53762242,"2022-06-13 07:15:07"
1791,81262,spider,infraorder,Entelegynae,spider,0,0,2,0,https://www.inaturalist.org/observations/53757440,"2022-06-13 07:15:07"
1792,81261,grasshopper,species,"Phyllopalpus pulchellus",grasshopper,0,0,3,0,https://www.inaturalist.org/observations/53757190,"2022-06-13 07:15:07"
1793,81259,other,genus,Triaenodes,Trichoptera,0,0,2,0,https://www.inaturalist.org/observations/53756552,"2022-06-13 07:15:07"
1794,81250,spider,family,Araneidae,spider,0,0,2,0,https://www.inaturalist.org/observations/53754550,"2022-06-13 07:15:07"
1795,81246,spider,suborder,Araneomorphae,spider,0,0,2,0,https://www.inaturalist.org/observations/53753249,"2022-06-13 07:15:07"
1796,81242,grasshopper,genus,Oecanthus,grasshopper,0,0,3,0,https://www.inaturalist.org/observations/53751879,"2022-06-13 07:15:07"
1797,81236,leafhopper,species,"Metcalfa pruinosa",leafhopper,0,0,3,0,https://www.inaturalist.org/observations/53750592,"2022-06-13 07:15:07"
1798,81235,other,family,Leptoceridae,Trichoptera,0,0,2,0,https://www.inaturalist.org/observations/53750298,"2022-06-13 07:15:07"
1799,81234,spider,superfamily,Thomisoidea,spider,0,0,2,0,https://www.inaturalist.org/observations/53750002,"2022-06-13 07:15:07"
1800,81199,aphid,family,Aphididae,aphid,0,0,2,0,https://www.inaturalist.org/observations/53637780,"2022-06-13 07:18:07"
1801,81198,aphid,family,Aphididae,aphid,0,0,2,0,https://www.inaturalist.org/observations/53637416,"2022-06-13 07:18:07"
1802,81196,aphid,family,Aphididae,aphid,0,0,2,0,https://www.inaturalist.org/observations/53636550,"2022-06-13 07:18:07"
1803,81188,unidentified,order,Hemiptera,truebugs,0,0,1,0,https://www.inaturalist.org/observations/53629152,"2022-06-13 07:18:07"
1804,81167,fly,family,Miridae,truebugs,0,0,4,1,https://www.inaturalist.org/observations/53612944,"2022-06-13 07:18:07"
1805,81139,fly,species,"Efferia aestuans",fly,0,0,2,0,https://www.inaturalist.org/observations/53607606,"2022-06-13 07:18:07"
1806,80678,aphid,family,Aphididae,aphid,0,0,2,0,https://www.inaturalist.org/observations/53039944,"2022-06-13 07:24:07"
1807,80321,aphid,family,Aphididae,aphid,0,0,2,0,https://www.inaturalist.org/observations/52587918,"2022-06-13 07:30:07"
1808,80116,aphid,family,Aphididae,aphid,0,0,2,0,https://www.inaturalist.org/observations/52360561,"2022-06-13 07:33:06"
1809,78828,aphid,family,Aphididae,aphid,0,0,2,0,https://www.inaturalist.org/observations/51006155,"2022-06-13 07:54:06"
1810,82085,spider,family,Thomisidae,spider,0,0,2,0,https://www.inaturalist.org/observations/55205330,"2022-06-13 07:00:07"
1811,82075,spider,order,Araneae,spider,0,0,3,0,https://www.inaturalist.org/observations/55203469,"2022-06-13 07:00:07"
1812,82072,spider,family,Mimetidae,spider,0,0,2,0,https://www.inaturalist.org/observations/55202799,"2022-06-13 07:00:07"
1813,82071,spider,genus,Wulfila,spider,0,0,2,0,https://www.inaturalist.org/observations/55202420,"2022-06-13 07:00:07"
1814,82069,bee,subfamily,Campopleginae,bee,0,0,3,0,https://www.inaturalist.org/observations/55201653,"2022-06-13 07:00:07"
1815,81945,spider,family,Salticidae,spider,0,0,2,0,https://www.inaturalist.org/observations/54882052,"2022-06-13 07:00:07"
1816,81932,beetle,genus,Macrodactylus,beetle,0,0,2,0,https://www.inaturalist.org/observations/54760131,"2022-06-13 07:00:07"
1817,81924,beetle,species,"Pseudoedophrys hilleri",beetle,0,0,2,0,https://www.inaturalist.org/observations/54757495,"2022-06-13 07:00:07"
1818,81914,spider,species,"Hentzia mitrata",spider,0,0,3,0,https://www.inaturalist.org/observations/54756144,"2022-06-13 07:00:07"
1819,81913,spider,superfamily,Araneoidea,spider,0,0,2,0,https://www.inaturalist.org/observations/54755840,"2022-06-13 07:00:07"
1820,81900,spider,family,Salticidae,spider,0,0,2,0,https://www.inaturalist.org/observations/54734551,"2022-06-13 07:03:07"
1821,81898,beetle,family,Lycidae,beetle,0,0,2,0,https://www.inaturalist.org/observations/54734296,"2022-06-13 07:03:07"
1822,81884,beetle,genus,Rhagonycha,beetle,0,0,3,0,https://www.inaturalist.org/observations/54731329,"2022-06-13 07:03:07"
1823,81876,spider,genus,Araniella,spider,0,0,2,0,https://www.inaturalist.org/observations/54729853,"2022-06-13 07:03:07"
1824,81875,spider,genus,Hentzia,spider,0,0,3,0,https://www.inaturalist.org/observations/54729649,"2022-06-13 07:03:07"
1825,81871,ant,genus,Crematogaster,ant,0,0,3,0,https://www.inaturalist.org/observations/54728744,"2022-06-13 07:03:07"
1826,81857,fly,family,Dolichopodidae,fly,0,0,2,0,https://www.inaturalist.org/observations/54662012,"2022-06-13 07:03:07"
1827,81848,spider,superfamily,Araneoidea,spider,0,0,2,0,https://www.inaturalist.org/observations/54660074,"2022-06-13 07:03:07"
1828,81840,beetle,species,"Lechriops oculatus",beetle,0,0,2,0,https://www.inaturalist.org/observations/54658032,"2022-06-13 07:03:07"
1829,81814,bee,order,Hymenoptera,bee,0,0,3,1,https://www.inaturalist.org/observations/54621772,"2022-06-13 07:06:07"
1830,81811,bee,genus,Gasteruption,bee,0,0,2,0,https://www.inaturalist.org/observations/54621184,"2022-06-13 07:06:07"
1831,81793,leafhopper,species,"Ormenoides venusta",leafhopper,0,0,3,0,https://www.inaturalist.org/observations/54553510,"2022-06-13 07:06:07"
1832,81785,grasshopper,species,"Oecanthus niveus",grasshopper,0,0,3,0,https://www.inaturalist.org/observations/54552778,"2022-06-13 07:06:07"
1833,81779,leafhopper,species,"Metcalfa pruinosa",leafhopper,0,0,4,0,https://www.inaturalist.org/observations/54551228,"2022-06-13 07:06:07"
1834,81777,leafhopper,species,"Ormenoides venusta",leafhopper,0,0,3,0,https://www.inaturalist.org/observations/54550440,"2022-06-13 07:06:07"
1835,81776,leafhopper,species,"Acanalonia conica",leafhopper,0,0,4,0,https://www.inaturalist.org/observations/54550040,"2022-06-13 07:06:07"
1836,81773,grasshopper,species,"Neoxabea bipunctata",grasshopper,0,0,3,0,https://www.inaturalist.org/observations/54549091,"2022-06-13 07:06:07"
1837,81767,other,species,"Mystacides sepulchralis",Trichoptera,0,0,2,0,https://www.inaturalist.org/observations/54547936,"2022-06-13 07:06:07"
1838,81766,leafhopper,species,"Ormenoides venusta",leafhopper,0,0,3,0,https://www.inaturalist.org/observations/54547603,"2022-06-13 07:06:07"
1839,81764,grasshopper,genus,Anaxipha,grasshopper,0,0,3,0,https://www.inaturalist.org/observations/54547002,"2022-06-13 07:06:07"
1840,81763,leafhopper,species,"Metcalfa pruinosa",leafhopper,0,0,3,0,https://www.inaturalist.org/observations/54546689,"2022-06-13 07:06:07"
1841,81757,spider,family,Thomisidae,spider,0,0,2,0,https://www.inaturalist.org/observations/54545500,"2022-06-13 07:06:07"
1842,81747,spider,suborder,Araneomorphae,spider,0,0,2,0,https://www.inaturalist.org/observations/54541515,"2022-06-13 07:06:07"
1843,81707,spider,suborder,Araneomorphae,spider,0,0,2,0,https://www.inaturalist.org/observations/54438558,"2022-06-13 07:09:06"
1844,81702,spider,suborder,Araneomorphae,spider,0,0,2,0,https://www.inaturalist.org/observations/54435601,"2022-06-13 07:09:06"
1845,81692,beetle,species,"Cyrtepistomus castaneus",beetle,0,0,3,0,https://www.inaturalist.org/observations/54422210,"2022-06-13 07:09:06"
1846,81686,spider,species,"Verrucosa arenata",spider,0,0,4,0,https://www.inaturalist.org/observations/54418843,"2022-06-13 07:09:06"
1847,81664,spider,family,Thomisidae,spider,0,0,2,0,https://www.inaturalist.org/observations/54407517,"2022-06-13 07:09:06"
1848,81574,spider,family,Anyphaenidae,spider,0,0,2,0,https://www.inaturalist.org/observations/54392097,"2022-06-13 07:09:06"
1849,81573,beetle,species,"Cyrtepistomus castaneus",beetle,0,0,3,0,https://www.inaturalist.org/observations/54391758,"2022-06-13 07:09:06"
1850,81273,leafhopper,species,"Ormenoides venusta",leafhopper,0,0,3,0,https://www.inaturalist.org/observations/53761263,"2022-06-13 07:15:07"
1851,81244,leafhopper,species,"Metcalfa pruinosa",leafhopper,0,0,4,0,https://www.inaturalist.org/observations/53752609,"2022-06-13 07:15:07"
1852,81185,leafhopper,family,Cicadellidae,leafhopper,0,0,2,0,https://www.inaturalist.org/observations/53628309,"2022-06-13 07:18:07"
1853,82333,beetle,genus,Melanotus,beetle,0,0,4,0,https://www.inaturalist.org/observations/55959631,"2022-06-13 06:54:06"
1854,82268,spider,genus,Misumena,spider,0,0,2,0,https://www.inaturalist.org/observations/55816263,"2022-06-13 06:54:06"
1855,82203,leafhopper,genus,Cedusa,leafhopper,0,0,3,0,https://www.inaturalist.org/observations/55492814,"2022-06-13 06:54:06"
1856,82202,truebugs,family,Tingidae,truebugs,0,0,2,0,https://www.inaturalist.org/observations/55492499,"2022-06-13 06:54:06"
1857,82199,spider,family,Salticidae,spider,0,0,2,0,https://www.inaturalist.org/observations/55491921,"2022-06-13 06:54:06"
1858,82185,truebugs,family,Tingidae,truebugs,0,0,2,0,https://www.inaturalist.org/observations/55489505,"2022-06-13 06:57:07"
1859,82178,grasshopper,genus,Oecanthus,grasshopper,0,0,4,0,https://www.inaturalist.org/observations/55488035,"2022-06-13 06:57:07"
1860,82177,ant,species,"Camponotus pennsylvanicus",ant,0,0,2,0,https://www.inaturalist.org/observations/55487827,"2022-06-13 06:57:07"
1861,82174,beetle,family,Elateridae,beetle,0,0,2,0,https://www.inaturalist.org/observations/55486342,"2022-06-13 06:57:07"
1862,82172,truebugs,genus,Sinea,truebugs,0,0,2,0,https://www.inaturalist.org/observations/55485861,"2022-06-13 06:57:07"
1863,82171,grasshopper,genus,Oecanthus,grasshopper,0,0,4,0,https://www.inaturalist.org/observations/55485596,"2022-06-13 06:57:07"
1864,82155,ant,complex,"Formica fusca",ant,0,0,2,0,https://www.inaturalist.org/observations/55383309,"2022-06-13 06:57:07"
1865,82144,beetle,tribe,Anthonomini,beetle,0,0,3,0,https://www.inaturalist.org/observations/55380080,"2022-06-13 06:57:07"
1866,82115,spider,family,Philodromidae,spider,0,0,2,0,https://www.inaturalist.org/observations/55305313,"2022-06-13 06:57:07"
1867,82109,other,species,"Oecanthus fultoni",grasshopper,0,0,3,0,https://www.inaturalist.org/observations/55303881,"2022-06-13 06:57:07"
1868,82105,leafhopper,species,"Flatormenis proxima",leafhopper,0,0,2,0,https://www.inaturalist.org/observations/55302641,"2022-06-13 06:57:07"
1869,82104,other,species,"Mystacides sepulchralis",Trichoptera,0,0,2,0,https://www.inaturalist.org/observations/55302361,"2022-06-13 06:57:07"
1870,82103,other,family,Leptoceridae,Trichoptera,0,0,2,0,https://www.inaturalist.org/observations/55301974,"2022-06-13 06:57:07"
1871,82097,spider,suborder,Araneomorphae,spider,0,0,2,0,https://www.inaturalist.org/observations/55300097,"2022-06-13 06:57:07"
1872,82089,grasshopper,genus,Oecanthus,grasshopper,0,0,3,0,https://www.inaturalist.org/observations/55298283,"2022-06-13 07:00:07"
1873,82088,grasshopper,genus,Anaxipha,grasshopper,0,0,2,0,https://www.inaturalist.org/observations/55297948,"2022-06-13 07:00:07"
1874,82077,leafhopper,subfamily,Typhlocybinae,leafhopper,0,0,2,0,https://www.inaturalist.org/observations/55204135,"2022-06-13 07:00:07"
1875,81370,fly,genus,Leptogaster,fly,0,0,2,0,https://www.inaturalist.org/observations/53868155,"2022-06-13 07:12:07"
1876,80659,truebugs,order,Hemiptera,truebugs,0,0,1,0,https://www.inaturalist.org/observations/52963783,"2022-06-13 07:24:07"
1877,75051,other,species,"Armadillidium vulgare",Isopoda,0,0,4,0,https://www.inaturalist.org/observations/44493952,"2022-06-13 08:42:08"
1878,82366,leafhopper,species,"Jikradia olitoria",leafhopper,0,0,2,0,https://www.inaturalist.org/observations/56050332,"2022-06-13 06:51:07"
1879,82364,fly,infraorder,Culicomorpha,fly,0,0,2,0,https://www.inaturalist.org/observations/56049685,"2022-06-13 06:51:07"
1880,82362,leafhopper,species,"Acanalonia conica",leafhopper,0,0,3,0,https://www.inaturalist.org/observations/56049324,"2022-06-13 06:54:06"
1881,82361,beetle,species,"Cyrtepistomus castaneus",beetle,0,0,4,0,https://www.inaturalist.org/observations/56049053,"2022-06-13 06:54:06"
1882,82360,leafhopper,species,"Jikradia olitoria",leafhopper,0,0,2,0,https://www.inaturalist.org/observations/56048727,"2022-06-13 06:54:06"
1883,82359,grasshopper,genus,Anaxipha,grasshopper,0,0,2,0,https://www.inaturalist.org/observations/56048448,"2022-06-13 06:54:06"
1884,82358,grasshopper,species,"Phyllopalpus pulchellus",grasshopper,0,0,3,0,https://www.inaturalist.org/observations/56048140,"2022-06-13 06:54:06"
1885,82357,grasshopper,genus,Oecanthus,grasshopper,0,0,3,0,https://www.inaturalist.org/observations/56047836,"2022-06-13 06:54:06"
1886,82356,leafhopper,species,"Graphocephala coccinea",leafhopper,0,0,2,0,https://www.inaturalist.org/observations/56047577,"2022-06-13 06:54:06"
1887,82355,leafhopper,species,"Metcalfa pruinosa",leafhopper,0,0,3,0,https://www.inaturalist.org/observations/56047220,"2022-06-13 06:54:06"
1888,82354,beetle,family,Chrysopidae,Neuroptera,0,0,3,1,https://www.inaturalist.org/observations/56046903,"2022-06-13 06:54:06"
1889,82353,spider,family,Dictynidae,spider,0,0,2,0,https://www.inaturalist.org/observations/56046640,"2022-06-13 06:54:06"
1890,82352,spider,family,Dictynidae,spider,0,0,2,0,https://www.inaturalist.org/observations/56046312,"2022-06-13 06:54:06"
1891,82346,leafhopper,species,"Otiocerus wolfii",leafhopper,0,0,3,0,https://www.inaturalist.org/observations/56030904,"2022-06-13 06:54:06"
1892,82329,leafhopper,species,"Flatormenis proxima",leafhopper,0,0,2,0,https://www.inaturalist.org/observations/55946485,"2022-06-13 06:54:06"
1893,82269,leafhopper,species,"Ormenoides venusta",leafhopper,0,0,2,0,https://www.inaturalist.org/observations/55816538,"2022-06-13 06:54:06"
1894,82196,leafhopper,subfamily,Typhlocybinae,leafhopper,0,0,2,0,https://www.inaturalist.org/observations/55491295,"2022-06-13 06:54:06"
1895,82184,leafhopper,species,"Acanalonia conica",leafhopper,0,0,3,0,https://www.inaturalist.org/observations/55489264,"2022-06-13 06:57:07"
1896,82163,fly,family,Dolichopodidae,fly,0,0,2,0,https://www.inaturalist.org/observations/55385286,"2022-06-13 06:57:07"
1897,82114,leafhopper,species,"Ormenoides venusta",leafhopper,0,0,2,0,https://www.inaturalist.org/observations/55305039,"2022-06-13 06:57:07"
1898,82106,leafhopper,species,"Ormenoides venusta",leafhopper,0,0,2,0,https://www.inaturalist.org/observations/55302942,"2022-06-13 06:57:07"
1899,82100,leafhopper,species,"Ormenoides venusta",leafhopper,0,0,2,0,https://www.inaturalist.org/observations/55301269,"2022-06-13 06:57:07"
1900,82092,leafhopper,species,"Ormenoides venusta",leafhopper,0,0,2,0,https://www.inaturalist.org/observations/55298647,"2022-06-13 06:57:07"
1901,82087,leafhopper,species,"Ormenoides venusta",leafhopper,0,0,2,0,https://www.inaturalist.org/observations/55297691,"2022-06-13 07:00:07"
1902,81946,leafhopper,species,"Jikradia olitoria",leafhopper,0,0,2,0,https://www.inaturalist.org/observations/54882257,"2022-06-13 07:00:07"
1903,81937,leafhopper,species,"Ormenoides venusta",leafhopper,0,0,2,0,https://www.inaturalist.org/observations/54761574,"2022-06-13 07:00:07"
1904,81935,leafhopper,species,"Ormenoides venusta",leafhopper,0,0,2,0,https://www.inaturalist.org/observations/54760969,"2022-06-13 07:00:07"
1905,81931,leafhopper,species,"Ormenoides venusta",leafhopper,0,0,2,0,https://www.inaturalist.org/observations/54759827,"2022-06-13 07:00:07"
1906,81930,fly,species,"Pelecinobaccha costata",fly,0,0,4,0,https://www.inaturalist.org/observations/54759388,"2022-06-13 07:00:07"
1907,81885,leafhopper,family,Cicadellidae,leafhopper,0,0,2,0,https://www.inaturalist.org/observations/54731625,"2022-06-13 07:03:07"
1908,81845,leafhopper,species,"Metcalfa pruinosa",leafhopper,0,0,3,0,https://www.inaturalist.org/observations/54659176,"2022-06-13 07:03:07"
1909,81794,leafhopper,species,"Ormenoides venusta",leafhopper,0,0,2,0,https://www.inaturalist.org/observations/54553876,"2022-06-13 07:06:07"
1910,81775,leafhopper,species,"Metcalfa pruinosa",leafhopper,0,0,2,0,https://www.inaturalist.org/observations/54549763,"2022-06-13 07:06:07"
1911,81758,leafhopper,family,Cicadellidae,leafhopper,0,0,2,0,https://www.inaturalist.org/observations/54545806,"2022-06-13 07:06:07"
1912,81750,leafhopper,species,"Jikradia olitoria",leafhopper,0,0,2,0,https://www.inaturalist.org/observations/54542854,"2022-06-13 07:06:07"
1913,81748,leafhopper,genus,Acanalonia,leafhopper,0,0,2,0,https://www.inaturalist.org/observations/54541882,"2022-06-13 07:06:07"
1914,81533,leafhopper,family,Flatidae,leafhopper,0,0,2,0,https://www.inaturalist.org/observations/54263751,"2022-06-13 07:09:06"
1915,81387,fly,genus,Condylostylus,fly,0,0,2,0,https://www.inaturalist.org/observations/53876255,"2022-06-13 07:12:07"
1916,81382,leafhopper,subclass,Pterygota,grasshopper,0,0,4,1,https://www.inaturalist.org/observations/53874718,"2022-06-13 07:12:07"
1917,81379,leafhopper,genus,Cedusa,leafhopper,0,0,2,0,https://www.inaturalist.org/observations/53874403,"2022-06-13 07:12:07"
1918,81289,leafhopper,species,"Jikradia olitoria",leafhopper,0,0,2,0,https://www.inaturalist.org/observations/53830338,"2022-06-13 07:15:07"
1919,81288,leafhopper,section,Graphocephala,leafhopper,0,0,2,0,https://www.inaturalist.org/observations/53830178,"2022-06-13 07:15:07"
1920,81278,leafhopper,family,Issidae,leafhopper,0,0,2,0,https://www.inaturalist.org/observations/53762815,"2022-06-13 07:15:07"
1921,81277,leafhopper,species,"Ormenoides venusta",leafhopper,0,0,2,0,https://www.inaturalist.org/observations/53762554,"2022-06-13 07:15:07"
1922,81275,fly,genus,Allograpta,fly,0,0,4,0,https://www.inaturalist.org/observations/53761960,"2022-06-13 07:15:07"
1923,81270,leafhopper,species,"Ormenoides venusta",leafhopper,0,0,2,0,https://www.inaturalist.org/observations/53760237,"2022-06-13 07:15:07"
1924,81263,leafhopper,species,"Jikradia olitoria",leafhopper,0,0,2,0,https://www.inaturalist.org/observations/53757701,"2022-06-13 07:15:07"
1925,81255,leafhopper,species,"Ormenoides venusta",leafhopper,0,0,2,0,https://www.inaturalist.org/observations/53755673,"2022-06-13 07:15:07"
1926,81248,fly,infraorder,Culicomorpha,fly,0,0,2,0,https://www.inaturalist.org/observations/53753913,"2022-06-13 07:15:07"
1927,81241,leafhopper,genus,Acanalonia,leafhopper,0,0,2,0,https://www.inaturalist.org/observations/53751516,"2022-06-13 07:15:07"
1928,81206,leafhopper,tribe,Empoascini,leafhopper,0,0,2,0,https://www.inaturalist.org/observations/53640335,"2022-06-13 07:15:07"
1929,81150,fly,family,Lauxaniidae,fly,0,0,3,0,https://www.inaturalist.org/observations/53609626,"2022-06-13 07:18:07"
1930,81145,leafhopper,species,"Ormenoides venusta",leafhopper,0,0,2,0,https://www.inaturalist.org/observations/53608407,"2022-06-13 07:18:07"
1931,81105,leafhopper,species,"Platycotis vittata",leafhopper,0,0,2,0,https://www.inaturalist.org/observations/53602937,"2022-06-13 07:18:07"
1932,81080,beetle,tribe,Cryptocephalini,beetle,0,0,3,0,https://www.inaturalist.org/observations/53523397,"2022-06-13 07:21:06"
1933,81074,spider,species,"Micrathena sagittata",spider,0,0,3,0,https://www.inaturalist.org/observations/53522526,"2022-06-13 07:21:06"
1934,81035,leafhopper,species,"Jikradia olitoria",leafhopper,0,0,2,0,https://www.inaturalist.org/observations/53472202,"2022-06-13 07:21:06"
1935,80813,fly,species,"Condylostylus patibulatus",fly,0,0,3,0,https://www.inaturalist.org/observations/53080550,"2022-06-13 07:24:07"
1936,80668,leafhopper,genus,Acanalonia,leafhopper,0,0,2,0,https://www.inaturalist.org/observations/52966724,"2022-06-13 07:24:07"
1937,80666,leafhopper,family,Aphrophoridae,leafhopper,0,0,2,0,https://www.inaturalist.org/observations/52966012,"2022-06-13 07:24:07"
1938,80665,leafhopper,species,"Jikradia olitoria",leafhopper,0,0,2,0,https://www.inaturalist.org/observations/52965749,"2022-06-13 07:24:07"
1939,80664,leafhopper,genus,Alebra,leafhopper,0,0,2,0,https://www.inaturalist.org/observations/52965442,"2022-06-13 07:24:07"
1940,80663,leafhopper,species,"Metcalfa pruinosa",leafhopper,0,0,3,0,https://www.inaturalist.org/observations/52965152,"2022-06-13 07:24:07"
1941,80658,leafhopper,species,"Philaenus spumarius",leafhopper,0,0,2,0,https://www.inaturalist.org/observations/52963326,"2022-06-13 07:24:07"
1942,82209,fly,superfamily,Tephritoidea,fly,0,0,2,0,https://www.inaturalist.org/observations/55494069,"2022-06-13 06:54:06"
1943,82164,fly,species,"Dialysis elongata",fly,0,0,4,0,https://www.inaturalist.org/observations/55385569,"2022-06-13 06:57:07"
1944,82078,unidentified,species,"Leucochrysa insularis",Neuroptera,0,0,2,0,https://www.inaturalist.org/observations/55204460,"2022-06-13 07:00:07"
1945,81929,fly,family,Syrphidae,fly,0,0,2,0,https://www.inaturalist.org/observations/54759147,"2022-06-13 07:00:07"
1946,81812,fly,genus,Condylostylus,fly,0,0,2,0,https://www.inaturalist.org/observations/54621357,"2022-06-13 07:06:07"
1947,81509,grasshopper,genus,Oecanthus,grasshopper,0,0,3,0,https://www.inaturalist.org/observations/54259642,"2022-06-13 07:09:06"
1948,81369,spider,order,Opiliones,daddylonglegs,0,0,3,1,https://www.inaturalist.org/observations/53867918,"2022-06-13 07:12:07"
1949,81291,fly,subfamily,Sciapodinae,fly,0,0,2,0,https://www.inaturalist.org/observations/53830721,"2022-06-13 07:12:07"
1950,80818,fly,subfamily,Luciliinae,fly,0,0,2,0,https://www.inaturalist.org/observations/53081214,"2022-06-13 07:24:07"
1951,79354,other,family,Chrysopidae,Neuroptera,0,0,2,0,https://www.inaturalist.org/observations/51578408,"2022-06-13 07:48:07"
1952,81925,fly,family,Miridae,truebugs,0,0,4,1,https://www.inaturalist.org/observations/54757795,"2022-06-13 07:00:07"
1953,81383,fly,family,Dolichopodidae,fly,0,0,2,0,https://www.inaturalist.org/observations/53875033,"2022-06-13 07:12:07"
1954,81211,ant,subclass,Pterygota,ant,0,0,1,0,https://www.inaturalist.org/observations/53656143,"2022-06-13 07:15:07"
1955,81041,fly,family,Sarcophagidae,fly,0,0,2,0,https://www.inaturalist.org/observations/53474660,"2022-06-13 07:21:06"
1956,80563,fly,family,Sarcophagidae,fly,0,0,2,0,https://www.inaturalist.org/observations/52727463,"2022-06-13 07:27:07"
1957,78575,fly,family,Dolichopodidae,fly,0,0,2,0,https://www.inaturalist.org/observations/50658913,"2022-06-13 07:57:07"
1958,78570,fly,species,"Rainieria antennaepes",fly,0,0,2,0,https://www.inaturalist.org/observations/50658110,"2022-06-13 07:57:07"
1959,75033,other,species,"Oxidus gracilis",Polydesmida,0,0,2,0,https://www.inaturalist.org/observations/44487844,"2022-06-13 08:45:07"
1960,57960,ant,tribe,Lasiini,ant,0,0,2,0,https://www.inaturalist.org/observations/26415348,"2022-05-23 09:24:07"
1961,56810,ant,complex,"Formica fusca",ant,0,0,2,0,https://www.inaturalist.org/observations/26061373,"2022-05-23 09:33:08"
1962,56806,ant,complex,"Formica fusca",ant,0,0,2,0,https://www.inaturalist.org/observations/26061030,"2022-05-23 09:33:08"
1963,56804,ant,tribe,Lasiini,ant,0,0,2,0,https://www.inaturalist.org/observations/26060926,"2022-05-23 09:33:08"
1964,56055,ant,genus,Temnothorax,ant,0,0,2,0,https://www.inaturalist.org/observations/25874337,"2022-05-23 09:39:07"
1965,82999,spider,species,"Hentzia mitrata",spider,0,0,3,0,https://www.inaturalist.org/observations/58328746,"2022-06-13 06:33:08"
1966,82994,grasshopper,species,"Zelus luridus",truebugs,0,0,3,1,https://www.inaturalist.org/observations/58328365,"2022-06-13 06:33:08"
1967,82990,grasshopper,genus,Oecanthus,grasshopper,0,0,4,0,https://www.inaturalist.org/observations/58327775,"2022-06-13 06:33:08"
1968,82984,grasshopper,species,"Zelus luridus",truebugs,0,0,4,1,https://www.inaturalist.org/observations/58326797,"2022-06-13 06:33:08"
1969,82981,leafhopper,species,"Metcalfa pruinosa",leafhopper,0,0,3,0,https://www.inaturalist.org/observations/58326343,"2022-06-13 06:33:08"
1970,82978,fly,genus,Condylostylus,fly,0,0,2,0,https://www.inaturalist.org/observations/58325760,"2022-06-13 06:33:08"
1971,82977,leafhopper,species,"Graphocephala coccinea",leafhopper,0,0,3,0,https://www.inaturalist.org/observations/58325575,"2022-06-13 06:33:08"
1972,82968,beetle,species,"Psyllobora vigintimaculata",beetle,0,0,3,0,https://www.inaturalist.org/observations/58324389,"2022-06-13 06:33:08"
1973,82966,spider,infraorder,Entelegynae,spider,0,0,2,0,https://www.inaturalist.org/observations/58324218,"2021-07-05 02:39:09"
1974,82965,spider,species,"Synemosyna formica",spider,0,0,4,0,https://www.inaturalist.org/observations/58324073,"2022-06-13 06:33:08"
1975,82964,spider,family,Dictynidae,spider,0,0,2,0,https://www.inaturalist.org/observations/58323908,"2021-07-05 02:39:09"
1976,82962,spider,genus,Tetragnatha,spider,0,0,2,0,https://www.inaturalist.org/observations/58323615,"2022-06-13 06:33:08"
1977,82961,spider,family,Dictynidae,spider,0,0,2,0,https://www.inaturalist.org/observations/58323493,"2021-07-05 02:39:09"
1978,82960,spider,family,Dictynidae,spider,0,0,2,0,https://www.inaturalist.org/observations/58323408,"2021-07-05 02:39:09"
1979,82959,leafhopper,genus,Cedusa,leafhopper,0,0,2,0,https://www.inaturalist.org/observations/58323254,"2022-06-13 06:33:08"
1980,82958,spider,infraorder,Entelegynae,spider,0,0,2,0,https://www.inaturalist.org/observations/58323111,"2021-07-05 02:39:09"
1981,82955,fly,family,Chironomidae,fly,0,0,3,0,https://www.inaturalist.org/observations/58322608,"2022-06-13 06:33:08"
1982,82950,other,family,Coniopterygidae,Neuroptera,0,0,2,0,https://www.inaturalist.org/observations/58322095,"2022-06-13 06:33:08"
1983,82948,spider,family,Dictynidae,spider,0,0,2,0,https://www.inaturalist.org/observations/58321852,"2021-07-05 02:39:09"
1984,82945,spider,family,Dictynidae,spider,0,0,2,0,https://www.inaturalist.org/observations/58321546,"2021-07-05 02:39:09"
1985,82943,spider,family,Dictynidae,spider,0,0,2,0,https://www.inaturalist.org/observations/58321362,"2021-07-05 02:39:09"
1986,82941,fly,family,Chironomidae,fly,0,0,3,0,https://www.inaturalist.org/observations/58321135,"2022-06-13 06:36:07"
1987,82940,leafhopper,species,"Metcalfa pruinosa",leafhopper,0,0,3,0,https://www.inaturalist.org/observations/58321007,"2022-06-13 06:36:07"
1988,82889,bee,subclass,Pterygota,leafhopper,0,0,4,1,https://www.inaturalist.org/observations/58320647,"2022-06-13 06:36:07"
1989,82885,leafhopper,order,Psocodea,Psocodea,0,0,3,1,https://www.inaturalist.org/observations/58320320,"2022-06-13 06:36:07"
1990,82860,beetle,species,"Charidotella purpurata",beetle,0,0,4,0,https://www.inaturalist.org/observations/58318028,"2022-06-13 06:36:07"
1991,82833,other,genus,Contarinia,fly,0,0,1,0,https://www.inaturalist.org/observations/58316760,"2021-09-20 04:30:21"
1993,82774,spider,family,Dictynidae,spider,0,0,2,0,https://www.inaturalist.org/observations/58315917,"2021-07-05 02:42:15"
1994,82768,bee,species,"Bombus impatiens",bee,0,0,4,0,https://www.inaturalist.org/observations/58315587,"2022-06-13 06:39:08"
1995,82766,spider,genus,Cheiracanthium,spider,0,0,2,0,https://www.inaturalist.org/observations/58315507,"2021-07-05 02:45:11"
1996,82763,ant,genus,Crematogaster,ant,0,0,2,0,https://www.inaturalist.org/observations/58315407,"2022-06-13 06:39:08"
1997,82762,spider,subfamily,Erigoninae,spider,0,0,2,0,https://www.inaturalist.org/observations/58315348,"2021-07-05 02:45:11"
1998,82752,other,species,"Ectobius pallidus",Blattodea,0,0,3,0,https://www.inaturalist.org/observations/58314813,"2022-06-13 06:39:08"
1999,82748,beetle,family,Coccinellidae,beetle,1,0,2,0,https://www.inaturalist.org/observations/58314586,"2022-06-13 06:39:08"
2000,82746,grasshopper,species,"Phyllopalpus pulchellus",grasshopper,0,0,3,0,https://www.inaturalist.org/observations/58314446,"2022-06-13 06:39:08"
2001,82741,ant,species,"Camponotus pennsylvanicus",ant,0,0,2,0,https://www.inaturalist.org/observations/58314272,"2022-06-13 06:39:08"
2002,82738,spider,species,"Synemosyna formica",spider,0,0,3,0,https://www.inaturalist.org/observations/58314076,"2022-06-13 06:39:08"
2003,82736,ant,species,"Camponotus pennsylvanicus",ant,0,0,2,0,https://www.inaturalist.org/observations/58313983,"2022-06-13 06:39:08"
2004,82735,bee,superfamily,Ichneumonoidea,bee,0,0,2,0,https://www.inaturalist.org/observations/58313918,"2022-06-13 06:39:08"
2005,82734,grasshopper,genus,Anaxipha,grasshopper,0,0,2,0,https://www.inaturalist.org/observations/58313818,"2022-06-13 06:39:08"
2006,82733,ant,subfamily,Dolichoderinae,ant,0,0,2,0,https://www.inaturalist.org/observations/58313721,"2022-06-13 06:39:08"
2007,82729,leafhopper,species,"Flatormenis proxima",leafhopper,0,0,2,0,https://www.inaturalist.org/observations/58313314,"2022-06-13 06:39:08"
2008,82728,fly,family,Dolichopodidae,fly,0,0,2,0,https://www.inaturalist.org/observations/58313261,"2022-06-13 06:39:08"
2009,82725,beetle,genus,Hyperaspis,beetle,1,0,2,0,https://www.inaturalist.org/observations/58313139,"2022-06-13 06:39:08"
2010,82724,spider,family,Dictynidae,spider,0,0,2,0,https://www.inaturalist.org/observations/58313025,"2022-06-13 06:39:08"
2011,82723,spider,infraorder,Entelegynae,spider,0,0,2,0,https://www.inaturalist.org/observations/58312929,"2021-07-05 02:45:11"
2012,82722,spider,genus,Anyphaena,spider,0,0,2,0,https://www.inaturalist.org/observations/58312837,"2021-07-05 02:45:11"
2013,82698,beetle,genus,Paria,beetle,0,0,2,0,https://www.inaturalist.org/observations/58311268,"2022-06-13 06:42:07"
2014,82667,beetle,species,"Charidotella purpurata",beetle,0,0,4,0,https://www.inaturalist.org/observations/58310628,"2022-06-13 06:42:07"
2015,82647,caterpillar,species,"Acharia stimulea",caterpillar,0,0,3,0,https://www.inaturalist.org/observations/58310531,"2022-06-13 06:42:07"
2016,82635,fly,family,Derbidae,leafhopper,0,0,4,1,https://www.inaturalist.org/observations/58310203,"2022-06-13 06:42:07"
2017,82629,beetle,family,Coccinellidae,beetle,0,0,2,0,https://www.inaturalist.org/observations/58309670,"2022-06-13 06:42:07"
2018,82613,leafhopper,species,"Acanalonia servillei",leafhopper,0,0,4,0,https://www.inaturalist.org/observations/58309392,"2022-06-13 06:42:07"
2019,82610,truebugs,genus,Sinea,truebugs,0,0,2,0,https://www.inaturalist.org/observations/58309275,"2022-06-13 06:42:07"
2020,82599,truebugs,species,"Euschistus servus",truebugs,0,0,2,0,https://www.inaturalist.org/observations/58309126,"2022-06-13 06:42:07"
2021,82597,spider,genus,Hentzia,spider,0,0,3,0,https://www.inaturalist.org/observations/58309029,"2022-06-13 06:42:07"
2022,82590,beetle,genus,Macrosiagon,beetle,0,0,2,0,https://www.inaturalist.org/observations/58308962,"2022-06-13 06:42:07"
2023,82583,ant,subfamily,Formicinae,ant,0,0,2,0,https://www.inaturalist.org/observations/58308743,"2022-06-13 06:42:07"
2024,82580,ant,genus,Camponotus,ant,0,0,2,0,https://www.inaturalist.org/observations/58308534,"2022-06-13 06:42:07"
2025,82574,beetle,genus,Paria,beetle,0,0,3,0,https://www.inaturalist.org/observations/58308212,"2022-06-13 06:42:07"
2026,82565,spider,species,"Hentzia mitrata",spider,0,0,2,0,https://www.inaturalist.org/observations/58307736,"2022-06-13 06:42:07"
2027,82563,ant,complex,"Formica fusca",ant,0,0,2,0,https://www.inaturalist.org/observations/58307610,"2022-06-13 06:42:07"
2028,82562,spider,species,"Hibana gracilis",spider,0,0,2,0,https://www.inaturalist.org/observations/58307508,"2022-06-13 06:42:07"
2029,82555,ant,species,"Temnothorax longispinosus",ant,0,0,3,0,https://www.inaturalist.org/observations/58307126,"2022-06-13 06:42:07"
2030,82554,beetle,tribe,Anthonomini,beetle,0,0,3,0,https://www.inaturalist.org/observations/58307002,"2022-06-13 06:42:07"
2031,82549,caterpillar,species,"Halysidota harrisii",caterpillar,0,0,3,0,https://www.inaturalist.org/observations/58306607,"2022-06-13 06:45:08"
2032,82543,ant,genus,Crematogaster,ant,0,0,2,0,https://www.inaturalist.org/observations/58306012,"2022-06-13 06:45:08"
2033,82540,ant,subgenus,Lasius,ant,0,0,2,0,https://www.inaturalist.org/observations/58305878,"2022-06-13 06:45:08"
2034,82533,beetle,species,"Cyrtepistomus castaneus",beetle,0,0,3,0,https://www.inaturalist.org/observations/58305455,"2022-06-13 06:45:08"
2035,82531,beetle,species,"Cyrtepistomus castaneus",beetle,0,0,3,0,https://www.inaturalist.org/observations/58305213,"2022-06-13 06:45:08"
2036,82518,ant,species,"Camponotus pennsylvanicus",ant,0,0,2,0,https://www.inaturalist.org/observations/58304352,"2022-06-13 06:45:08"
2037,82514,grasshopper,genus,Oecanthus,grasshopper,0,0,3,0,https://www.inaturalist.org/observations/58303588,"2022-06-13 06:45:08"
2038,82513,grasshopper,genus,Anaxipha,grasshopper,0,0,2,0,https://www.inaturalist.org/observations/58303416,"2022-06-13 06:45:08"
2039,82512,beetle,species,"Harmonia axyridis",beetle,0,0,3,0,https://www.inaturalist.org/observations/58303274,"2022-06-13 06:45:08"
2040,82511,truebugs,species,"Lygaeus turcicus",truebugs,0,0,4,0,https://www.inaturalist.org/observations/58303085,"2022-06-13 06:45:08"
2041,82507,spider,infraorder,Entelegynae,spider,0,0,2,0,https://www.inaturalist.org/observations/58302388,"2021-07-05 02:51:11"
2042,82505,spider,species,"Synemosyna formica",spider,0,0,3,0,https://www.inaturalist.org/observations/58302209,"2022-06-13 06:45:08"
2043,82504,beetle,family,Coccinellidae,beetle,0,0,2,0,https://www.inaturalist.org/observations/58302074,"2022-06-13 06:45:08"
2044,82503,spider,family,Dictynidae,spider,0,0,2,0,https://www.inaturalist.org/observations/58301893,"2022-06-13 06:45:08"
2045,82497,bee,superfamily,Ichneumonoidea,bee,0,0,2,0,https://www.inaturalist.org/observations/58300552,"2022-06-13 06:45:08"
2046,82496,spider,species,"Synemosyna formica",spider,0,0,5,0,https://www.inaturalist.org/observations/58300346,"2022-06-13 06:45:08"
2047,82495,spider,species,"Synemosyna formica",spider,0,0,4,0,https://www.inaturalist.org/observations/58300126,"2022-06-13 06:45:08"
2048,82492,spider,species,"Hentzia mitrata",spider,0,0,3,0,https://www.inaturalist.org/observations/58299555,"2022-06-13 06:45:08"
2049,82488,grasshopper,species,"Phyllopalpus pulchellus",grasshopper,0,0,3,0,https://www.inaturalist.org/observations/58298839,"2022-06-13 06:45:08"
2050,82403,grasshopper,genus,Oecanthus,grasshopper,0,0,3,0,https://www.inaturalist.org/observations/58297257,"2022-06-13 06:48:07"
2051,82402,fly,genus,Condylostylus,fly,0,0,2,0,https://www.inaturalist.org/observations/58297034,"2022-06-13 06:48:07"
2052,82401,fly,genus,Condylostylus,fly,0,0,2,0,https://www.inaturalist.org/observations/58296821,"2022-06-13 06:48:07"
2053,82390,spider,genus,Pelegrina,spider,0,0,2,0,https://www.inaturalist.org/observations/58295439,"2022-06-13 06:48:07"
2054,73522,fly,genus,Trichopoda,fly,0,0,2,0,https://www.inaturalist.org/observations/58293991,"2022-06-13 06:48:07"
2055,61761,spider,genus,Pelegrina,spider,0,0,3,0,https://www.inaturalist.org/observations/58264307,"2022-06-13 06:48:07"
2056,61760,beetle,species,"Phyllobius oblongus",beetle,0,0,3,0,https://www.inaturalist.org/observations/58264040,"2022-06-13 06:48:07"
2057,61732,beetle,genus,Neofidia,beetle,0,0,3,0,https://www.inaturalist.org/observations/58251331,"2022-06-13 06:48:07"
2058,57941,fly,species,"Lycorma delicatula",leafhopper,0,0,3,1,https://www.inaturalist.org/observations/58249672,"2022-06-13 06:48:07"
2059,57534,spider,species,"Leucauge venusta",spider,0,0,3,0,https://www.inaturalist.org/observations/58249419,"2022-06-13 06:48:07"
2060,58810,leafhopper,species,"Thionia quinquata",leafhopper,0,0,2,0,https://www.inaturalist.org/observations/58249158,"2022-06-13 06:48:07"
2061,55574,beetle,species,"Anthaxia quercata",beetle,0,0,3,0,https://www.inaturalist.org/observations/58248958,"2022-06-13 06:48:07"
2062,13273,leafhopper,species,"Metcalfa pruinosa",leafhopper,0,0,3,0,https://www.inaturalist.org/observations/58239694,"2022-06-13 06:48:07"
2063,8929,leafhopper,species,"Ormenoides venusta",leafhopper,0,0,3,0,https://www.inaturalist.org/observations/58233398,"2022-06-13 06:51:07"
2064,8928,fly,suborder,Apocrita,bee,0,0,3,1,https://www.inaturalist.org/observations/58233236,"2022-06-13 06:51:07"
2065,8921,leafhopper,species,"Metcalfa pruinosa",leafhopper,0,0,4,0,https://www.inaturalist.org/observations/58232964,"2022-06-13 06:51:07"
2066,8904,leafhopper,species,"Flatormenis proxima",leafhopper,0,0,3,0,https://www.inaturalist.org/observations/58232786,"2022-06-13 06:51:07"
2067,7059,spider,species,"Micrathena sagittata",spider,0,0,3,0,https://www.inaturalist.org/observations/58231367,"2022-06-13 06:51:07"
2068,5712,beetle,genus,Cryptocephalus,beetle,0,0,2,0,https://www.inaturalist.org/observations/58230776,"2022-06-13 06:51:07"
2069,5699,beetle,species,"Cyrtepistomus castaneus",beetle,0,0,3,0,https://www.inaturalist.org/observations/58230580,"2022-06-13 06:51:07"
2070,2698,beetle,subfamily,Alleculinae,beetle,0,0,2,0,https://www.inaturalist.org/observations/58229559,"2022-06-13 06:51:07"
2071,2697,beetle,family,Elateridae,beetle,0,0,3,0,https://www.inaturalist.org/observations/58229475,"2022-06-13 06:51:07"
2072,2694,beetle,family,Elateridae,beetle,0,0,3,0,https://www.inaturalist.org/observations/58229367,"2022-06-13 06:51:07"
2073,1180,ant,species,"Camponotus pennsylvanicus",ant,0,0,3,0,https://www.inaturalist.org/observations/58226997,"2022-06-13 06:51:07"
2074,1177,beetle,family,Elateridae,beetle,0,0,3,0,https://www.inaturalist.org/observations/58226814,"2022-06-13 06:51:07"
2075,765,ant,species,"Prenolepis imparis",ant,0,0,3,0,https://www.inaturalist.org/observations/58226666,"2022-06-13 06:51:07"
2076,763,beetle,family,Elateridae,beetle,0,0,3,0,https://www.inaturalist.org/observations/58226527,"2022-06-13 06:51:07"
2077,762,ant,complex,"Formica fusca",ant,0,0,2,0,https://www.inaturalist.org/observations/58226435,"2022-06-13 06:51:07"
2078,527,ant,species,"Camponotus pennsylvanicus",ant,0,0,3,0,https://www.inaturalist.org/observations/58226379,"2022-06-13 06:51:07"
2079,525,ant,species,"Camponotus snellingi",ant,0,0,4,0,https://www.inaturalist.org/observations/58226284,"2022-06-13 06:51:07"
2080,524,beetle,family,Elateridae,beetle,0,0,2,0,https://www.inaturalist.org/observations/58226231,"2022-06-13 06:51:07"
2081,426,ant,genus,Camponotus,ant,0,0,2,0,https://www.inaturalist.org/observations/58226086,"2022-06-13 06:51:07"
2082,272,beetle,species,"Dolerosomus silaceus",beetle,0,0,3,0,https://www.inaturalist.org/observations/58225773,"2022-06-13 06:51:07"
2083,257,ant,complex,"Formica fusca",ant,0,0,2,0,https://www.inaturalist.org/observations/58225049,"2022-06-13 06:51:07"
2084,82237,caterpillar,species,"Halysidota tessellaris",caterpillar,0,0,3,0,https://www.inaturalist.org/observations/55789374,"2022-06-13 06:54:06"
2085,82222,caterpillar,genus,Halysidota,caterpillar,0,0,2,0,https://www.inaturalist.org/observations/55788097,"2022-06-13 06:54:06"
2086,82221,caterpillar,species,"Acronicta morula",caterpillar,0,0,3,0,https://www.inaturalist.org/observations/55787331,"2022-06-13 06:54:06"
2087,82211,caterpillar,species,"Halysidota tessellaris",caterpillar,0,0,2,0,https://www.inaturalist.org/observations/55494347,"2022-06-13 06:54:06"
2088,81922,caterpillar,species,"Halysidota tessellaris",caterpillar,0,0,3,0,https://www.inaturalist.org/observations/54757153,"2022-06-13 07:00:07"
2089,81917,caterpillar,genus,Asterocampa,caterpillar,0,0,2,0,https://www.inaturalist.org/observations/54756873,"2022-06-13 07:00:07"
2090,81908,caterpillar,species,"Acronicta morula",caterpillar,0,0,3,0,https://www.inaturalist.org/observations/54754766,"2022-06-13 07:03:07"
2091,81787,caterpillar,family,Geometridae,caterpillar,0,0,2,0,https://www.inaturalist.org/observations/54553108,"2022-06-13 07:06:07"
2092,81783,caterpillar,family,Geometridae,caterpillar,0,0,3,0,https://www.inaturalist.org/observations/54552451,"2022-06-13 07:06:07"
2093,81781,caterpillar,family,Geometridae,caterpillar,0,0,3,0,https://www.inaturalist.org/observations/54552060,"2022-06-13 07:06:07"
2094,81768,caterpillar,family,Geometridae,caterpillar,0,0,2,0,https://www.inaturalist.org/observations/54548232,"2022-06-13 07:06:07"
2095,81735,fly,genus,Homoneura,fly,0,0,2,0,https://www.inaturalist.org/observations/54515277,"2022-06-13 07:09:06"
2096,81732,caterpillar,tribe,Arctiini,caterpillar,0,0,2,0,https://www.inaturalist.org/observations/54514683,"2022-06-13 07:09:06"
2097,81565,caterpillar,family,Geometridae,caterpillar,0,0,3,0,https://www.inaturalist.org/observations/54388911,"2022-06-13 07:09:06"
2098,81401,caterpillar,tribe,Arctiini,caterpillar,0,0,2,0,https://www.inaturalist.org/observations/53945236,"2022-06-13 07:12:07"
2099,81313,caterpillar,family,Geometridae,caterpillar,0,0,2,0,https://www.inaturalist.org/observations/53834791,"2022-06-13 07:12:07"
2100,81158,caterpillar,family,Geometridae,caterpillar,0,0,2,0,https://www.inaturalist.org/observations/53611341,"2022-06-13 07:18:07"
2101,81101,caterpillar,order,Lepidoptera,caterpillar,0,0,2,0,https://www.inaturalist.org/observations/53602565,"2022-06-13 07:18:07"
2102,80655,caterpillar,genus,Dasychira,caterpillar,0,0,2,0,https://www.inaturalist.org/observations/52962693,"2022-06-13 07:27:07"
2103,80332,beetle,suborder,Auchenorrhyncha,leafhopper,0,0,4,1,https://www.inaturalist.org/observations/52590121,"2022-06-13 07:30:07"
2104,80134,leafhopper,subgenus,Empoa,leafhopper,0,0,3,0,https://www.inaturalist.org/observations/52364927,"2022-06-13 07:33:06"
2105,80132,caterpillar,genus,Acronicta,caterpillar,0,0,2,0,https://www.inaturalist.org/observations/52364370,"2022-06-13 07:33:06"
2106,79998,caterpillar,family,Geometridae,caterpillar,0,0,2,0,https://www.inaturalist.org/observations/52252732,"2022-06-13 07:36:07"
2107,79993,caterpillar,family,Geometridae,caterpillar,0,0,2,0,https://www.inaturalist.org/observations/52252276,"2022-06-13 07:36:07"
2108,79919,leafhopper,tribe,Scaphoideini,leafhopper,0,0,3,0,https://www.inaturalist.org/observations/52172896,"2022-06-13 07:39:07"
2109,79918,leafhopper,tribe,Idiocerini,leafhopper,0,0,3,0,https://www.inaturalist.org/observations/52172586,"2022-06-13 07:39:07"
2110,79912,caterpillar,subfamily,Hypeninae,caterpillar,0,0,2,0,https://www.inaturalist.org/observations/52171805,"2022-06-13 07:39:07"
2111,79883,leafhopper,tribe,Idiocerini,leafhopper,0,0,3,0,https://www.inaturalist.org/observations/52167957,"2022-06-13 07:39:07"
2112,79839,caterpillar,tribe,Panopodini,caterpillar,0,0,2,0,https://www.inaturalist.org/observations/52052585,"2022-06-13 07:39:07"
2113,79600,caterpillar,species,"Lymantria dispar",caterpillar,0,0,3,0,https://www.inaturalist.org/observations/51800838,"2022-06-13 07:42:07"
2114,78525,caterpillar,family,Noctuidae,caterpillar,0,0,2,0,https://www.inaturalist.org/observations/50598094,"2022-06-13 07:57:07"
2115,76878,caterpillar,species,"Papilio troilus",caterpillar,0,0,3,0,https://www.inaturalist.org/observations/48457620,"2022-06-13 08:18:08"
2116,76757,caterpillar,species,"Psyche casta",caterpillar,0,0,3,0,https://www.inaturalist.org/observations/48331533,"2022-06-13 08:21:08"
2117,76431,caterpillar,order,Lepidoptera,caterpillar,0,0,2,0,https://www.inaturalist.org/observations/48012374,"2022-06-13 08:27:06"
2118,76283,caterpillar,family,Noctuidae,caterpillar,0,0,2,0,https://www.inaturalist.org/observations/47743091,"2022-06-13 08:27:06"
2119,76209,caterpillar,genus,Asterocampa,caterpillar,0,0,2,0,https://www.inaturalist.org/observations/47658795,"2022-06-13 08:27:06"
2120,76139,caterpillar,species,"Amphipyra pyramidoides",caterpillar,0,0,3,0,https://www.inaturalist.org/observations/47511647,"2022-06-13 08:27:06"
2121,75882,caterpillar,order,Lepidoptera,caterpillar,0,0,2,0,https://www.inaturalist.org/observations/47139388,"2022-06-13 08:33:07"
2122,75611,caterpillar,family,Geometridae,caterpillar,0,0,2,0,https://www.inaturalist.org/observations/46368128,"2022-06-13 08:36:07"
2123,75466,caterpillar,genus,Asterocampa,caterpillar,0,0,2,0,https://www.inaturalist.org/observations/45905548,"2022-06-13 08:39:07"
2124,75465,caterpillar,genus,Asterocampa,caterpillar,0,0,2,0,https://www.inaturalist.org/observations/45905233,"2022-06-13 08:39:07"
2125,75371,caterpillar,family,Geometridae,caterpillar,0,0,2,0,https://www.inaturalist.org/observations/45717415,"2022-06-13 08:39:08"
2126,75344,caterpillar,family,Geometridae,caterpillar,0,0,2,0,https://www.inaturalist.org/observations/45697059,"2022-06-13 08:39:08"
2127,75166,caterpillar,family,Noctuidae,caterpillar,0,0,2,0,https://www.inaturalist.org/observations/45192084,"2022-06-13 08:42:08"
2128,75126,caterpillar,species,"Epimecis hortaria",caterpillar,0,0,3,0,https://www.inaturalist.org/observations/45069050,"2022-06-13 08:42:08"
2129,74946,caterpillar,suborder,Symphyta,bee,0,1,3,1,https://www.inaturalist.org/observations/44186628,"2022-06-13 08:45:07"
2130,74893,caterpillar,order,Lepidoptera,caterpillar,0,0,2,0,https://www.inaturalist.org/observations/42773279,"2022-06-13 08:45:07"
2131,74714,caterpillar,superfamily,Tortricoidea,caterpillar,0,0,2,0,https://www.inaturalist.org/observations/42038410,"2022-06-13 08:48:06"
2132,74033,bee,subgenus,Fuscopolistes,bee,0,0,3,0,https://www.inaturalist.org/observations/33704203,"2022-06-13 08:48:06"
2133,73366,aphid,family,Aphididae,aphid,0,0,3,1,https://www.inaturalist.org/observations/32639244,"2022-06-13 08:54:06"
2134,73032,spider,superfamily,Thomisoidea,spider,0,0,2,0,https://www.inaturalist.org/observations/32065852,"2022-06-13 08:57:07"
2135,73030,other,species,"Philoscia muscorum",Isopoda,0,0,3,0,https://www.inaturalist.org/observations/32065664,"2022-06-13 08:57:07"
2136,73028,beetle,species,"Harmonia axyridis",beetle,1,0,4,0,https://www.inaturalist.org/observations/32065374,"2022-06-13 08:57:07"
2137,72799,bee,superfamily,Tenthredinoidea,bee,0,1,4,1,https://www.inaturalist.org/observations/31458283,"2022-06-13 09:00:07"
2138,72655,other,species,"Oxidus gracilis",Polydesmida,0,0,1,0,https://www.inaturalist.org/observations/31457885,"2022-06-13 09:00:07"
2139,72503,other,species,"Ischnura posita",Odonata,0,0,3,0,https://www.inaturalist.org/observations/31454860,"2022-06-13 09:03:07"
2140,72196,other,genus,Sinea,truebugs,0,0,1,0,https://www.inaturalist.org/observations/30699747,"2022-06-13 09:09:06"
2141,72170,daddylonglegs,genus,Leiobunum,daddylonglegs,0,0,2,0,https://www.inaturalist.org/observations/30681340,"2022-06-13 09:09:06"
2142,72102,unidentified,species,"Erythroneura bistrata",leafhopper,0,0,3,0,https://www.inaturalist.org/observations/30516131,"2022-06-13 09:09:06"
2143,71754,unidentified,family,Formicidae,ant,0,0,1,0,https://www.inaturalist.org/observations/30246537,"2022-06-13 09:12:06"
2145,70778,other,order,Polydesmida,Polydesmida,0,0,3,0,https://www.inaturalist.org/observations/29583084,"2022-06-13 09:18:06"
2146,70368,leafhopper,species,"Metcalfa pruinosa",leafhopper,0,0,3,0,https://www.inaturalist.org/observations/29480000,"2022-06-13 09:21:07"
2147,70350,ant,species,"Camponotus chromaiodes",ant,0,0,4,0,https://www.inaturalist.org/observations/29479607,"2022-06-13 09:21:07"
2148,70349,bee,superfamily,Ichneumonoidea,bee,0,0,2,0,https://www.inaturalist.org/observations/29479011,"2022-06-13 09:21:07"
2149,70340,leafhopper,species,"Metcalfa pruinosa",leafhopper,0,0,3,0,https://www.inaturalist.org/observations/29478628,"2022-06-13 09:21:07"
2150,70068,other,species,"Phyllopalpus pulchellus",grasshopper,0,0,2,0,https://www.inaturalist.org/observations/29442022,"2022-06-13 09:24:07"
2151,69910,unidentified,genus,Zelus,truebugs,0,0,1,0,https://www.inaturalist.org/observations/29379637,"2022-06-13 09:24:07"
2152,69346,other,genus,Graphopsocus,Psocodea,0,0,2,0,https://www.inaturalist.org/observations/29156677,"2022-06-13 09:27:06"
2153,69264,unidentified,genus,Elonus,beetle,0,0,2,0,https://www.inaturalist.org/observations/29156006,"2022-06-13 09:27:06"
2154,68821,leafhopper,family,Flatidae,leafhopper,0,0,2,0,https://www.inaturalist.org/observations/29151638,"2022-06-13 09:30:06"
2155,68497,beetle,species,"Harmonia axyridis",beetle,0,0,4,0,https://www.inaturalist.org/observations/28936454,"2022-06-13 09:33:07"
2156,68487,grasshopper,genus,Cycloptilum,grasshopper,0,0,2,0,https://www.inaturalist.org/observations/28935777,"2022-06-13 09:33:07"
2157,68349,grasshopper,species,"Phyllopalpus pulchellus",grasshopper,0,0,3,0,https://www.inaturalist.org/observations/28932451,"2022-06-13 09:33:07"
2158,68860,beetle,suborder,Auchenorrhyncha,leafhopper,0,0,4,1,https://www.inaturalist.org/observations/28931701,"2022-06-13 09:33:07"
2159,68315,beetle,species,"Cyrtepistomus castaneus",beetle,0,0,3,0,https://www.inaturalist.org/observations/28931202,"2022-06-13 09:33:07"
2160,67786,beetle,genus,Cryptocephalus,beetle,0,0,3,0,https://www.inaturalist.org/observations/28673706,"2022-06-13 09:36:06"
2161,67784,other,genus,Micromus,Neuroptera,0,0,3,0,https://www.inaturalist.org/observations/28673490,"2022-06-13 09:36:06"
2162,67763,other,genus,Graphopsocus,Psocodea,0,0,2,0,https://www.inaturalist.org/observations/28672159,"2022-06-13 09:36:06"
2163,67720,spider,genus,Colonus,spider,0,0,3,0,https://www.inaturalist.org/observations/28671139,"2022-06-13 09:39:06"
2164,67686,fly,subfamily,Chloropinae,fly,0,0,3,0,https://www.inaturalist.org/observations/28670446,"2022-06-13 09:39:06"
2165,67615,ant,species,"Camponotus castaneus",ant,0,0,4,0,https://www.inaturalist.org/observations/28668140,"2022-06-13 09:39:06"
2166,67091,unidentified,species,"Polypsocus corruptus",Psocodea,0,0,3,0,https://www.inaturalist.org/observations/28549922,"2022-06-13 09:42:06"
2167,66187,beetle,family,Mordellidae,beetle,0,0,2,0,https://www.inaturalist.org/observations/28244028,"2022-06-13 09:48:06"
2168,66094,unidentified,genus,Ptilinus,beetle,0,0,2,0,https://www.inaturalist.org/observations/28229697,"2022-06-13 09:48:06"
2169,65992,unidentified,species,"Hyaliodes harti",truebugs,0,0,2,0,https://www.inaturalist.org/observations/28196469,"2022-06-13 09:48:06"
2170,65917,truebugs,suborder,Heteroptera,truebugs,0,0,3,1,https://www.inaturalist.org/observations/28150489,"2022-06-13 09:48:06"
2171,65645,other,species,"Oxidus gracilis",Polydesmida,0,0,1,0,https://www.inaturalist.org/observations/28115651,"2022-06-13 09:51:05"
2172,65642,unidentified,order,Psocodea,Psocodea,0,0,1,0,https://www.inaturalist.org/observations/28115273,"2022-06-13 09:54:06"
2173,63624,unidentified,genus,Pogonognathellus,Entomobryomorpha,0,0,1,0,https://www.inaturalist.org/observations/27691456,"2022-06-06 09:39:09"
2174,63119,daddylonglegs,genus,Leiobunum,daddylonglegs,0,0,2,0,https://www.inaturalist.org/observations/27578573,"2022-06-06 09:45:09"
2175,65993,other,species,"Oxidus gracilis",Polydesmida,0,0,1,0,https://www.inaturalist.org/observations/27577994,"2022-06-06 09:45:09"
2176,62452,beetle,genus,Melanotus,beetle,0,0,3,0,https://www.inaturalist.org/observations/27343868,"2022-06-06 09:51:08"
2177,62413,beetle,family,Chrysomelidae,beetle,0,0,2,0,https://www.inaturalist.org/observations/27327239,"2022-06-06 09:51:08"
2178,62401,spider,family,Theridiidae,spider,0,0,2,0,https://www.inaturalist.org/observations/27326966,"2022-06-06 09:51:08"
2179,62400,other,species,"Oxidus gracilis",Polydesmida,0,0,2,0,https://www.inaturalist.org/observations/27326672,"2022-06-06 09:51:08"
2180,62392,other,species,"Oxidus gracilis",Polydesmida,0,0,1,0,https://www.inaturalist.org/observations/27326176,"2022-06-06 09:51:08"
2181,62387,fly,species,"Toxonevra superba",fly,0,0,3,0,https://www.inaturalist.org/observations/27325810,"2022-06-06 09:51:08"
2182,62369,beetle,genus,Photinus,beetle,0,0,3,0,https://www.inaturalist.org/observations/27324612,"2022-06-06 09:51:08"
2183,62365,other,species,"Oxidus gracilis",Polydesmida,0,0,2,0,https://www.inaturalist.org/observations/27324340,"2022-06-06 09:51:08"
2184,62347,other,species,"Amblyomma americanum",Ixodida,0,0,2,0,https://www.inaturalist.org/observations/27323115,"2022-06-06 09:51:08"
2185,62216,beetle,family,Mordellidae,beetle,0,0,2,0,https://www.inaturalist.org/observations/27289161,"2022-06-06 09:51:09"
2186,62225,spider,species,"Lyssomanes viridis",spider,0,0,3,0,https://www.inaturalist.org/observations/27287218,"2022-06-06 09:54:07"
2187,62149,other,zoosection,Crinocheta,Isopoda,0,0,3,0,https://www.inaturalist.org/observations/27283601,"2022-06-06 09:54:07"
2188,62061,ant,species,"Camponotus pennsylvanicus",ant,0,0,2,0,https://www.inaturalist.org/observations/27270290,"2022-06-06 09:57:07"
2189,62059,spider,family,Dictynidae,spider,0,0,2,0,https://www.inaturalist.org/observations/27269919,"2022-06-06 09:57:07"
2190,62058,fly,suborder,Zygoptera,Odonata,0,0,3,1,https://www.inaturalist.org/observations/27269763,"2022-06-06 09:57:07"
2191,62042,unidentified,genus,Corythucha,truebugs,0,0,2,0,https://www.inaturalist.org/observations/27264542,"2022-06-06 09:57:07"
2192,61719,other,order,Odonata,Odonata,0,0,2,0,https://www.inaturalist.org/observations/27225414,"2022-06-06 09:57:07"
2193,61107,other,species,"Vasates quadripedes",Endeostigmata,0,0,2,0,https://www.inaturalist.org/observations/27157076,"2022-05-30 09:36:07"
2194,60378,ant,family,Cerambycidae,beetle,0,0,3,1,https://www.inaturalist.org/observations/26919656,"2022-05-30 09:45:07"
2195,60348,unidentified,family,Scarabaeidae,beetle,0,0,1,0,https://www.inaturalist.org/observations/26915574,"2022-05-30 09:45:07"
2196,60349,unidentified,genus,Acanalonia,leafhopper,0,0,2,0,https://www.inaturalist.org/observations/26915523,"2022-05-30 09:45:07"
2197,60335,leafhopper,species,"Ormenoides venusta",leafhopper,0,0,2,0,https://www.inaturalist.org/observations/26914501,"2022-05-30 09:45:07"
2198,60332,leafhopper,species,"Ormenoides venusta",leafhopper,0,0,2,0,https://www.inaturalist.org/observations/26914440,"2022-05-30 09:45:07"
2199,60333,grasshopper,species,"Cyrtoxipha columbiana",grasshopper,0,0,2,0,https://www.inaturalist.org/observations/26914419,"2022-05-30 09:45:07"
2200,60271,unidentified,species,"Pandeleteius hilaris",beetle,0,0,3,0,https://www.inaturalist.org/observations/26913415,"2022-05-30 09:45:07"
2201,59341,unidentified,family,Hemerobiidae,Neuroptera,0,0,2,0,https://www.inaturalist.org/observations/26765752,"2022-05-30 09:54:07"
2202,59137,beetle,genus,Photinus,beetle,0,0,2,0,https://www.inaturalist.org/observations/26743753,"2022-05-30 09:54:07"
2203,58186,other,species,"Ixodes scapularis",Ixodida,0,0,3,0,https://www.inaturalist.org/observations/26442760,"2022-05-23 09:24:07"
2204,53680,other,species,"Eriophyes cerasicrumena",Endeostigmata,0,0,2,0,https://www.inaturalist.org/observations/24960781,"2022-05-23 09:48:07"
2205,53679,fly,genus,Condylostylus,fly,0,0,3,0,https://www.inaturalist.org/observations/24960639,"2022-05-23 09:48:07"
2206,53677,spider,infraorder,Entelegynae,spider,0,0,3,0,https://www.inaturalist.org/observations/24960632,"2022-05-23 09:48:07"
2207,53678,fly,subfamily,Chloropinae,fly,0,0,3,0,https://www.inaturalist.org/observations/24960615,"2022-05-23 09:48:07"
2208,43393,ant,class,Insecta,ant,0,0,1,0,https://www.inaturalist.org/observations/22513701,"2022-05-23 09:57:07"
2209,43390,ant,family,Cerambycidae,beetle,0,0,6,1,https://www.inaturalist.org/observations/22513668,"2022-05-23 09:57:07"
2210,12954,truebugs,species,"Chinavia hilaris",truebugs,0,0,4,0,https://www.inaturalist.org/observations/17848828,"2022-05-23 09:57:07"
2211,12947,grasshopper,genus,Scudderia,grasshopper,0,0,2,0,https://www.inaturalist.org/observations/17848824,"2022-05-16 09:27:07"
2212,12925,grasshopper,species,"Phyllopalpus pulchellus",grasshopper,0,0,3,0,https://www.inaturalist.org/observations/17848819,"2022-05-16 09:27:07"
2213,12456,beetle,genus,Cryptocephalus,beetle,0,0,2,0,https://www.inaturalist.org/observations/17848808,"2022-05-16 09:27:07"
2214,8524,beetle,species,"Popillia japonica",beetle,0,0,3,0,https://www.inaturalist.org/observations/17848671,"2022-05-16 09:33:07"
2215,8462,grasshopper,species,"Microcentrum retinerve",grasshopper,0,0,2,0,https://www.inaturalist.org/observations/17848657,"2022-05-16 09:33:07"
2216,7400,fly,order,Hymenoptera,bee,0,0,3,1,https://www.inaturalist.org/observations/17848620,"2022-05-16 09:33:07"
2217,5643,unidentified,family,Issidae,leafhopper,0,0,2,0,https://www.inaturalist.org/observations/17848533,"2022-05-16 09:33:07"
2218,3423,unidentified,family,Tingidae,truebugs,0,0,1,0,https://www.inaturalist.org/observations/17848482,"2022-05-16 09:36:06"
2219,1433,fly,species,"Chrysopilus thoracicus",fly,0,0,4,0,https://www.inaturalist.org/observations/17848430,"2022-05-16 09:36:06"
2220,1404,truebugs,species,"Boisea trivittata",truebugs,0,0,3,0,https://www.inaturalist.org/observations/17848429,"2022-05-16 09:36:06"
2221,1296,beetle,species,"Harmonia axyridis",beetle,1,0,4,0,https://www.inaturalist.org/observations/17848427,"2022-05-16 09:39:08"
2222,42486,other,species,"Opheodrys aestivus",Squamata,0,0,4,0,https://www.inaturalist.org/observations/17827767,"2022-05-16 09:42:06"
2223,42330,other,species,"Hyla cinerea",Anura,0,0,2,0,https://www.inaturalist.org/observations/17704691,"2022-05-16 09:42:06"
2224,42010,spider,species,"Linyphia triangularis",spider,0,0,5,0,https://www.inaturalist.org/observations/17704613,"2022-05-16 09:45:07"
2225,41462,fly,genus,Dilophus,fly,0,0,3,0,https://www.inaturalist.org/observations/17704411,"2022-05-16 09:48:07"
2226,41408,leafhopper,species,"Erythridula victorialis",leafhopper,0,0,5,0,https://www.inaturalist.org/observations/17704393,"2022-05-16 09:48:07"
2227,13984,truebugs,family,Reduviidae,truebugs,0,0,2,0,https://www.inaturalist.org/observations/17704250,"2022-05-16 09:51:06"
2228,13676,spider,order,Araneae,spider,0,0,3,1,https://www.inaturalist.org/observations/17704203,"2022-05-16 09:54:08"
2229,13675,other,order,Polydesmida,Polydesmida,0,0,3,0,https://www.inaturalist.org/observations/17704199,"2022-05-16 09:54:08"
2230,13195,leafhopper,species,"Flatormenis proxima",leafhopper,0,0,3,0,https://www.inaturalist.org/observations/17704118,"2022-05-16 09:54:08"
2231,12485,leafhopper,superfamily,Psylloidea,aphid,0,0,3,1,https://www.inaturalist.org/observations/17704088,"2022-05-16 09:57:07"
2232,42713,bee,genus,Macremphytus,bee,0,1,3,1,https://www.inaturalist.org/observations/17703988,"2022-05-16 09:57:07"
2233,9252,unidentified,superfamily,Ichneumonoidea,bee,0,0,1,0,https://www.inaturalist.org/observations/17703800,"2021-09-20 09:57:11"
2234,9163,unidentified,order,Hemiptera,truebugs,0,0,1,0,https://www.inaturalist.org/observations/17703776,"2021-09-20 09:57:11"
2235,8547,unidentified,suborder,Auchenorrhyncha,leafhopper,0,0,1,0,https://www.inaturalist.org/observations/17703699,"2021-09-13 09:57:10"
2236,7227,other,suborder,Hemerobiiformia,Neuroptera,0,0,1,0,https://www.inaturalist.org/observations/17703569,"2021-09-13 09:57:10"
2237,5968,other,species,"Epitheca spinigera",Odonata,0,0,4,0,https://www.inaturalist.org/observations/17703488,"2021-09-06 09:57:33"
2238,3314,beetle,species,"Harmonia axyridis",beetle,1,0,3,0,https://www.inaturalist.org/observations/17703309,"2021-08-30 09:57:15"
2239,3311,beetle,tribe,Cryptocephalini,beetle,0,0,2,0,https://www.inaturalist.org/observations/17703301,"2021-08-30 09:57:15"
2240,2613,truebugs,class,Insecta,truebugs,0,0,2,0,https://www.inaturalist.org/observations/17703185,"2021-08-23 09:54:19"
2241,2611,fly,family,Bibionidae,fly,0,0,2,0,https://www.inaturalist.org/observations/17703158,"2021-08-23 09:54:19"
2242,2608,truebugs,suborder,Heteroptera,truebugs,0,0,3,0,https://www.inaturalist.org/observations/17703155,"2021-08-23 09:54:19"
2243,2607,truebugs,suborder,Heteroptera,truebugs,0,0,3,0,https://www.inaturalist.org/observations/17703150,"2021-08-23 09:54:19"
2244,1563,truebugs,family,Cicadellidae,leafhopper,0,0,4,1,https://www.inaturalist.org/observations/17703112,"2021-08-23 09:57:14"
2245,1538,leafhopper,family,Membracidae,leafhopper,0,0,2,0,https://www.inaturalist.org/observations/17703089,"2021-08-23 09:57:14"
2246,1351,unidentified,family,Coccinellidae,beetle,1,0,1,0,https://www.inaturalist.org/observations/17703079,"2021-08-23 09:57:14"
2247,83112,truebugs,superfamily,Curculionoidea,beetle,0,0,5,1,https://www.inaturalist.org/observations/59089741,"2022-06-13 06:27:07"
2248,83107,ant,species,"Camponotus nearcticus",ant,0,0,2,0,https://www.inaturalist.org/observations/59087660,"2022-06-13 06:27:07"
2249,83106,spider,genus,Wulfila,spider,0,0,3,0,https://www.inaturalist.org/observations/59087470,"2022-06-13 06:27:07"
2250,83105,caterpillar,genus,Hypena,caterpillar,0,0,2,0,https://www.inaturalist.org/observations/59087095,"2022-06-13 06:27:07"
2251,83103,spider,family,Agelenidae,spider,0,0,2,0,https://www.inaturalist.org/observations/59044278,"2022-06-13 06:27:07"
2252,83102,other,family,Chrysopidae,Neuroptera,0,0,2,0,https://www.inaturalist.org/observations/59044011,"2022-06-13 06:27:07"
2253,83101,spider,species,"Hentzia mitrata",spider,0,0,4,0,https://www.inaturalist.org/observations/59043759,"2022-06-13 06:27:07"
2254,83099,spider,species,"Colonus sylvanus",spider,0,0,4,0,https://www.inaturalist.org/observations/59042678,"2022-06-13 06:30:08"
2255,83097,beetle,species,"Charidotella purpurata",beetle,0,0,4,0,https://www.inaturalist.org/observations/59042256,"2022-06-13 06:30:08"
2256,83094,beetle,species,"Diabrotica undecimpunctata",beetle,0,0,5,0,https://www.inaturalist.org/observations/59041615,"2022-06-13 06:30:08"
2257,83090,spider,family,Dictynidae,spider,0,0,2,0,https://www.inaturalist.org/observations/59039953,"2022-06-13 06:30:08"
2258,83086,beetle,species,"Baliosus nervosus",beetle,0,0,4,0,https://www.inaturalist.org/observations/58981092,"2022-06-13 06:30:08"
2259,83085,bee,tribe,Ageniellini,bee,0,0,2,0,https://www.inaturalist.org/observations/58980768,"2022-06-13 06:30:08"
2260,83083,other,order,Blattodea,Blattodea,0,0,3,1,https://www.inaturalist.org/observations/58979605,"2022-06-13 06:30:08"
2261,83079,fly,family,Berytidae,truebugs,0,0,3,1,https://www.inaturalist.org/observations/58978294,"2022-06-13 06:30:08"
2262,83078,grasshopper,genus,Anaxipha,grasshopper,0,0,2,0,https://www.inaturalist.org/observations/58977681,"2022-06-13 06:30:08"
2263,83077,spider,genus,Pelegrina,spider,0,0,3,0,https://www.inaturalist.org/observations/58977425,"2022-06-13 06:30:08"
2264,83075,spider,species,"Synemosyna formica",spider,0,0,4,0,https://www.inaturalist.org/observations/58976834,"2022-06-13 06:30:08"
2265,83074,daddylonglegs,order,Opiliones,daddylonglegs,0,0,2,0,https://www.inaturalist.org/observations/58971868,"2022-06-13 06:30:08"
2266,83062,grasshopper,species,"Oecanthus niveus",grasshopper,0,0,3,0,https://www.inaturalist.org/observations/58865476,"2022-06-13 06:30:08"
2267,83058,grasshopper,species,"Phyllopalpus pulchellus",grasshopper,0,0,3,0,https://www.inaturalist.org/observations/58864036,"2022-06-13 06:30:08"
2268,83053,grasshopper,genus,Oecanthus,grasshopper,0,0,3,0,https://www.inaturalist.org/observations/58862455,"2022-06-13 06:30:08"
2269,83042,grasshopper,species,"Phyllopalpus pulchellus",grasshopper,0,0,3,0,https://www.inaturalist.org/observations/58857007,"2022-06-13 06:30:08"
2270,82399,other,species,"Ectobius pallidus",Blattodea,0,0,2,0,https://www.inaturalist.org/observations/58296419,"2022-06-13 06:48:07"
2271,79067,spider,class,Arachnida,spider,0,0,1,0,https://www.inaturalist.org/observations/51206721,"2022-06-13 07:51:06"
2272,64783,unidentified,order,Psocodea,Psocodea,0,0,3,1,https://www.inaturalist.org/observations/27823609,"2022-06-06 09:30:10"
2273,62171,unidentified,family,Tomoceridae,Entomobryomorpha,0,0,1,0,https://www.inaturalist.org/observations/27285760,"2022-06-06 09:54:07"
2274,62133,unidentified,family,Entomobryidae,Entomobryomorpha,0,0,1,0,https://www.inaturalist.org/observations/27281657,"2022-06-06 09:54:07"
2275,59126,other,subfamily,Tomocerinae,Entomobryomorpha,0,0,1,0,https://www.inaturalist.org/observations/26743287,"2022-05-30 09:54:07"
2276,83181,leafhopper,species,"Paraulacizes irrorata",leafhopper,0,0,4,0,https://www.inaturalist.org/observations/60122952,"2022-06-13 06:24:07"
2277,83171,beetle,genus,Systena,beetle,0,0,3,0,https://www.inaturalist.org/observations/60117888,"2022-06-13 06:24:07"
2278,83164,spider,species,"Micrathena mitrata",spider,0,0,3,0,https://www.inaturalist.org/observations/60090454,"2022-06-13 06:24:07"
2279,83163,fly,family,Sciaridae,fly,0,0,2,0,https://www.inaturalist.org/observations/60088363,"2022-06-13 06:24:07"
2280,83160,beetle,species,"Cyrtepistomus castaneus",beetle,0,0,3,0,https://www.inaturalist.org/observations/60086031,"2022-06-13 06:24:07"
2281,83159,truebugs,species,"Zelus luridus",truebugs,0,0,3,0,https://www.inaturalist.org/observations/59779099,"2022-06-13 06:24:07"
2282,83156,fly,order,Hymenoptera,bee,0,0,3,1,https://www.inaturalist.org/observations/59706260,"2022-06-13 06:27:07"
2283,83148,ant,species,"Prenolepis imparis",ant,0,0,2,0,https://www.inaturalist.org/observations/59673990,"2022-06-13 06:27:07"
2284,83143,beetle,species,"Harmonia axyridis",beetle,0,0,3,0,https://www.inaturalist.org/observations/59673224,"2022-06-13 06:27:07"
2285,83141,ant,genus,Crematogaster,ant,0,0,2,0,https://www.inaturalist.org/observations/59672830,"2022-06-13 06:27:07"
2286,83137,grasshopper,species,"Phyllopalpus pulchellus",grasshopper,0,0,3,0,https://www.inaturalist.org/observations/59599311,"2022-06-13 06:27:07"
2287,83136,spider,order,Araneae,spider,0,0,3,1,https://www.inaturalist.org/observations/59598980,"2022-06-13 06:27:07"
2288,83131,beetle,species,"Helocassis clavata",beetle,0,0,4,0,https://www.inaturalist.org/observations/59597715,"2022-06-13 06:27:07"
2289,83128,other,order,Lepidoptera,moths,0,0,3,1,https://www.inaturalist.org/observations/59596876,"2022-06-13 06:27:07"
2290,83127,leafhopper,species,"Jikradia olitoria",leafhopper,0,0,3,0,https://www.inaturalist.org/observations/59596589,"2022-06-13 06:27:07"
2291,83124,grasshopper,genus,Anaxipha,grasshopper,0,0,2,0,https://www.inaturalist.org/observations/59596018,"2022-06-13 06:27:07"
2292,83123,grasshopper,genus,Anaxipha,grasshopper,0,0,2,0,https://www.inaturalist.org/observations/59595724,"2022-06-13 06:27:07"
2293,83122,truebugs,species,"Lygaeus turcicus",truebugs,0,0,4,0,https://www.inaturalist.org/observations/59595429,"2022-06-13 06:27:07"
2294,83091,leafhopper,species,"Gyponana octolineata",leafhopper,0,0,2,0,https://www.inaturalist.org/observations/59040172,"2022-06-13 06:30:08"
2295,83063,leafhopper,species,"Jikradia olitoria",leafhopper,0,0,3,0,https://www.inaturalist.org/observations/58865844,"2022-06-13 06:30:08"
2296,82142,grasshopper,species,"Zelus luridus",truebugs,0,0,3,1,https://www.inaturalist.org/observations/55379730,"2022-06-13 06:57:07"
2297,82112,other,species,"Mystacides sepulchralis",Trichoptera,0,0,2,0,https://www.inaturalist.org/observations/55304483,"2022-06-13 06:57:07"
2298,82108,grasshopper,subfamily,Oecanthinae,grasshopper,0,0,4,1,https://www.inaturalist.org/observations/55303634,"2022-06-13 06:57:07"
2299,81742,fly,suborder,Apocrita,bee,0,0,3,1,https://www.inaturalist.org/observations/54517221,"2022-06-13 07:06:07"
2300,83221,beetle,species,"Harmonia axyridis",beetle,0,0,3,0,https://www.inaturalist.org/observations/60531172,"2022-06-13 06:21:08"
2301,83216,fly,infraorder,Cyclorrhapha,fly,0,0,2,0,https://www.inaturalist.org/observations/60530195,"2022-06-13 06:24:07"
2302,83209,ant,genus,Temnothorax,ant,0,0,3,0,https://www.inaturalist.org/observations/60511098,"2022-06-13 06:24:07"
2303,83205,spider,species,"Hentzia mitrata",spider,0,0,3,0,https://www.inaturalist.org/observations/60447553,"2022-06-13 06:24:07"
2304,83204,spider,species,"Pelegrina proterva",spider,0,0,3,0,https://www.inaturalist.org/observations/60447229,"2022-06-13 06:24:07"
2305,83200,beetle,genus,Anthonomus,beetle,0,0,2,0,https://www.inaturalist.org/observations/60443308,"2022-06-13 06:24:07"
2306,83196,grasshopper,species,"Phyllopalpus pulchellus",grasshopper,0,0,4,0,https://www.inaturalist.org/observations/60338830,"2022-06-13 06:24:07"
2307,83193,truebugs,species,"Lygaeus turcicus",truebugs,0,0,3,0,https://www.inaturalist.org/observations/60337852,"2022-06-13 06:24:07"
2308,83191,leafhopper,species,"Flatormenis proxima",leafhopper,0,0,3,0,https://www.inaturalist.org/observations/60337250,"2022-06-13 06:24:07"
2309,83188,leafhopper,species,"Flatormenis proxima",leafhopper,0,0,3,0,https://www.inaturalist.org/observations/60336359,"2022-06-13 06:24:07"
2310,83183,spider,family,Dictynidae,spider,0,0,2,0,https://www.inaturalist.org/observations/60334621,"2022-06-13 06:24:07"
2311,83178,spider,species,"Colonus sylvanus",spider,0,0,4,0,https://www.inaturalist.org/observations/60121690,"2022-06-13 06:24:07"
2312,83170,caterpillar,superfamily,Pyraloidea,caterpillar,0,0,2,0,https://www.inaturalist.org/observations/60095703,"2022-06-13 06:24:07"
2313,83169,caterpillar,family,Geometridae,caterpillar,0,0,2,0,https://www.inaturalist.org/observations/60094451,"2022-06-13 06:24:07"
2314,83162,caterpillar,subfamily,Hypeninae,caterpillar,0,0,2,0,https://www.inaturalist.org/observations/60088089,"2022-06-13 06:24:07"
2315,83113,caterpillar,species,"Norape cretata",caterpillar,0,0,4,0,https://www.inaturalist.org/observations/59091028,"2022-06-13 06:27:07"
2316,82963,leafhopper,species,"Jikradia olitoria",leafhopper,0,0,4,0,https://www.inaturalist.org/observations/58323752,"2022-06-13 06:33:08"
2317,82730,leafhopper,species,"Ormenoides venusta",leafhopper,0,0,3,0,https://www.inaturalist.org/observations/58313387,"2022-06-13 06:39:08"
2318,79456,bee,genus,Caliroa,bee,0,1,3,1,https://www.inaturalist.org/observations/51691139,"2022-06-13 07:48:07"
2319,75543,aphid,family,Aphididae,aphid,0,0,2,0,https://www.inaturalist.org/observations/46123657,"2022-06-13 08:36:07"
2320,59829,beetle,genus,Capraita,beetle,0,0,2,0,https://www.inaturalist.org/observations/26825693,"2022-05-30 09:48:08"
2321,41601,beetle,suborder,Heteroptera,truebugs,0,0,3,1,https://www.inaturalist.org/observations/17704473,"2022-05-16 09:48:07"
2322,13928,beetle,species,"Cryptocephalus mutabilis",beetle,0,0,3,0,https://www.inaturalist.org/observations/17704229,"2022-05-16 09:54:08"
2323,83265,spider,species,"Verrucosa arenata",spider,0,0,3,0,https://www.inaturalist.org/observations/61608476,"2022-06-13 06:21:08"
2324,83239,beetle,genus,Melanotus,beetle,0,0,3,0,https://www.inaturalist.org/observations/61209916,"2022-06-13 06:21:08"
2325,83238,spider,species,"Maevia inclemens",spider,0,0,3,0,https://www.inaturalist.org/observations/61123892,"2022-06-13 06:21:08"
2326,83235,spider,species,"Synemosyna formica",spider,0,0,4,0,https://www.inaturalist.org/observations/61122346,"2022-06-13 06:21:08"
2327,83229,spider,genus,Hentzia,spider,0,0,3,0,https://www.inaturalist.org/observations/61120817,"2022-06-13 06:21:08"
2328,83225,grasshopper,species,"Oecanthus niveus",grasshopper,0,0,3,0,https://www.inaturalist.org/observations/61119073,"2022-06-13 06:21:08"
2329,83223,truebugs,species,"Lygaeus turcicus",truebugs,0,0,3,0,https://www.inaturalist.org/observations/61118312,"2022-06-13 06:21:08"
2330,82708,unidentified,family,Tingidae,truebugs,0,0,1,0,https://www.inaturalist.org/observations/58312093,"2022-06-13 06:42:07"
2331,82669,unidentified,order,Psocodea,Psocodea,0,0,1,0,https://www.inaturalist.org/observations/58310793,"2022-06-13 06:42:07"
2332,82668,unidentified,family,Chrysopidae,Neuroptera,0,0,2,0,https://www.inaturalist.org/observations/58310716,"2022-06-13 06:42:07"
2333,82547,fly,order,Diptera,fly,0,0,4,1,https://www.inaturalist.org/observations/58306505,"2022-06-13 06:45:08"
2334,82245,unidentified,species,"Pseudoedophrys hilleri",beetle,0,0,2,0,https://www.inaturalist.org/observations/55790577,"2022-06-13 06:54:06"
2335,81034,unidentified,family,Tingidae,truebugs,0,0,1,0,https://www.inaturalist.org/observations/53470899,"2022-06-13 07:21:06"
2336,83253,spider,family,Salticidae,spider,0,0,2,0,https://www.inaturalist.org/observations/61586455,"2022-06-13 06:21:08"
2337,82824,spider,species,"Callirhytis lanata",bee,0,0,3,1,https://www.inaturalist.org/observations/58316427,"2022-06-13 06:36:07"
2338,80709,beetle,species,"Cyrtepistomus castaneus",beetle,0,0,3,0,https://www.inaturalist.org/observations/53043881,"2022-06-13 07:24:07"
2339,80555,beetle,species,"Cyrtepistomus castaneus",beetle,0,0,3,0,https://www.inaturalist.org/observations/52726014,"2022-06-13 07:27:07"
2340,80554,beetle,species,"Cyrtepistomus castaneus",beetle,0,0,3,0,https://www.inaturalist.org/observations/52725672,"2022-06-13 07:27:07"
2341,80546,beetle,species,"Cyrtepistomus castaneus",beetle,0,0,3,0,https://www.inaturalist.org/observations/52723866,"2022-06-13 07:27:07"
2342,80543,beetle,species,"Cyrtepistomus castaneus",beetle,0,0,3,0,https://www.inaturalist.org/observations/52723183,"2022-06-13 07:27:07"
2343,80006,beetle,tribe,Bromiini,beetle,0,0,3,0,https://www.inaturalist.org/observations/52254008,"2022-06-13 07:36:07"
2344,73426,beetle,species,"Harmonia axyridis",beetle,0,0,3,0,https://www.inaturalist.org/observations/32858074,"2022-06-13 08:54:06"
2345,70461,beetle,family,Elateridae,beetle,0,0,2,0,https://www.inaturalist.org/observations/29514522,"2022-06-13 09:18:06"
2346,69408,beetle,species,"Demotina modesta",beetle,0,0,3,0,https://www.inaturalist.org/observations/29157742,"2022-06-13 09:27:06"
2347,69384,beetle,species,"Pseudocneorhinus bifasciatus",beetle,0,0,2,0,https://www.inaturalist.org/observations/29157296,"2022-06-13 09:27:06"
2348,69180,beetle,species,"Pseudoedophrys hilleri",beetle,0,0,2,0,https://www.inaturalist.org/observations/29154750,"2022-06-13 09:30:06"
2349,66037,beetle,species,"Cyrtepistomus castaneus",beetle,0,0,3,0,https://www.inaturalist.org/observations/28227854,"2022-06-13 09:48:06"
2350,64498,beetle,genus,Eugnamptus,beetle,0,0,2,0,https://www.inaturalist.org/observations/27807616,"2022-06-06 09:33:09"
2351,62289,beetle,species,"Odontopus calceatus",beetle,0,0,2,0,https://www.inaturalist.org/observations/27320921,"2022-06-06 09:51:09"
2352,60567,beetle,species,"Cyrtepistomus castaneus",beetle,0,0,3,0,https://www.inaturalist.org/observations/26965017,"2022-05-30 09:42:08"
2353,59193,beetle,species,"Pseudoedophrys hilleri",beetle,0,0,2,0,https://www.inaturalist.org/observations/26745998,"2022-05-30 09:54:07"
2354,54851,beetle,species,"Pseudocneorhinus bifasciatus",beetle,0,0,2,0,https://www.inaturalist.org/observations/25440521,"2022-05-23 09:45:07"
2355,5697,beetle,species,"Cyrtepistomus castaneus",beetle,0,0,3,0,https://www.inaturalist.org/observations/17703455,"2021-09-06 09:57:33"
2356,82111,other,species,"Mystacides sepulchralis",Trichoptera,0,0,2,0,https://www.inaturalist.org/observations/55304183,"2022-06-13 06:57:07"
2357,80835,beetle,family,Cantharidae,beetle,0,0,2,0,https://www.inaturalist.org/observations/53147077,"2022-06-13 07:24:07"
2358,80128,beetle,tribe,Cantharini,beetle,0,0,3,0,https://www.inaturalist.org/observations/52363058,"2022-06-13 07:33:06"
2359,79455,beetle,family,Mordellidae,beetle,0,0,2,0,https://www.inaturalist.org/observations/51690881,"2022-06-13 07:48:07"
2360,76466,unidentified,family,Chrysopidae,Neuroptera,0,0,1,0,https://www.inaturalist.org/observations/48046658,"2022-06-13 08:27:06"
2361,65462,beetle,species,"Phyllobius oblongus",beetle,0,0,2,0,https://www.inaturalist.org/observations/28063577,"2022-06-13 09:54:06"
2362,63529,beetle,species,"Phyllobius oblongus",beetle,0,0,2,0,https://www.inaturalist.org/observations/27653267,"2022-06-06 09:39:09"
2363,63501,beetle,species,"Polydrusus impressifrons",beetle,0,0,3,0,https://www.inaturalist.org/observations/27645553,"2022-06-06 09:42:07"
2364,63492,beetle,species,"Polydrusus formosus",beetle,0,0,3,0,https://www.inaturalist.org/observations/27644689,"2022-06-06 09:42:07"
2365,63506,beetle,species,"Phyllobius oblongus",beetle,0,0,2,0,https://www.inaturalist.org/observations/27644385,"2022-06-06 09:42:07"
2366,62211,beetle,species,"Polydrusus formosus",beetle,0,0,3,0,https://www.inaturalist.org/observations/27288498,"2022-06-06 09:54:07"
2367,62210,beetle,species,"Phyllobius oblongus",beetle,0,0,2,0,https://www.inaturalist.org/observations/27288413,"2022-06-06 09:54:07"
2368,62207,beetle,species,"Sciaphilus asperatus",beetle,0,0,2,0,https://www.inaturalist.org/observations/27288151,"2022-06-06 09:54:07"
2369,62179,beetle,species,"Phyllobius oblongus",beetle,0,0,2,0,https://www.inaturalist.org/observations/27286315,"2022-06-06 09:54:07"
2370,61738,beetle,species,"Phyllobius oblongus",beetle,0,0,2,0,https://www.inaturalist.org/observations/27228376,"2022-06-06 09:57:07"
2371,61733,beetle,genus,Neofidia,beetle,0,0,2,0,https://www.inaturalist.org/observations/27227392,"2022-06-06 09:57:07"
2372,61734,beetle,species,"Phyllobius oblongus",beetle,0,0,2,0,https://www.inaturalist.org/observations/27227165,"2022-06-06 09:57:07"
2373,58227,beetle,species,"Phyllobius oblongus",beetle,0,0,2,0,https://www.inaturalist.org/observations/26444284,"2022-05-23 09:24:07"
2374,83144,beetle,tribe,Scymnini,beetle,0,0,2,0,https://www.inaturalist.org/observations/59673400,"2022-06-13 06:27:07"
2375,53240,aphid,subfamily,Lepturinae,beetle,0,0,4,1,https://www.inaturalist.org/observations/58246999,"2022-06-13 06:48:07"
2376,63943,ant,subgenus,Crematogaster,ant,0,0,3,0,https://www.inaturalist.org/observations/27703125,"2022-06-06 09:39:09"
2377,83228,other,subfamily,Emesinae,truebugs,0,0,3,1,https://www.inaturalist.org/observations/61119373,"2022-06-13 06:21:08"
2378,43479,unidentified,subgenus,Camponotus,ant,0,0,2,0,https://www.inaturalist.org/observations/58244550,"2022-06-13 06:48:07"
2379,80319,beetle,suborder,Hemerobiiformia,Neuroptera,0,0,3,1,https://www.inaturalist.org/observations/52587274,"2022-06-13 07:30:07"
2380,77967,other,order,Polydesmida,Polydesmida,0,0,1,0,https://www.inaturalist.org/observations/50046157,"2022-06-13 08:03:07"
2381,83261,bee,genus,Cladius,bee,0,1,2,1,https://www.inaturalist.org/observations/61605773,"2022-06-13 06:21:08"
2382,80493,caterpillar,family,Noctuidae,caterpillar,0,0,2,0,https://www.inaturalist.org/observations/52683181,"2022-06-13 07:30:07"
2383,59293,beetle,species,"Odontopus calceatus",beetle,0,0,2,0,https://www.inaturalist.org/observations/26762013,"2022-05-30 09:54:07"
2384,83259,leafhopper,species,"Jikradia olitoria",leafhopper,0,0,2,0,https://www.inaturalist.org/observations/61590836,"2022-06-13 06:21:08"
2385,83251,leafhopper,species,"Flatormenis proxima",leafhopper,0,0,3,0,https://www.inaturalist.org/observations/61585462,"2022-06-13 06:21:08"
2386,83245,leafhopper,genus,Omolicna,leafhopper,0,0,3,0,https://www.inaturalist.org/observations/61235072,"2022-06-13 06:21:08"
2387,83206,leafhopper,species,"Jikradia olitoria",leafhopper,0,0,2,0,https://www.inaturalist.org/observations/60447895,"2022-06-13 06:24:07"
2388,83203,leafhopper,species,"Jikradia olitoria",leafhopper,0,0,2,0,https://www.inaturalist.org/observations/60446969,"2022-06-13 06:24:07"
2389,83202,leafhopper,species,"Jikradia olitoria",leafhopper,0,0,2,0,https://www.inaturalist.org/observations/60446668,"2022-06-13 06:24:07"
2390,83194,leafhopper,section,Graphocephala,leafhopper,0,0,2,0,https://www.inaturalist.org/observations/60338197,"2022-06-13 06:24:07"
2391,83192,leafhopper,species,"Jikradia olitoria",leafhopper,0,0,2,0,https://www.inaturalist.org/observations/60337530,"2022-06-13 06:24:07"
2392,83153,leafhopper,subgenus,Gyponana,leafhopper,0,0,2,0,https://www.inaturalist.org/observations/59703925,"2022-06-13 06:27:07"
2393,83149,leafhopper,species,"Metcalfa pruinosa",leafhopper,0,0,3,0,https://www.inaturalist.org/observations/59702679,"2022-06-13 06:27:07"
2394,83096,leafhopper,species,"Jikradia olitoria",leafhopper,0,0,2,0,https://www.inaturalist.org/observations/59042035,"2022-06-13 06:30:08"
2395,83059,leafhopper,species,"Jikradia olitoria",leafhopper,0,0,2,0,https://www.inaturalist.org/observations/58864403,"2022-06-13 06:30:08"
2396,83048,leafhopper,species,"Omolicna uhleri",leafhopper,0,0,3,0,https://www.inaturalist.org/observations/58859239,"2022-06-13 06:30:08"
2397,83045,leafhopper,species,"Metcalfa pruinosa",leafhopper,0,0,3,0,https://www.inaturalist.org/observations/58858654,"2022-06-13 06:30:08"
2398,83043,leafhopper,species,"Graphocephala versuta",leafhopper,0,0,3,0,https://www.inaturalist.org/observations/58857429,"2022-06-13 06:30:08"
2399,82991,leafhopper,species,"Jikradia olitoria",leafhopper,0,0,2,0,https://www.inaturalist.org/observations/58327935,"2022-06-13 06:33:08"
2400,82988,leafhopper,subgenus,Gyponana,leafhopper,0,0,2,0,https://www.inaturalist.org/observations/58327630,"2022-06-13 06:33:08"
2401,82980,leafhopper,species,"Jikradia olitoria",leafhopper,0,0,2,0,https://www.inaturalist.org/observations/58326155,"2022-06-13 06:33:08"
2402,82957,leafhopper,subgenus,Gyponana,leafhopper,0,0,2,0,https://www.inaturalist.org/observations/58322889,"2022-06-13 06:33:08"
2403,82953,leafhopper,species,"Jikradia olitoria",leafhopper,0,0,2,0,https://www.inaturalist.org/observations/58322425,"2022-06-13 06:33:08"
2404,82952,leafhopper,species,"Jikradia olitoria",leafhopper,0,0,2,0,https://www.inaturalist.org/observations/58322315,"2022-06-13 06:33:08"
2405,82944,leafhopper,species,"Metcalfa pruinosa",leafhopper,0,0,3,0,https://www.inaturalist.org/observations/58321454,"2022-06-13 06:36:07"
2406,82942,daddylonglegs,order,Opiliones,daddylonglegs,0,0,3,1,https://www.inaturalist.org/observations/58321270,"2022-06-13 06:36:07"
2407,82939,leafhopper,species,"Philaenus spumarius",leafhopper,0,0,2,0,https://www.inaturalist.org/observations/58320847,"2022-06-13 06:36:07"
2408,82883,leafhopper,genus,Eratoneura,leafhopper,0,0,2,0,https://www.inaturalist.org/observations/58320115,"2022-06-13 06:36:07"
2409,82872,leafhopper,species,"Omolicna uhleri",leafhopper,0,0,3,0,https://www.inaturalist.org/observations/58319162,"2022-06-13 06:36:07"
2410,82864,leafhopper,species,"Omolicna uhleri",leafhopper,0,0,3,0,https://www.inaturalist.org/observations/58318483,"2022-06-13 06:36:07"
2411,82750,leafhopper,species,"Jikradia olitoria",leafhopper,0,0,2,0,https://www.inaturalist.org/observations/58314700,"2022-06-13 06:39:08"
2412,82747,leafhopper,species,"Ormenoides venusta",leafhopper,0,0,2,0,https://www.inaturalist.org/observations/58314535,"2022-06-13 06:39:08"
2413,82743,leafhopper,species,"Ormenoides venusta",leafhopper,0,0,2,0,https://www.inaturalist.org/observations/58314386,"2022-06-13 06:39:08"
2414,82742,leafhopper,species,"Ormenoides venusta",leafhopper,0,0,2,0,https://www.inaturalist.org/observations/58314332,"2022-06-13 06:39:08"
2415,82727,leafhopper,species,"Ormenoides venusta",leafhopper,0,0,2,0,https://www.inaturalist.org/observations/58313192,"2022-06-13 06:39:08"
2416,82718,leafhopper,species,"Philaenus spumarius",leafhopper,0,0,2,0,https://www.inaturalist.org/observations/58312522,"2022-06-13 06:39:08"
2417,82560,leafhopper,species,"Metcalfa pruinosa",leafhopper,0,0,3,0,https://www.inaturalist.org/observations/58307416,"2022-06-13 06:42:07"
2418,82556,leafhopper,subgenus,Gyponana,leafhopper,0,0,2,0,https://www.inaturalist.org/observations/58307265,"2022-06-13 06:42:07"
2419,82532,leafhopper,species,"Jikradia olitoria",leafhopper,0,0,3,0,https://www.inaturalist.org/observations/58305335,"2022-06-13 06:45:08"
2420,82530,leafhopper,species,"Jikradia olitoria",leafhopper,0,0,3,0,https://www.inaturalist.org/observations/58305088,"2022-06-13 06:45:08"
2421,82517,leafhopper,species,"Metcalfa pruinosa",leafhopper,0,0,3,0,https://www.inaturalist.org/observations/58304106,"2022-06-13 06:45:08"
2422,82516,leafhopper,species,"Ormenoides venusta",leafhopper,0,0,2,0,https://www.inaturalist.org/observations/58303864,"2022-06-13 06:45:08"
2423,82510,leafhopper,tribe,Empoascini,leafhopper,0,0,2,0,https://www.inaturalist.org/observations/58302898,"2022-06-13 06:45:08"
2424,82508,leafhopper,species,"Ormenoides venusta",leafhopper,0,0,2,0,https://www.inaturalist.org/observations/58302575,"2022-06-13 06:45:08"
2425,82493,leafhopper,species,"Ormenoides venusta",leafhopper,0,0,2,0,https://www.inaturalist.org/observations/58299725,"2022-06-13 06:45:08"
2426,82491,leafhopper,species,"Ormenoides venusta",leafhopper,0,0,2,0,https://www.inaturalist.org/observations/58299361,"2022-06-13 06:45:08"
2427,82490,leafhopper,species,"Jikradia olitoria",leafhopper,0,0,2,0,https://www.inaturalist.org/observations/58299204,"2022-06-13 06:45:08"
2428,82487,leafhopper,species,"Ormenoides venusta",leafhopper,0,0,2,0,https://www.inaturalist.org/observations/58298661,"2022-06-13 06:45:08"
2429,82400,leafhopper,genus,Microcentrus,leafhopper,0,0,2,0,https://www.inaturalist.org/observations/58296615,"2022-06-13 06:48:07"
2430,80327,leafhopper,species,"Stictocephala diceros",leafhopper,0,0,2,0,https://www.inaturalist.org/observations/52589472,"2022-06-13 07:30:07"
2431,80314,leafhopper,species,"Orientus ishidae",leafhopper,0,0,2,0,https://www.inaturalist.org/observations/52586209,"2022-06-13 07:30:07"
2432,80072,leafhopper,genus,Cedusa,leafhopper,0,0,2,0,https://www.inaturalist.org/observations/52286616,"2022-06-13 07:36:06"
2433,79946,leafhopper,species,"Jikradia olitoria",leafhopper,0,0,2,0,https://www.inaturalist.org/observations/52177077,"2022-06-13 07:36:07"
2434,79924,leafhopper,genus,Acanalonia,leafhopper,0,0,2,0,https://www.inaturalist.org/observations/52174175,"2022-06-13 07:39:07"
2435,79921,leafhopper,family,Flatidae,leafhopper,0,0,2,0,https://www.inaturalist.org/observations/52173562,"2022-06-13 07:39:07"
2436,79881,leafhopper,species,"Orientus ishidae",leafhopper,0,0,2,0,https://www.inaturalist.org/observations/52167231,"2022-06-13 07:39:07"
2437,79840,leafhopper,species,"Platycotis vittata",leafhopper,0,0,2,0,https://www.inaturalist.org/observations/52052949,"2022-06-13 07:39:07"
2438,79826,leafhopper,family,Flatidae,leafhopper,0,0,2,0,https://www.inaturalist.org/observations/52049927,"2022-06-13 07:39:07"
2439,79669,aphid,family,Flatidae,leafhopper,0,0,2,0,https://www.inaturalist.org/observations/51823968,"2022-06-13 07:42:07"
2440,79504,leafhopper,tribe,Empoascini,leafhopper,0,0,2,0,https://www.inaturalist.org/observations/51724496,"2022-06-13 07:45:06"
2441,79503,leafhopper,family,Flatidae,leafhopper,0,0,2,0,https://www.inaturalist.org/observations/51724266,"2022-06-13 07:45:06"
2442,79494,leafhopper,family,Aphrophoridae,leafhopper,0,0,2,0,https://www.inaturalist.org/observations/51721508,"2022-06-13 07:45:06"
2443,79446,leafhopper,tribe,Macropsini,leafhopper,0,0,2,0,https://www.inaturalist.org/observations/51689276,"2022-06-13 07:48:07"
2444,79366,leafhopper,species,"Ormenoides venusta",leafhopper,0,0,2,0,https://www.inaturalist.org/observations/51581173,"2022-06-13 07:48:07"
2445,79173,leafhopper,species,"Jikradia olitoria",leafhopper,0,0,2,0,https://www.inaturalist.org/observations/51360969,"2022-06-13 07:48:07"
2446,79163,leafhopper,section,Graphocephala,leafhopper,0,0,2,0,https://www.inaturalist.org/observations/51286668,"2022-06-13 07:48:07"
2447,79051,leafhopper,tribe,Empoascini,leafhopper,0,0,2,0,https://www.inaturalist.org/observations/51116656,"2022-06-13 07:51:06"
2448,79047,leafhopper,genus,Clastoptera,leafhopper,0,0,2,0,https://www.inaturalist.org/observations/51101476,"2022-06-13 07:51:06"
2449,78849,leafhopper,species,"Micrutalis calva",leafhopper,0,0,2,0,https://www.inaturalist.org/observations/51011130,"2022-06-13 07:51:06"
2450,78830,leafhopper,tribe,Empoascini,leafhopper,0,0,2,0,https://www.inaturalist.org/observations/51006759,"2022-06-13 07:54:06"
2451,78627,leafhopper,species,"Jikradia olitoria",leafhopper,0,0,2,0,https://www.inaturalist.org/observations/50770760,"2022-06-13 07:54:06"
2452,78623,leafhopper,tribe,Macropsini,leafhopper,0,0,2,0,https://www.inaturalist.org/observations/50769710,"2022-06-13 07:54:06"
2453,78601,leafhopper,species,"Graphocephala coccinea",leafhopper,0,0,3,0,https://www.inaturalist.org/observations/50697544,"2022-06-13 07:57:07"
2454,78574,leafhopper,genus,Alebra,leafhopper,0,0,2,0,https://www.inaturalist.org/observations/50658704,"2022-06-13 07:57:07"
2455,78467,leafhopper,family,Flatidae,leafhopper,0,0,2,0,https://www.inaturalist.org/observations/50577981,"2022-06-13 08:00:07"
2456,77768,beetle,genus,Mystacides,Trichoptera,0,0,4,1,https://www.inaturalist.org/observations/49750492,"2022-06-13 08:09:07"
2457,76123,leafhopper,tribe,Macropsini,leafhopper,0,0,2,0,https://www.inaturalist.org/observations/47507320,"2022-06-13 08:30:06"
2458,75499,unidentified,order,Psocodea,Psocodea,0,0,1,0,https://www.inaturalist.org/observations/45973955,"2022-06-13 08:39:07"
2459,70839,leafhopper,species,"Ormenoides venusta",leafhopper,0,0,2,0,https://www.inaturalist.org/observations/29596502,"2022-06-13 09:18:06"
2460,62154,leafhopper,tribe,Gyponini,leafhopper,0,0,2,0,https://www.inaturalist.org/observations/27283915,"2022-06-06 09:54:07"
2461,62099,leafhopper,family,Membracidae,leafhopper,0,0,2,0,https://www.inaturalist.org/observations/27273228,"2022-06-06 09:54:07"
2462,83258,leafhopper,genus,Eratoneura,leafhopper,0,0,3,0,https://www.inaturalist.org/observations/61590544,"2022-06-13 06:21:08"
2463,83152,truebugs,species,"Zelus luridus",truebugs,0,0,3,1,https://www.inaturalist.org/observations/59703640,"2022-06-13 06:27:07"
2464,77579,daddylonglegs,class,Arachnida,daddylonglegs,0,0,2,1,https://www.inaturalist.org/observations/49473474,"2022-06-13 08:09:07"
2465,83250,caterpillar,genus,Hypena,caterpillar,0,0,2,0,https://www.inaturalist.org/observations/61584827,"2022-06-13 06:21:08"
2466,83199,ant,family,Salticidae,spider,0,0,3,1,https://www.inaturalist.org/observations/60442356,"2022-06-13 06:24:07"
2467,83180,spider,genus,Hentzia,spider,0,0,3,0,https://www.inaturalist.org/observations/60121994,"2022-06-13 06:24:07"
2468,82871,caterpillar,species,"Antheraea polyphemus",caterpillar,0,0,3,0,https://www.inaturalist.org/observations/58319032,"2022-06-13 06:36:07"
2469,82777,caterpillar,genus,Acronicta,caterpillar,0,0,2,0,https://www.inaturalist.org/observations/58316071,"2022-06-13 06:39:08"
2470,82755,caterpillar,complex,"Acronicta increta",caterpillar,0,0,3,0,https://www.inaturalist.org/observations/58314887,"2022-06-13 06:39:08"
2471,82706,caterpillar,species,"Halysidota tessellaris",caterpillar,0,0,3,0,https://www.inaturalist.org/observations/58311941,"2022-06-13 06:42:07"
2472,82699,caterpillar,species,"Antheraea polyphemus",caterpillar,0,0,3,0,https://www.inaturalist.org/observations/58311327,"2022-06-13 06:42:07"
2473,82116,ant,order,Araneae,spider,0,0,4,1,https://www.inaturalist.org/observations/55305603,"2022-06-13 06:57:07"
2474,73001,spider,species,"Lyssomanes viridis",spider,0,0,3,0,https://www.inaturalist.org/observations/32061526,"2022-06-13 09:00:07"
2475,72350,spider,species,"Lyssomanes viridis",spider,0,0,3,0,https://www.inaturalist.org/observations/30877544,"2022-06-13 09:06:07"
2476,72349,spider,species,"Lyssomanes viridis",spider,0,0,3,0,https://www.inaturalist.org/observations/30877396,"2022-06-13 09:06:07"
2477,72346,spider,genus,Tetragnatha,spider,0,0,3,0,https://www.inaturalist.org/observations/30877092,"2022-06-13 09:06:07"
2478,72330,spider,species,"Phidippus putnami",spider,0,0,3,0,https://www.inaturalist.org/observations/30832334,"2022-06-13 09:06:07"
2479,65453,other,species,"Diapheromera femorata",Phasmida,0,0,2,0,https://www.inaturalist.org/observations/28062757,"2022-06-13 09:54:06"
2480,64036,unidentified,order,Hemiptera,truebugs,0,0,1,0,https://www.inaturalist.org/observations/27709503,"2022-06-06 09:36:08"
2481,55557,spider,species,"Lyssomanes viridis",spider,0,0,3,0,https://www.inaturalist.org/observations/25629674,"2022-05-23 09:39:07"
2482,83154,truebugs,species,"Zelus luridus",truebugs,0,0,3,1,https://www.inaturalist.org/observations/59705936,"2022-06-13 06:27:07"
2483,83118,spider,family,Salticidae,spider,0,0,3,1,https://www.inaturalist.org/observations/59594336,"2022-06-13 06:27:07"
2484,78469,fly,family,Chironomidae,fly,0,0,2,0,https://www.inaturalist.org/observations/50578787,"2022-06-13 08:00:07"
2485,82956,ant,order,Araneae,spider,0,0,3,1,https://www.inaturalist.org/observations/58322753,"2022-06-13 06:33:08"
2486,82570,other,species,"Micromus posticus",Neuroptera,0,0,2,0,https://www.inaturalist.org/observations/58307978,"2022-06-13 06:42:07"
2487,82539,other,order,Orthoptera,grasshopper,0,0,1,0,https://www.inaturalist.org/observations/58305675,"2022-06-13 06:45:08"
2488,67388,unidentified,superfamily,Fulgoroidea,leafhopper,0,0,1,0,https://www.inaturalist.org/observations/58279345,"2022-06-13 06:48:07"
2489,1179,unidentified,species,"Necydalis mellita",beetle,0,0,2,0,https://www.inaturalist.org/observations/58226886,"2022-06-13 06:51:07"
2490,83129,leafhopper,family,Cicadellidae,leafhopper,0,0,3,1,https://www.inaturalist.org/observations/59597146,"2022-06-13 06:27:07"
2491,81245,leafhopper,order,Hemiptera,leafhopper,0,0,2,1,https://www.inaturalist.org/observations/53752983,"2022-06-13 07:15:07"
2492,81192,aphid,order,Hemiptera,leafhopper,0,0,2,1,https://www.inaturalist.org/observations/53634910,"2022-06-13 07:18:07"
2493,76673,moths,genus,Clepsis,moths,0,0,2,0,https://www.inaturalist.org/observations/48258919,"2022-06-13 08:21:08"
2494,82365,beetle,family,Chrysopidae,Neuroptera,0,0,4,1,https://www.inaturalist.org/observations/56049983,"2022-06-13 06:51:07"
2495,82334,unidentified,order,Psocodea,Psocodea,0,0,1,0,https://www.inaturalist.org/observations/55960067,"2022-06-13 06:54:06"
2496,79497,truebugs,subfamily,Phylinae,truebugs,0,0,3,0,https://www.inaturalist.org/observations/51722424,"2022-06-13 07:45:06"
2497,79490,truebugs,genus,Plagiognathus,truebugs,0,0,3,0,https://www.inaturalist.org/observations/51720315,"2022-06-13 07:45:06"
2498,83257,fly,family,Sciaridae,fly,0,0,2,0,https://www.inaturalist.org/observations/61589711,"2022-06-13 06:21:08"
2499,82498,spider,family,Dictynidae,spider,0,0,2,0,https://www.inaturalist.org/observations/58300902,"2022-06-13 06:45:08"
2500,82188,beetle,suborder,Heteroptera,truebugs,0,0,3,1,https://www.inaturalist.org/observations/55490225,"2022-06-13 06:54:06"
2501,82186,fly,order,Hymenoptera,bee,0,0,3,1,https://www.inaturalist.org/observations/55489756,"2022-06-13 06:57:07"
2502,82181,other,order,Blattodea,Blattodea,0,0,1,0,https://www.inaturalist.org/observations/55488762,"2022-06-13 06:57:07"
2503,82179,grasshopper,family,Reduviidae,truebugs,0,0,3,1,https://www.inaturalist.org/observations/55488280,"2022-06-13 06:57:07"
2504,82147,grasshopper,species,"Zelus luridus",truebugs,0,0,4,1,https://www.inaturalist.org/observations/55380981,"2022-06-13 06:57:07"
2505,81409,fly,genus,Homoneura,fly,0,0,2,0,https://www.inaturalist.org/observations/53947532,"2022-06-13 07:09:06"
2506,80317,aphid,order,Hemiptera,leafhopper,0,0,2,1,https://www.inaturalist.org/observations/52586724,"2022-06-13 07:30:07"
2507,75143,other,family,Nemouridae,Plecoptera,0,0,2,0,https://www.inaturalist.org/observations/45072793,"2022-06-13 08:42:08"
2508,83240,fly,family,Chironomidae,fly,0,0,2,0,https://www.inaturalist.org/observations/61212471,"2022-06-13 06:21:08"
2509,764,beetle,order,Coleoptera,beetle,0,0,2,0,https://www.inaturalist.org/observations/58226587,"2022-06-13 06:51:07"
2510,81893,leafhopper,family,Chrysopidae,Neuroptera,0,0,3,1,https://www.inaturalist.org/observations/54733258,"2022-06-13 07:03:07"
2511,81887,other,suborder,Hemerobiiformia,Neuroptera,0,0,3,1,https://www.inaturalist.org/observations/54732176,"2022-06-13 07:03:07"
2512,81882,fly,order,Psocodea,Psocodea,0,0,3,1,https://www.inaturalist.org/observations/54730802,"2022-06-13 07:03:07"
2513,81846,fly,order,Hymenoptera,bee,0,0,3,1,https://www.inaturalist.org/observations/54659514,"2022-06-13 07:03:07"
2514,81839,leafhopper,order,Lepidoptera,caterpillar,0,0,3,1,https://www.inaturalist.org/observations/54657710,"2022-06-13 07:03:07"
2515,81836,leafhopper,family,Curculionidae,beetle,0,0,5,1,https://www.inaturalist.org/observations/54657119,"2022-06-13 07:03:07"
2516,81828,beetle,suborder,Heteroptera,truebugs,0,0,4,1,https://www.inaturalist.org/observations/54655458,"2022-06-13 07:03:07"
2517,73014,other,zoosection,Crinocheta,Isopoda,0,0,2,0,https://www.inaturalist.org/observations/32063204,"2022-06-13 08:57:07"
2518,60697,moths,genus,Psyche,moths,0,0,2,0,https://www.inaturalist.org/observations/26973803,"2022-05-30 09:39:06"
2519,10446,other,species,"Armadillidium vulgare",Isopoda,0,0,3,0,https://www.inaturalist.org/observations/17703915,"2021-09-27 09:57:16"
2520,3082,other,genus,Armadillidium,Isopoda,0,0,2,0,https://www.inaturalist.org/observations/17703298,"2021-08-30 09:57:15"
2521,82180,bee,species,"Vespula maculifrons",bee,0,0,4,0,https://www.inaturalist.org/observations/55488539,"2022-06-13 06:57:07"
2522,82076,leafhopper,subclass,Pterygota,fly,0,0,2,1,https://www.inaturalist.org/observations/55203842,"2022-06-13 07:00:07"
2523,81774,leafhopper,order,Psocodea,Psocodea,0,0,3,1,https://www.inaturalist.org/observations/54549462,"2022-06-13 07:06:07"
2524,81739,grasshopper,suborder,Heteroptera,truebugs,0,0,3,1,https://www.inaturalist.org/observations/54515993,"2022-06-13 07:06:07"
2525,81736,fly,order,Psocodea,Psocodea,0,0,3,1,https://www.inaturalist.org/observations/54515575,"2022-06-13 07:09:06"
2526,81731,fly,order,Psocodea,Psocodea,0,0,3,1,https://www.inaturalist.org/observations/54514434,"2022-06-13 07:09:06"
2527,63530,fly,family,Cerambycidae,beetle,0,0,4,1,https://www.inaturalist.org/observations/27652688,"2022-06-06 09:39:09"
2528,83252,spider,genus,Wulfila,spider,0,0,2,0,https://www.inaturalist.org/observations/61586068,"2022-06-13 06:21:08"
2529,83242,spider,family,Salticidae,spider,0,0,2,0,https://www.inaturalist.org/observations/61232061,"2022-06-13 06:21:08"
2530,83224,spider,family,Dictynidae,spider,0,0,2,0,https://www.inaturalist.org/observations/61118680,"2022-06-13 06:21:08"
2531,83212,spider,genus,Hentzia,spider,0,0,2,0,https://www.inaturalist.org/observations/60511683,"2022-06-13 06:24:07"
2532,83198,fly,family,Platypezidae,fly,0,0,2,0,https://www.inaturalist.org/observations/60442003,"2022-06-13 06:24:07"
2533,83187,spider,genus,Eustala,spider,0,0,2,0,https://www.inaturalist.org/observations/60336040,"2022-06-13 06:24:07"
2534,83182,spider,genus,Synemosyna,spider,0,0,2,0,https://www.inaturalist.org/observations/60333821,"2022-06-13 06:24:07"
2535,83176,spider,genus,Wulfila,spider,0,0,2,0,https://www.inaturalist.org/observations/60120351,"2022-06-13 06:24:07"
2536,83168,spider,species,"Pisaurina mira",spider,0,0,3,0,https://www.inaturalist.org/observations/60093689,"2022-06-13 06:24:07"
2537,83151,spider,species,"Pelegrina proterva",spider,0,0,2,0,https://www.inaturalist.org/observations/59703320,"2022-06-13 06:27:07"
2538,83134,spider,family,Dictynidae,spider,0,0,2,0,https://www.inaturalist.org/observations/59598624,"2022-06-13 06:27:07"
2539,83133,spider,family,Dictynidae,spider,0,0,2,0,https://www.inaturalist.org/observations/59598282,"2022-06-13 06:27:07"
2540,83121,spider,genus,Eris,spider,0,0,2,0,https://www.inaturalist.org/observations/59595146,"2022-06-13 06:27:07"
2541,83120,spider,family,Dictynidae,spider,0,0,2,0,https://www.inaturalist.org/observations/59594841,"2022-06-13 06:27:07"
2542,83117,spider,family,Dictynidae,spider,0,0,2,0,https://www.inaturalist.org/observations/59593496,"2022-06-13 06:27:07"
2543,83116,spider,family,Dictynidae,spider,0,0,2,0,https://www.inaturalist.org/observations/59592483,"2022-06-13 06:27:07"
2544,83098,spider,genus,Wulfila,spider,0,0,2,0,https://www.inaturalist.org/observations/59042484,"2022-06-13 06:30:08"
2545,83093,spider,family,Dictynidae,spider,0,0,2,0,https://www.inaturalist.org/observations/59040645,"2022-06-13 06:30:08"
2546,83089,spider,family,Dictynidae,spider,0,0,2,0,https://www.inaturalist.org/observations/59039539,"2022-06-13 06:30:08"
2547,83084,spider,genus,Hentzia,spider,0,0,2,0,https://www.inaturalist.org/observations/58980498,"2022-06-13 06:30:08"
2548,83049,spider,family,Dictynidae,spider,0,0,2,0,https://www.inaturalist.org/observations/58860878,"2022-06-13 06:30:08"
2549,82886,spider,genus,Wulfila,spider,0,0,2,0,https://www.inaturalist.org/observations/58320409,"2022-06-13 06:36:07"
2550,82884,spider,genus,Wulfila,spider,0,0,2,0,https://www.inaturalist.org/observations/58320256,"2022-06-13 06:36:07"
2551,82868,spider,species,"Synema parvulum",spider,0,0,3,0,https://www.inaturalist.org/observations/58318822,"2022-06-13 06:36:07"
2552,82853,spider,species,"Spintharus flavidus",spider,0,0,3,0,https://www.inaturalist.org/observations/58317389,"2022-06-13 06:36:07"
2553,82852,spider,species,"Lyssomanes viridis",spider,0,0,3,0,https://www.inaturalist.org/observations/58317286,"2022-06-13 06:36:07"
2554,82849,spider,species,"Micrathena gracilis",spider,0,0,3,0,https://www.inaturalist.org/observations/58317136,"2022-06-13 06:36:07"
2555,82717,spider,genus,Tetragnatha,spider,0,0,2,0,https://www.inaturalist.org/observations/58312445,"2022-06-13 06:39:08"
2556,82714,spider,family,Dictynidae,spider,0,0,2,0,https://www.inaturalist.org/observations/58312279,"2022-06-13 06:39:08"
2557,82704,spider,genus,Wulfila,spider,0,0,2,0,https://www.inaturalist.org/observations/58311820,"2022-06-13 06:42:07"
2558,82523,spider,genus,Mangora,spider,0,0,2,0,https://www.inaturalist.org/observations/58304620,"2022-06-13 06:45:08"
2559,82489,spider,family,Dictynidae,spider,0,0,2,0,https://www.inaturalist.org/observations/58299052,"2022-06-13 06:45:08"
2560,82351,spider,family,Dictynidae,spider,0,0,2,0,https://www.inaturalist.org/observations/56046074,"2022-06-13 06:54:06"
2561,82349,spider,family,Dictynidae,spider,0,0,2,0,https://www.inaturalist.org/observations/56045108,"2022-06-13 06:54:06"
2562,82348,spider,family,Dictynidae,spider,0,0,2,0,https://www.inaturalist.org/observations/56044865,"2022-06-13 06:54:06"
2563,82216,spider,genus,Tetragnatha,spider,0,0,2,0,https://www.inaturalist.org/observations/55608695,"2022-06-13 06:54:06"
2564,81256,leafhopper,family,Chrysopidae,Neuroptera,0,0,3,1,https://www.inaturalist.org/observations/53756006,"2022-06-13 07:15:07"
2565,81190,spider,genus,Wulfila,spider,0,0,2,0,https://www.inaturalist.org/observations/53630383,"2022-06-13 07:18:07"
2566,81187,spider,genus,Philodromus,spider,0,0,2,0,https://www.inaturalist.org/observations/53628649,"2022-06-13 07:18:07"
2567,81182,spider,species,"Lyssomanes viridis",spider,0,0,3,0,https://www.inaturalist.org/observations/53625468,"2022-06-13 07:18:07"
2568,81181,spider,species,"Leucauge venusta",spider,0,0,2,0,https://www.inaturalist.org/observations/53625156,"2022-06-13 07:18:07"
2569,81146,spider,species,"Verrucosa arenata",spider,0,0,3,0,https://www.inaturalist.org/observations/53608750,"2022-06-13 07:18:07"
2570,81140,leafhopper,order,Lepidoptera,moths,0,0,3,1,https://www.inaturalist.org/observations/53608009,"2022-06-13 07:18:07"
2571,81060,beetle,suborder,Heteroptera,truebugs,0,0,3,1,https://www.inaturalist.org/observations/53509880,"2022-06-13 07:21:06"
2572,80639,spider,genus,Philodromus,spider,0,0,2,0,https://www.inaturalist.org/observations/52958600,"2022-06-13 07:27:07"
2573,80636,spider,genus,Tetragnatha,spider,0,0,2,0,https://www.inaturalist.org/observations/52958310,"2022-06-13 07:27:07"
2574,80149,truebugs,order,Hymenoptera,bee,0,0,3,1,https://www.inaturalist.org/observations/52368841,"2022-06-13 07:33:06"
2575,80111,spider,family,Dictynidae,spider,0,0,2,0,https://www.inaturalist.org/observations/52359383,"2022-06-13 07:33:06"
2576,80011,spider,genus,Mangora,spider,0,0,2,0,https://www.inaturalist.org/observations/52255438,"2022-06-13 07:36:07"
2577,79942,truebugs,family,Miridae,truebugs,0,0,4,1,https://www.inaturalist.org/observations/52176725,"2022-06-13 07:36:07"
2578,79938,spider,species,"Leucauge venusta",spider,0,0,2,0,https://www.inaturalist.org/observations/52176403,"2022-06-13 07:36:07"
2579,79920,grasshopper,suborder,Heteroptera,truebugs,0,0,3,1,https://www.inaturalist.org/observations/52173240,"2022-06-13 07:39:07"
2580,79915,fly,superfamily,Ichneumonoidea,bee,0,0,3,1,https://www.inaturalist.org/observations/52172157,"2022-06-13 07:39:07"
2581,79882,spider,family,Theridiidae,spider,0,0,2,0,https://www.inaturalist.org/observations/52167610,"2022-06-13 07:39:07"
2582,79877,truebugs,order,Orthoptera,grasshopper,0,0,3,1,https://www.inaturalist.org/observations/52088798,"2022-06-13 07:39:07"
2583,79555,beetle,order,Hemiptera,truebugs,0,0,3,1,https://www.inaturalist.org/observations/51792163,"2022-06-13 07:42:07"
2584,79552,fly,order,Hymenoptera,bee,0,0,3,1,https://www.inaturalist.org/observations/51791363,"2022-06-13 07:42:07"
2585,79529,fly,order,Hymenoptera,bee,0,0,3,1,https://www.inaturalist.org/observations/51787060,"2022-06-13 07:45:06"
2586,79501,spider,genus,Eris,spider,0,0,2,0,https://www.inaturalist.org/observations/51723654,"2022-06-13 07:45:06"
2587,79482,beetle,suborder,Heteroptera,truebugs,0,0,3,1,https://www.inaturalist.org/observations/51718315,"2022-06-13 07:45:06"
2588,79453,fly,suborder,Apocrita,bee,0,0,3,1,https://www.inaturalist.org/observations/51690325,"2022-06-13 07:48:07"
2589,79370,spider,species,"Paraphidippus aurantius",spider,0,0,3,0,https://www.inaturalist.org/observations/51582064,"2022-06-13 07:48:07"
2590,79166,beetle,suborder,Heteroptera,truebugs,0,0,3,1,https://www.inaturalist.org/observations/51359359,"2022-06-13 07:48:07"
2591,79135,beetle,order,Hymenoptera,bee,0,0,3,1,https://www.inaturalist.org/observations/51276528,"2022-06-13 07:51:06"
2592,79134,spider,order,Araneae,spider,0,0,2,0,https://www.inaturalist.org/observations/51276159,"2022-06-13 07:51:06"
2593,78484,spider,genus,Theridion,spider,0,0,2,0,https://www.inaturalist.org/observations/50582371,"2022-06-13 07:57:07"
2594,78471,moths,order,Trichoptera,Trichoptera,0,0,3,1,https://www.inaturalist.org/observations/50579664,"2022-06-13 08:00:07"
2595,78459,spider,genus,Theridion,spider,0,0,2,0,https://www.inaturalist.org/observations/50575966,"2022-06-13 08:00:07"
2596,78358,spider,order,Araneae,spider,0,0,2,0,https://www.inaturalist.org/observations/50408758,"2022-06-13 08:00:07"
2597,78197,leafhopper,order,Psocodea,Psocodea,0,0,3,1,https://www.inaturalist.org/observations/50173380,"2022-06-13 08:03:07"
2598,78193,leafhopper,order,Lepidoptera,moths,0,0,3,1,https://www.inaturalist.org/observations/50173068,"2022-06-13 08:03:07"
2599,78028,spider,species,"Micrathena sagittata",spider,0,0,4,0,https://www.inaturalist.org/observations/50053472,"2022-06-13 08:03:07"
2600,77987,spider,species,"Leucauge venusta",spider,0,0,2,0,https://www.inaturalist.org/observations/50048292,"2022-06-13 08:03:07"
2601,77898,spider,family,Dictynidae,spider,0,0,2,0,https://www.inaturalist.org/observations/49944292,"2022-06-13 08:03:07"
2602,77895,spider,family,Dictynidae,spider,0,0,2,0,https://www.inaturalist.org/observations/49942161,"2022-06-13 08:03:07"
2603,77840,spider,order,Araneae,spider,0,0,2,0,https://www.inaturalist.org/observations/49890117,"2022-06-13 08:06:06"
2604,77839,spider,order,Araneae,spider,0,0,2,0,https://www.inaturalist.org/observations/49889864,"2022-06-13 08:06:06"
2605,77799,spider,order,Araneae,spider,0,0,2,0,https://www.inaturalist.org/observations/49864028,"2022-06-13 08:06:06"
2606,77798,spider,order,Araneae,spider,0,0,2,0,https://www.inaturalist.org/observations/49863279,"2022-06-13 08:06:06"
2607,77765,spider,order,Araneae,spider,0,0,2,0,https://www.inaturalist.org/observations/49749319,"2022-06-13 08:09:07"
2608,76875,spider,order,Araneae,spider,0,0,2,0,https://www.inaturalist.org/observations/48456082,"2022-06-13 08:18:08"
2609,75566,fly,family,Berytidae,truebugs,0,0,1,0,https://www.inaturalist.org/observations/46227534,"2022-06-13 08:36:07"
2610,75533,spider,family,Mimetidae,spider,0,0,2,0,https://www.inaturalist.org/observations/46106931,"2022-06-13 08:39:07"
2611,75422,spider,genus,Wulfila,spider,0,0,2,0,https://www.inaturalist.org/observations/45870894,"2022-06-13 08:39:08"
2612,75244,spider,order,Araneae,spider,0,0,2,0,https://www.inaturalist.org/observations/45501439,"2022-06-13 08:39:08"
2613,75068,spider,order,Araneae,spider,0,0,2,0,https://www.inaturalist.org/observations/44978366,"2022-06-13 08:42:08"
2614,75020,spider,order,Araneae,spider,0,0,2,0,https://www.inaturalist.org/observations/44479573,"2022-06-13 08:45:07"
2615,75010,spider,order,Araneae,spider,0,0,2,0,https://www.inaturalist.org/observations/44324386,"2022-06-13 08:45:07"
2616,75008,spider,order,Araneae,spider,0,0,2,0,https://www.inaturalist.org/observations/44324043,"2022-06-13 08:45:07"
2617,74919,spider,order,Araneae,spider,0,0,2,0,https://www.inaturalist.org/observations/43325648,"2022-06-13 08:45:07"
2618,74897,spider,family,Salticidae,spider,0,0,2,0,https://www.inaturalist.org/observations/42773996,"2022-06-13 08:45:07"
2619,74891,spider,genus,Hentzia,spider,0,0,2,0,https://www.inaturalist.org/observations/42773060,"2022-06-13 08:45:07"
2620,74691,spider,order,Araneae,spider,0,0,2,0,https://www.inaturalist.org/observations/41917959,"2022-06-13 08:48:06"
2621,74679,spider,order,Araneae,spider,0,0,2,0,https://www.inaturalist.org/observations/41914705,"2022-06-13 08:48:06"
2622,74678,spider,order,Araneae,spider,0,0,2,0,https://www.inaturalist.org/observations/41914491,"2022-06-13 08:48:06"
2623,74500,spider,species,"Araneus miniatus",spider,0,0,2,0,https://www.inaturalist.org/observations/35958040,"2022-06-13 08:48:06"
2624,74498,spider,species,"Lyssomanes viridis",spider,0,0,3,0,https://www.inaturalist.org/observations/35957829,"2022-06-13 08:48:06"
2625,74497,spider,species,"Lyssomanes viridis",spider,0,0,3,0,https://www.inaturalist.org/observations/35957743,"2022-06-13 08:48:06"
2626,74473,spider,species,"Lyssomanes viridis",spider,0,0,3,0,https://www.inaturalist.org/observations/35681450,"2022-06-13 08:48:06"
2627,74321,spider,species,"Lyssomanes viridis",spider,0,0,3,0,https://www.inaturalist.org/observations/34512275,"2022-06-13 08:48:06"
2628,74056,spider,family,Salticidae,spider,0,0,2,0,https://www.inaturalist.org/observations/33722254,"2022-06-13 08:48:06"
2629,73818,spider,family,Dictynidae,spider,0,0,2,0,https://www.inaturalist.org/observations/33373207,"2022-06-13 08:51:07"
2630,72564,spider,genus,Hentzia,spider,0,0,2,0,https://www.inaturalist.org/observations/31457167,"2022-06-13 09:03:07"
2631,65669,grasshopper,subclass,Collembola,Entomobryomorpha,0,0,2,1,https://www.inaturalist.org/observations/28116417,"2022-06-13 09:51:05"
2632,83167,fly,family,Mycetophilidae,fly,0,0,2,0,https://www.inaturalist.org/observations/60092960,"2022-06-13 06:24:07"
2633,81488,unidentified,family,Pentatomidae,truebugs,0,0,1,0,https://www.inaturalist.org/observations/54167304,"2022-06-13 07:09:06"
2634,78315,bee,subclass,Pterygota,fly,0,0,2,1,https://www.inaturalist.org/observations/50287329,"2022-06-13 08:00:07"
2635,82634,truebugs,tribe,Tingini,truebugs,0,0,2,0,https://www.inaturalist.org/observations/58310098,"2022-06-13 06:42:07"
2636,82515,truebugs,tribe,Tingini,truebugs,0,0,2,0,https://www.inaturalist.org/observations/58303713,"2022-06-13 06:45:08"
2637,82394,truebugs,family,Pentatomidae,truebugs,0,0,2,0,https://www.inaturalist.org/observations/58295877,"2022-06-13 06:48:07"
2638,81384,beetle,superfamily,Sciaroidea,fly,0,0,4,1,https://www.inaturalist.org/observations/53875309,"2022-06-13 07:12:07"
2639,81345,unidentified,family,Cicadidae,leafhopper,0,0,1,0,https://www.inaturalist.org/observations/53840429,"2022-06-13 07:12:07"
2640,75073,other,order,Thysanoptera,Thysanoptera,0,0,1,0,https://www.inaturalist.org/observations/44978078,"2022-06-13 08:42:08"
2641,71497,beetle,species,"Pseudoedophrys hilleri",beetle,0,0,2,0,https://www.inaturalist.org/observations/30006986,"2022-06-13 09:12:06"
2642,43721,other,suborder,Apocrita,bee,0,0,1,0,https://www.inaturalist.org/observations/22622060,"2022-05-23 09:54:07"
2643,43421,unidentified,order,Hymenoptera,bee,0,0,1,0,https://www.inaturalist.org/observations/22522111,"2022-05-23 09:57:07"
2644,12964,unidentified,species,"Rhomphaea fictilium",spider,0,0,2,0,https://www.inaturalist.org/observations/17848830,"2022-05-23 09:57:07"
2645,914,unidentified,family,Pseudococcidae,aphid,0,0,1,0,https://www.inaturalist.org/observations/17848388,"2022-05-16 09:39:08"
2646,194,unidentified,order,Psocodea,Psocodea,0,0,1,0,https://www.inaturalist.org/observations/17848235,"2022-05-16 09:42:06"
2647,42031,beetle,family,Elateridae,beetle,0,0,2,0,https://www.inaturalist.org/observations/17704630,"2022-05-16 09:45:07"
2648,41784,unidentified,order,Blattodea,Blattodea,0,0,1,0,https://www.inaturalist.org/observations/17704565,"2022-05-16 09:45:07"
2649,41778,unidentified,order,Psocodea,Psocodea,0,0,1,0,https://www.inaturalist.org/observations/17704559,"2022-05-16 09:45:07"
2650,41351,unidentified,order,Psocodea,Psocodea,0,0,1,0,https://www.inaturalist.org/observations/17704375,"2022-05-16 09:51:06"
2651,41252,leafhopper,order,Lepidoptera,moths,0,0,3,1,https://www.inaturalist.org/observations/17704344,"2022-05-16 09:51:06"
2652,14505,unidentified,order,Blattodea,Blattodea,0,0,1,0,https://www.inaturalist.org/observations/17704318,"2022-05-16 09:51:06"
2653,13983,unidentified,order,Blattodea,Blattodea,0,0,1,0,https://www.inaturalist.org/observations/17704247,"2022-05-16 09:51:06"
2654,10803,beetle,genus,Cryptocephalus,beetle,0,0,3,0,https://www.inaturalist.org/observations/17703959,"2022-05-16 09:57:07"
2655,83233,spider,family,Dictynidae,spider,0,0,2,0,https://www.inaturalist.org/observations/61122014,"2022-06-13 06:21:08"
2656,83213,spider,order,Araneae,spider,0,0,2,0,https://www.inaturalist.org/observations/60514452,"2022-06-13 06:24:07"
2657,83197,spider,family,Araneidae,spider,0,0,2,0,https://www.inaturalist.org/observations/60344048,"2022-06-13 06:24:07"
2658,83184,spider,family,Salticidae,spider,0,0,2,0,https://www.inaturalist.org/observations/60335041,"2022-06-13 06:24:07"
2659,83150,spider,order,Araneae,spider,0,0,2,0,https://www.inaturalist.org/observations/59702944,"2022-06-13 06:27:07"
2660,83147,fly,zoosubsection,Calyptratae,fly,0,0,2,0,https://www.inaturalist.org/observations/59673808,"2022-06-13 06:27:07"
2661,83139,fly,zoosubsection,Calyptratae,fly,0,0,2,0,https://www.inaturalist.org/observations/59672512,"2022-06-13 06:27:07"
2662,83081,spider,family,Salticidae,spider,0,0,2,0,https://www.inaturalist.org/observations/58978940,"2022-06-13 06:30:08"
2663,82719,spider,genus,Tetragnatha,spider,0,0,2,0,https://www.inaturalist.org/observations/58312591,"2022-06-13 06:39:08"
2664,82628,spider,order,Araneae,spider,0,0,2,0,https://www.inaturalist.org/observations/58309601,"2022-06-13 06:42:07"
2665,82509,spider,family,Dictynidae,spider,0,0,2,0,https://www.inaturalist.org/observations/58302729,"2022-06-13 06:45:08"
2666,82275,spider,order,Araneae,spider,0,0,2,0,https://www.inaturalist.org/observations/55817175,"2022-06-13 06:54:06"
2667,81943,spider,order,Araneae,spider,0,0,1,0,https://www.inaturalist.org/observations/54864951,"2022-06-13 07:00:07"
2668,81721,spider,order,Araneae,spider,0,0,2,0,https://www.inaturalist.org/observations/54448197,"2022-06-13 07:09:06"
2669,81079,spider,order,Araneae,spider,0,0,2,0,https://www.inaturalist.org/observations/53523125,"2022-06-13 07:21:06"
2670,81070,unidentified,genus,Sinea,truebugs,0,0,1,0,https://www.inaturalist.org/observations/53521861,"2022-06-13 07:21:06"
2671,81052,unidentified,suborder,Hemerobiiformia,Neuroptera,0,0,1,0,https://www.inaturalist.org/observations/53485198,"2022-06-13 07:21:06"
2672,80855,spider,family,Salticidae,spider,0,0,2,0,https://www.inaturalist.org/observations/53156677,"2022-06-13 07:21:06"
2673,80838,spider,genus,Hentzia,spider,0,0,2,0,https://www.inaturalist.org/observations/53147722,"2022-06-13 07:21:06"
2674,80821,spider,family,Salticidae,spider,0,0,2,0,https://www.inaturalist.org/observations/53081918,"2022-06-13 07:24:07"
2675,80643,spider,family,Anyphaenidae,spider,0,0,2,0,https://www.inaturalist.org/observations/52959756,"2022-06-13 07:27:07"
2676,79470,spider,family,Araneidae,spider,0,0,2,0,https://www.inaturalist.org/observations/51694322,"2022-06-13 07:45:06"
2677,78023,spider,family,Anyphaenidae,spider,0,0,2,0,https://www.inaturalist.org/observations/50052234,"2022-06-13 08:03:07"
2678,77979,spider,family,Thomisidae,spider,0,0,2,0,https://www.inaturalist.org/observations/50046988,"2022-06-13 08:03:07"
2679,77486,fly,subclass,Pterygota,aphid,0,0,2,1,https://www.inaturalist.org/observations/49129785,"2022-06-13 08:09:07"
2680,76913,leafhopper,subclass,Pterygota,Trichoptera,0,0,2,1,https://www.inaturalist.org/observations/48526965,"2022-06-13 08:18:08"
2681,76142,spider,family,Anyphaenidae,spider,0,0,2,0,https://www.inaturalist.org/observations/47514893,"2022-06-13 08:27:06"
2682,74667,spider,family,Theridiidae,spider,0,0,2,0,https://www.inaturalist.org/observations/46382637,"2022-06-13 08:36:07"
2683,75603,spider,family,Salticidae,spider,0,0,2,0,https://www.inaturalist.org/observations/46280906,"2022-06-13 08:36:07"
2684,74979,spider,family,Salticidae,spider,0,0,2,0,https://www.inaturalist.org/observations/44247677,"2022-06-13 08:45:07"
2685,72331,unidentified,order,Blattodea,Blattodea,0,0,1,0,https://www.inaturalist.org/observations/30832506,"2022-06-13 09:06:07"
2686,72069,unidentified,species,"Zelus luridus",truebugs,0,0,2,0,https://www.inaturalist.org/observations/30501666,"2022-06-13 09:09:06"
2687,72056,unidentified,order,Neuroptera,Neuroptera,0,0,1,0,https://www.inaturalist.org/observations/30494496,"2022-06-13 09:09:06"
2688,71822,unidentified,family,Reduviidae,truebugs,0,0,1,0,https://www.inaturalist.org/observations/30307775,"2022-06-13 09:12:06"
2689,71389,unidentified,genus,Colonus,spider,0,0,2,0,https://www.inaturalist.org/observations/29992254,"2022-06-13 09:12:06"
2690,71333,spider,order,Lepidoptera,caterpillar,0,0,3,1,https://www.inaturalist.org/observations/29934607,"2022-06-13 09:15:06"
2691,67342,unidentified,order,Hemiptera,truebugs,0,0,1,0,https://www.inaturalist.org/observations/28572732,"2022-06-13 09:42:06"
2692,67340,unidentified,order,Hemiptera,truebugs,0,0,1,0,https://www.inaturalist.org/observations/28572563,"2022-06-13 09:42:06"
2693,67339,unidentified,order,Hemiptera,truebugs,0,0,1,0,https://www.inaturalist.org/observations/28572382,"2022-06-13 09:42:06"
2694,64017,unidentified,order,Hemiptera,truebugs,0,0,1,0,https://www.inaturalist.org/observations/27708554,"2022-06-06 09:36:08"
2695,63999,unidentified,order,Hemiptera,truebugs,0,0,1,0,https://www.inaturalist.org/observations/27708122,"2022-06-06 09:36:08"
2696,60930,unidentified,order,Hemiptera,truebugs,0,0,1,0,https://www.inaturalist.org/observations/27101590,"2022-05-30 09:36:07"
2697,55823,unidentified,order,Lepidoptera,caterpillar,0,0,1,0,https://www.inaturalist.org/observations/25675524,"2022-05-23 09:39:07"
2698,55559,spider,suborder,Heteroptera,truebugs,0,0,3,1,https://www.inaturalist.org/observations/25630339,"2022-05-23 09:39:07"
2699,10261,unidentified,order,Entomobryomorpha,Entomobryomorpha,0,0,1,0,https://www.inaturalist.org/observations/17703907,"2021-09-27 09:57:16"
2700,83095,other,genus,Leucochrysa,Neuroptera,0,0,2,0,https://www.inaturalist.org/observations/59041795,"2022-06-13 06:30:08"
2701,408,ant,order,Hymenoptera,bee,0,0,2,1,https://www.inaturalist.org/observations/58226034,"2022-06-13 06:51:07"
2702,81896,unidentified,order,Hemiptera,truebugs,0,0,1,0,https://www.inaturalist.org/observations/54733713,"2022-06-13 07:03:07"
2703,81592,bee,subclass,Pterygota,moths,0,0,2,1,https://www.inaturalist.org/observations/54396241,"2022-06-13 07:09:06"
2704,81135,spider,order,Araneae,spider,0,0,2,0,https://www.inaturalist.org/observations/53606390,"2022-06-13 07:18:07"
2705,80941,unidentified,suborder,Heteroptera,truebugs,0,0,1,0,https://www.inaturalist.org/observations/53363728,"2022-06-13 07:21:06"
2706,80640,spider,family,Thomisidae,spider,0,0,2,0,https://www.inaturalist.org/observations/52958904,"2022-06-13 07:27:07"
2707,78455,truebugs,family,Reduviidae,truebugs,0,0,1,0,https://www.inaturalist.org/observations/50575097,"2022-06-13 08:00:07"
2708,77291,spider,order,Araneae,spider,0,0,2,0,https://www.inaturalist.org/observations/49044957,"2022-06-13 08:12:06"
2709,77218,fly,family,Tipulidae,fly,0,0,1,0,https://www.inaturalist.org/observations/49022180,"2022-06-13 08:15:06"
2710,77161,other,species,"Graphopsocus cruciatus",Psocodea,0,0,2,0,https://www.inaturalist.org/observations/48939425,"2022-06-13 08:15:06"
2711,76516,bee,tribe,Elampini,bee,0,0,2,0,https://www.inaturalist.org/observations/48121871,"2022-06-13 08:24:07"
2712,75739,unidentified,order,Hemiptera,truebugs,0,0,1,0,https://www.inaturalist.org/observations/46850144,"2022-06-13 08:33:07"
2714,73075,spider,family,Dictynidae,spider,0,0,2,0,https://www.inaturalist.org/observations/32106102,"2022-06-13 08:57:07"
2715,73000,spider,genus,Colonus,spider,0,0,2,0,https://www.inaturalist.org/observations/32061396,"2022-06-13 09:00:07"
2716,72560,spider,family,Linyphiidae,spider,0,0,2,0,https://www.inaturalist.org/observations/31456924,"2022-06-13 09:03:07"
2717,72338,spider,species,"Leucauge venusta",spider,0,0,2,0,https://www.inaturalist.org/observations/30875755,"2022-06-13 09:06:07"
2718,67822,spider,species,"Mecynogea lemniscata",spider,0,0,3,0,https://www.inaturalist.org/observations/28675124,"2022-06-13 09:36:06"
2719,67727,spider,species,"Verrucosa arenata",spider,0,0,3,0,https://www.inaturalist.org/observations/28671304,"2022-06-13 09:39:06"
2720,67419,spider,species,"Mangora maculata",spider,0,0,2,0,https://www.inaturalist.org/observations/28587139,"2022-06-13 09:39:06"
2721,66852,spider,species,"Lyssomanes viridis",spider,0,0,3,0,https://www.inaturalist.org/observations/28497523,"2022-06-13 09:45:07"
2722,64087,spider,family,Dictynidae,spider,0,0,2,0,https://www.inaturalist.org/observations/27713447,"2022-06-06 09:36:08"
2723,63792,spider,order,Araneae,spider,0,0,1,0,https://www.inaturalist.org/observations/27695731,"2022-06-06 09:39:09"
2724,63267,spider,species,"Paraphidippus aurantius",spider,0,0,3,0,https://www.inaturalist.org/observations/27633157,"2022-06-06 09:42:07"
2725,60267,spider,genus,Mangora,spider,0,0,2,0,https://www.inaturalist.org/observations/26913380,"2022-05-30 09:45:07"
2726,60217,spider,genus,Wulfila,spider,0,0,2,0,https://www.inaturalist.org/observations/26912092,"2022-05-30 09:45:07"
2727,58851,spider,species,"Micrathena sagittata",spider,0,0,3,0,https://www.inaturalist.org/observations/26557331,"2022-05-30 09:57:07"
2728,57952,spider,genus,Neoscona,spider,0,0,2,0,https://www.inaturalist.org/observations/26414433,"2022-05-23 09:27:08"
2729,57482,spider,species,"Leucauge venusta",spider,0,0,2,0,https://www.inaturalist.org/observations/26333086,"2022-05-23 09:30:09"
2730,56581,spider,species,"Hentzia mitrata",spider,0,0,2,0,https://www.inaturalist.org/observations/26013964,"2022-05-23 09:33:08"
2731,56295,spider,family,Salticidae,spider,0,0,2,0,https://www.inaturalist.org/observations/25939785,"2022-05-23 09:36:11"
2732,55726,spider,species,"Paraphidippus aurantius",spider,0,0,2,0,https://www.inaturalist.org/observations/25673276,"2022-05-23 09:39:07"
2733,54348,spider,genus,Wulfila,spider,0,0,2,0,https://www.inaturalist.org/observations/25209846,"2022-05-23 09:45:08"
2734,83263,spider,subtribe,Dendryphantina,spider,0,0,3,0,https://www.inaturalist.org/observations/61606507,"2022-06-13 06:21:08"
2735,83230,spider,family,Araneidae,spider,0,0,2,0,https://www.inaturalist.org/observations/61121167,"2022-06-13 06:21:08"
2736,83214,spider,suborder,Araneomorphae,spider,0,0,2,0,https://www.inaturalist.org/observations/60514871,"2022-06-13 06:24:07"
2737,83207,spider,suborder,Araneomorphae,spider,0,0,2,0,https://www.inaturalist.org/observations/60510700,"2022-06-13 06:24:07"
2738,83185,spider,suborder,Araneomorphae,spider,0,0,2,0,https://www.inaturalist.org/observations/60335298,"2022-06-13 06:24:07"
2739,83119,spider,family,Dictynidae,spider,0,0,2,0,https://www.inaturalist.org/observations/59594583,"2022-06-13 06:27:07"
2740,83080,spider,suborder,Araneomorphae,spider,0,0,2,0,https://www.inaturalist.org/observations/58978650,"2022-06-13 06:30:08"
2741,83056,spider,genus,Tetragnatha,spider,0,0,2,0,https://www.inaturalist.org/observations/58863185,"2022-06-13 06:30:08"
2742,83004,spider,suborder,Araneomorphae,spider,0,0,2,0,https://www.inaturalist.org/observations/58329716,"2022-06-13 06:30:08"
2743,83003,spider,superfamily,Araneoidea,spider,0,0,2,0,https://www.inaturalist.org/observations/58329525,"2022-06-13 06:33:08"
2744,83002,spider,superfamily,Araneoidea,spider,0,0,2,0,https://www.inaturalist.org/observations/58329285,"2022-06-13 06:33:08"
2745,82998,spider,suborder,Araneomorphae,spider,0,0,2,0,https://www.inaturalist.org/observations/58328581,"2022-06-13 06:33:08"
2746,82882,spider,species,"Yunohamella lyrica",spider,0,0,2,0,https://www.inaturalist.org/observations/58319981,"2022-06-13 06:36:07"
2747,82846,spider,family,Salticidae,spider,0,0,2,0,https://www.inaturalist.org/observations/58316969,"2022-06-13 06:36:07"
2748,82715,spider,suborder,Araneomorphae,spider,0,0,2,0,https://www.inaturalist.org/observations/58312335,"2022-06-13 06:39:08"
2749,82673,spider,family,Salticidae,spider,0,0,2,0,https://www.inaturalist.org/observations/58310865,"2022-06-13 06:42:07"
2750,82502,spider,order,Araneae,spider,0,0,2,0,https://www.inaturalist.org/observations/58301704,"2022-06-13 06:45:08"
2751,82413,spider,family,Araneidae,spider,0,0,2,0,https://www.inaturalist.org/observations/58297593,"2022-06-13 06:48:07"
2752,261,unidentified,superfamily,Sciaroidea,fly,0,0,1,0,https://www.inaturalist.org/observations/58225445,"2022-06-13 06:51:07"
2753,81201,spider,genus,Wulfila,spider,0,0,2,0,https://www.inaturalist.org/observations/53638485,"2022-06-13 07:18:07"
2754,81200,spider,genus,Wulfila,spider,0,0,2,0,https://www.inaturalist.org/observations/53638114,"2022-06-13 07:18:07"
2755,80846,spider,genus,Philodromus,spider,0,0,2,0,https://www.inaturalist.org/observations/53154525,"2022-06-13 07:21:06"
2756,80769,unidentified,suborder,Heteroptera,truebugs,0,0,1,0,https://www.inaturalist.org/observations/53053213,"2022-06-13 07:24:07"
2757,273,spider,species,"Lyssomanes viridis",spider,0,0,3,0,https://www.inaturalist.org/observations/58225833,"2022-06-13 06:51:07"
2758,80318,unidentified,order,Hemiptera,truebugs,0,0,1,0,https://www.inaturalist.org/observations/52587012,"2022-06-13 07:30:07"
2759,80143,spider,suborder,Araneomorphae,spider,0,0,2,0,https://www.inaturalist.org/observations/52367229,"2022-06-13 07:33:06"
2760,79965,unidentified,order,Psocodea,Psocodea,0,0,1,0,https://www.inaturalist.org/observations/52179321,"2022-06-13 07:36:07"
2761,79668,beetle,order,Coleoptera,beetle,0,0,1,0,https://www.inaturalist.org/observations/51823706,"2022-06-13 07:42:07"
2762,79321,leafhopper,order,Hemiptera,truebugs,0,0,1,0,https://www.inaturalist.org/observations/51475845,"2022-06-13 07:48:07"
2763,78921,unidentified,epifamily,Termitoidae,Blattodea,0,0,1,0,https://www.inaturalist.org/observations/51029524,"2022-06-13 07:51:06"
2764,78656,spider,genus,Philodromus,spider,0,0,2,0,https://www.inaturalist.org/observations/50773605,"2022-06-13 07:54:06"
2765,78655,spider,suborder,Araneomorphae,spider,0,0,2,0,https://www.inaturalist.org/observations/50773358,"2022-06-13 07:54:06"
2766,78649,spider,suborder,Araneomorphae,spider,0,0,2,0,https://www.inaturalist.org/observations/50772938,"2022-06-13 07:54:06"
2767,78631,spider,genus,Philodromus,spider,0,0,2,0,https://www.inaturalist.org/observations/50771012,"2022-06-13 07:54:06"
2768,78501,leafhopper,order,Hemiptera,truebugs,0,0,1,0,https://www.inaturalist.org/observations/50583465,"2022-06-13 07:57:07"
2769,78470,spider,suborder,Araneomorphae,spider,0,0,2,0,https://www.inaturalist.org/observations/50579204,"2022-06-13 08:00:07"
2770,77843,spider,genus,Pelegrina,spider,0,0,2,0,https://www.inaturalist.org/observations/49890811,"2022-06-13 08:06:06"
2771,77721,fly,suborder,Apocrita,bee,0,0,1,0,https://www.inaturalist.org/observations/49718735,"2022-06-13 08:09:07"
2772,77654,unidentified,superfamily,Chironomoidea,fly,0,0,1,0,https://www.inaturalist.org/observations/49606075,"2022-06-13 08:09:07"
2773,77577,spider,order,Opiliones,daddylonglegs,0,0,3,1,https://www.inaturalist.org/observations/49472614,"2022-06-13 08:09:07"
2774,77004,unidentified,order,Psocodea,Psocodea,0,0,1,0,https://www.inaturalist.org/observations/48644141,"2022-06-13 08:18:08"
2775,76670,unidentified,suborder,Auchenorrhyncha,leafhopper,0,0,1,0,https://www.inaturalist.org/observations/48258393,"2022-06-13 08:21:08"
2776,76498,unidentified,suborder,Apocrita,bee,0,0,1,0,https://www.inaturalist.org/observations/48115805,"2022-06-13 08:27:06"
2777,76467,truebugs,order,Hemiptera,truebugs,0,0,1,0,https://www.inaturalist.org/observations/48111726,"2022-06-13 08:27:06"
2778,76250,unidentified,order,Hemiptera,truebugs,0,0,1,0,https://www.inaturalist.org/observations/47735460,"2022-06-13 08:27:06"
2779,76196,leafhopper,order,Hemiptera,truebugs,0,0,1,0,https://www.inaturalist.org/observations/47640001,"2022-06-13 08:27:06"
2780,76173,fly,family,Chironomidae,fly,0,0,1,0,https://www.inaturalist.org/observations/47635564,"2022-06-13 08:27:06"
2781,76166,moths,order,Lepidoptera,moths,0,0,1,0,https://www.inaturalist.org/observations/47634006,"2022-06-13 08:27:06"
2782,76160,leafhopper,order,Hemiptera,truebugs,0,0,1,0,https://www.inaturalist.org/observations/47633134,"2022-06-13 08:27:06"
2783,76151,leafhopper,order,Hemiptera,truebugs,0,0,1,0,https://www.inaturalist.org/observations/47630047,"2022-06-13 08:27:06"
2784,75808,unidentified,order,Neuroptera,Neuroptera,0,0,1,0,https://www.inaturalist.org/observations/47049239,"2022-06-13 08:33:07"
2785,75227,moths,order,Trichoptera,Trichoptera,0,0,1,0,https://www.inaturalist.org/observations/45496773,"2022-06-13 08:42:08"
2786,73601,spider,family,Dictynidae,spider,0,0,2,0,https://www.inaturalist.org/observations/33070764,"2022-06-13 08:51:07"
2787,73431,spider,suborder,Araneomorphae,spider,0,0,2,0,https://www.inaturalist.org/observations/32859033,"2022-06-13 08:54:06"
2788,73287,spider,suborder,Araneomorphae,spider,0,0,2,0,https://www.inaturalist.org/observations/32532944,"2022-06-13 08:57:07"
2789,73304,spider,family,Dictynidae,spider,0,0,2,0,https://www.inaturalist.org/observations/32529834,"2022-06-13 08:57:07"
2790,73260,spider,suborder,Araneomorphae,spider,0,0,2,0,https://www.inaturalist.org/observations/32527584,"2022-06-13 08:57:07"
2791,73071,spider,superfamily,Araneoidea,spider,0,0,2,0,https://www.inaturalist.org/observations/32105540,"2022-06-13 08:57:07"
2792,73012,spider,genus,Colonus,spider,0,0,2,0,https://www.inaturalist.org/observations/32062931,"2022-06-13 09:00:07"
2793,73008,spider,genus,Colonus,spider,0,0,2,0,https://www.inaturalist.org/observations/32062543,"2022-06-13 09:00:07"
2794,72999,spider,species,"Lyssomanes viridis",spider,0,0,3,0,https://www.inaturalist.org/observations/32061226,"2022-06-13 09:00:07"
2795,72351,spider,suborder,Araneomorphae,spider,0,0,2,0,https://www.inaturalist.org/observations/30877724,"2022-06-13 09:06:07"
2796,71633,spider,family,Araneidae,spider,0,0,2,0,https://www.inaturalist.org/observations/30046146,"2022-06-13 09:12:06"
2797,71536,spider,suborder,Araneomorphae,spider,0,0,2,0,https://www.inaturalist.org/observations/30042058,"2022-06-13 09:12:06"
2798,71517,spider,suborder,Araneomorphae,spider,0,0,2,0,https://www.inaturalist.org/observations/30040775,"2022-06-13 09:12:06"
2799,71515,spider,suborder,Araneomorphae,spider,0,0,2,0,https://www.inaturalist.org/observations/30040540,"2022-06-13 09:12:06"
2800,70117,beetle,species,"Rhagonycha fulva",beetle,0,0,3,0,https://www.inaturalist.org/observations/29450695,"2022-06-13 09:21:07"
2801,69356,spider,genus,Tmarus,spider,0,0,2,0,https://www.inaturalist.org/observations/29156850,"2022-06-13 09:27:06"
2802,69224,spider,species,"Verrucosa arenata",spider,0,0,3,0,https://www.inaturalist.org/observations/29155413,"2022-06-13 09:27:06"
2803,68937,spider,genus,Neoscona,spider,0,0,2,0,https://www.inaturalist.org/observations/29152635,"2022-06-13 09:30:06"
2804,71636,spider,family,Araneidae,spider,0,0,2,0,https://www.inaturalist.org/observations/29150965,"2022-06-13 09:30:06"
2805,68504,spider,family,Thomisidae,spider,0,0,2,0,https://www.inaturalist.org/observations/28936853,"2022-06-13 09:33:07"
2806,68350,spider,genus,Neoscona,spider,0,0,2,0,https://www.inaturalist.org/observations/28932587,"2022-06-13 09:33:07"
2807,67356,spider,family,Thomisidae,spider,0,0,2,0,https://www.inaturalist.org/observations/28573155,"2022-06-13 09:42:06"
2808,66414,spider,family,Theridiidae,spider,0,0,2,0,https://www.inaturalist.org/observations/28437815,"2022-06-13 09:45:07"
2809,66035,spider,genus,Mangora,spider,0,0,2,0,https://www.inaturalist.org/observations/28227625,"2022-06-13 09:48:06"
2810,66017,spider,species,"Araneus marmoreus",spider,0,0,3,0,https://www.inaturalist.org/observations/28226837,"2022-06-13 09:48:06"
2811,65449,spider,genus,Philodromus,spider,0,0,2,0,https://www.inaturalist.org/observations/28060218,"2022-06-13 09:57:05"
2812,65390,spider,genus,Colonus,spider,0,0,2,0,https://www.inaturalist.org/observations/28057981,"2022-06-13 09:57:05"
2813,65102,spider,genus,Mangora,spider,0,0,2,0,https://www.inaturalist.org/observations/27993401,"2022-06-06 09:27:07"
2814,64908,spider,superfamily,Araneoidea,spider,0,0,2,0,https://www.inaturalist.org/observations/27876576,"2022-06-06 09:27:07"
2815,64830,spider,family,Salticidae,spider,0,0,2,0,https://www.inaturalist.org/observations/27826192,"2022-06-06 09:30:10"
2816,64688,spider,species,"Herpyllus ecclesiasticus",spider,0,0,2,0,https://www.inaturalist.org/observations/27816450,"2022-06-06 09:30:10"
2817,64497,spider,species,"Metepeira labyrinthea",spider,0,0,2,0,https://www.inaturalist.org/observations/27807510,"2022-06-06 09:33:09"
2818,64465,spider,genus,Xysticus,spider,0,0,2,0,https://www.inaturalist.org/observations/27806795,"2022-06-06 09:33:09"
2819,64429,spider,order,Araneae,spider,0,0,1,0,https://www.inaturalist.org/observations/27768732,"2022-06-06 09:33:09"
2820,64362,spider,genus,Colonus,spider,0,0,2,0,https://www.inaturalist.org/observations/27765258,"2022-06-06 09:33:09"
2821,64269,spider,species,"Araniella displicata",spider,0,0,2,0,https://www.inaturalist.org/observations/27757161,"2022-06-06 09:33:09"
2822,64048,spider,suborder,Araneomorphae,spider,0,0,2,0,https://www.inaturalist.org/observations/27711076,"2022-06-06 09:36:08"
2823,64042,spider,family,Mimetidae,spider,0,0,2,0,https://www.inaturalist.org/observations/27710165,"2022-06-06 09:36:08"
2824,63123,spider,suborder,Araneomorphae,spider,0,0,2,0,https://www.inaturalist.org/observations/27584011,"2022-06-06 09:45:09"
2825,62881,spider,genus,Eustala,spider,0,0,2,0,https://www.inaturalist.org/observations/27397615,"2022-06-06 09:45:09"
2826,62522,spider,genus,Wulfila,spider,0,0,2,0,https://www.inaturalist.org/observations/27376492,"2022-06-06 09:48:08"
2827,62350,spider,family,Thomisidae,spider,0,0,2,0,https://www.inaturalist.org/observations/27323349,"2022-06-06 09:51:08"
2828,62177,beetle,species,"Polydrusus formosus",beetle,0,0,3,0,https://www.inaturalist.org/observations/27286300,"2022-06-06 09:54:07"
2829,62145,spider,genus,Philodromus,spider,0,0,2,0,https://www.inaturalist.org/observations/27283453,"2022-06-06 09:54:07"
2830,62143,spider,superfamily,Araneoidea,spider,0,0,2,0,https://www.inaturalist.org/observations/27283084,"2022-06-06 09:54:07"
2831,62139,spider,family,Araneidae,spider,0,0,2,0,https://www.inaturalist.org/observations/27282460,"2022-06-06 09:54:07"
2832,62138,spider,suborder,Araneomorphae,spider,0,0,2,0,https://www.inaturalist.org/observations/27282360,"2022-06-06 09:54:07"
2833,62134,spider,family,Araneidae,spider,0,0,2,0,https://www.inaturalist.org/observations/27282295,"2022-06-06 09:54:07"
2834,61507,spider,family,Araneidae,spider,0,0,2,0,https://www.inaturalist.org/observations/27211747,"2022-05-30 09:33:08"
2835,60694,spider,order,Araneae,spider,0,0,2,0,https://www.inaturalist.org/observations/26971761,"2022-05-30 09:39:06"
2836,60417,spider,genus,Theridion,spider,0,0,2,0,https://www.inaturalist.org/observations/26947761,"2022-05-30 09:42:08"
2837,60409,spider,species,"Metepeira labyrinthea",spider,0,0,2,0,https://www.inaturalist.org/observations/26947592,"2022-05-30 09:42:08"
2838,60402,spider,family,Thomisidae,spider,0,0,2,0,https://www.inaturalist.org/observations/26946674,"2022-05-30 09:42:08"
2839,60379,spider,order,Araneae,spider,0,0,2,0,https://www.inaturalist.org/observations/26920005,"2022-05-30 09:42:08"
2840,60380,spider,superfamily,Araneoidea,spider,0,0,2,0,https://www.inaturalist.org/observations/26919948,"2022-05-30 09:42:08"
2841,59750,spider,family,Pholcidae,spider,0,0,2,0,https://www.inaturalist.org/observations/26815978,"2022-05-30 09:48:08"
2842,58840,spider,order,Araneae,spider,0,0,2,0,https://www.inaturalist.org/observations/26556470,"2022-05-30 09:57:07"
2843,58836,spider,family,Salticidae,spider,0,0,2,0,https://www.inaturalist.org/observations/26556210,"2022-05-30 09:57:07"
2844,58835,spider,family,Salticidae,spider,0,0,2,0,https://www.inaturalist.org/observations/26556145,"2022-05-30 09:57:07"
2845,57648,spider,species,"Lyssomanes viridis",spider,0,0,3,0,https://www.inaturalist.org/observations/26382328,"2022-05-23 09:27:08"
2846,56516,spider,genus,Theridula,spider,0,0,2,0,https://www.inaturalist.org/observations/25999173,"2022-05-23 09:36:10"
2847,55867,spider,family,Anyphaenidae,spider,0,0,2,0,https://www.inaturalist.org/observations/25687102,"2022-05-23 09:39:07"
2848,55554,spider,genus,Tmarus,spider,0,0,2,0,https://www.inaturalist.org/observations/25629492,"2022-05-23 09:39:07"
2849,55360,spider,genus,Philodromus,spider,0,0,2,0,https://www.inaturalist.org/observations/25575565,"2022-05-23 09:42:07"
2850,54375,spider,species,"Uloborus glomosus",spider,0,0,2,0,https://www.inaturalist.org/observations/25210367,"2022-05-23 09:45:08"
2851,53918,spider,species,"Synema parvulum",spider,0,0,3,0,https://www.inaturalist.org/observations/25107944,"2022-05-23 09:48:07"
2852,53285,spider,species,"Lyssomanes viridis",spider,0,0,3,0,https://www.inaturalist.org/observations/24182611,"2022-05-23 09:51:07"
2853,53284,spider,suborder,Araneomorphae,spider,0,0,2,0,https://www.inaturalist.org/observations/24106929,"2022-05-23 09:51:07"
2854,53276,spider,species,"Hibana gracilis",spider,0,0,2,0,https://www.inaturalist.org/observations/24095697,"2022-05-23 09:51:07"
2855,53278,spider,suborder,Araneomorphae,spider,0,0,2,0,https://www.inaturalist.org/observations/24095563,"2022-05-23 09:51:07"
2856,53266,spider,suborder,Araneomorphae,spider,0,0,2,0,https://www.inaturalist.org/observations/24074955,"2022-05-23 09:51:07"
2857,53233,spider,suborder,Araneomorphae,spider,0,0,2,0,https://www.inaturalist.org/observations/23412050,"2022-05-23 09:51:07"
2858,43704,spider,suborder,Araneomorphae,spider,0,0,2,0,https://www.inaturalist.org/observations/22615325,"2022-05-23 09:54:07"
2859,43600,spider,suborder,Araneomorphae,spider,0,0,2,0,https://www.inaturalist.org/observations/22559879,"2022-05-23 09:54:07"
2860,43506,spider,species,"Lyssomanes viridis",spider,0,0,3,0,https://www.inaturalist.org/observations/22527785,"2022-05-23 09:54:07"
2861,43302,spider,suborder,Araneomorphae,spider,0,0,2,0,https://www.inaturalist.org/observations/21876333,"2022-05-23 09:57:07"
2862,43293,spider,suborder,Araneomorphae,spider,0,0,2,0,https://www.inaturalist.org/observations/21876229,"2022-05-23 09:57:07"
2863,43194,spider,species,"Lyssomanes viridis",spider,0,0,3,0,https://www.inaturalist.org/observations/21520165,"2022-05-23 09:57:07"
2864,231,spider,suborder,Araneomorphae,spider,0,0,2,0,https://www.inaturalist.org/observations/17848290,"2022-05-16 09:42:06"
2865,220,other,genus,Philodromus,spider,0,0,2,0,https://www.inaturalist.org/observations/17848277,"2022-05-16 09:42:06"
2866,215,spider,suborder,Araneomorphae,spider,0,0,2,0,https://www.inaturalist.org/observations/17848272,"2022-05-16 09:42:06"
2867,42331,spider,suborder,Araneomorphae,spider,0,0,2,0,https://www.inaturalist.org/observations/17704694,"2022-05-16 09:42:06"
2868,41994,spider,suborder,Araneomorphae,spider,0,0,2,0,https://www.inaturalist.org/observations/17704610,"2022-05-16 09:45:07"
2869,41512,spider,suborder,Araneomorphae,spider,0,0,2,0,https://www.inaturalist.org/observations/17704429,"2022-05-16 09:48:07"
2870,41482,spider,superfamily,Araneoidea,spider,0,0,2,0,https://www.inaturalist.org/observations/17704419,"2022-05-16 09:48:07"
2871,41367,spider,species,"Pisaurina mira",spider,0,0,2,0,https://www.inaturalist.org/observations/17704386,"2022-05-16 09:51:06"
2872,41346,spider,genus,Admestina,spider,0,0,2,0,https://www.inaturalist.org/observations/17704371,"2022-05-16 09:51:06"
2873,14492,spider,genus,Admestina,spider,0,0,2,0,https://www.inaturalist.org/observations/17704316,"2022-05-16 09:51:06"
2874,13978,spider,genus,Colonus,spider,0,0,3,0,https://www.inaturalist.org/observations/17704243,"2022-05-16 09:51:06"
2875,13977,spider,genus,Admestina,spider,0,0,2,0,https://www.inaturalist.org/observations/17704241,"2022-05-16 09:54:08"
2876,13976,spider,superfamily,Araneoidea,spider,0,0,2,0,https://www.inaturalist.org/observations/17704239,"2022-05-16 09:54:08"
2877,13283,spider,family,Salticidae,spider,0,0,2,0,https://www.inaturalist.org/observations/17704140,"2022-05-16 09:54:08"
2878,13279,spider,species,"Lyssomanes viridis",spider,0,0,3,0,https://www.inaturalist.org/observations/17704135,"2022-05-16 09:54:08"
2879,12832,spider,suborder,Araneomorphae,spider,0,0,2,0,https://www.inaturalist.org/observations/17704107,"2022-05-16 09:54:08"
2880,12294,spider,family,Salticidae,spider,0,0,2,0,https://www.inaturalist.org/observations/17704068,"2022-05-16 09:57:07"
2881,11554,spider,suborder,Araneomorphae,spider,0,0,2,0,https://www.inaturalist.org/observations/17704048,"2022-05-16 09:57:07"
2882,10765,spider,genus,Colonus,spider,0,0,3,0,https://www.inaturalist.org/observations/17703952,"2022-05-16 09:57:07"
2883,10754,spider,family,Salticidae,spider,0,0,2,0,https://www.inaturalist.org/observations/17703944,"2022-05-16 09:57:07"
2884,10748,spider,genus,Tetragnatha,spider,0,0,2,0,https://www.inaturalist.org/observations/17703935,"2022-05-16 09:57:07"
2885,9928,spider,genus,Philodromus,spider,0,0,2,0,https://www.inaturalist.org/observations/17703837,"2021-09-27 09:57:16"
2886,9920,spider,family,Theridiidae,spider,0,0,2,0,https://www.inaturalist.org/observations/17703828,"2021-09-20 09:57:11"
2887,9530,spider,suborder,Araneomorphae,spider,0,0,2,0,https://www.inaturalist.org/observations/17703805,"2021-09-20 09:57:11"
2888,9183,spider,genus,Admestina,spider,0,0,2,0,https://www.inaturalist.org/observations/17703786,"2021-09-20 09:57:11"
2889,9164,spider,family,Salticidae,spider,0,0,2,0,https://www.inaturalist.org/observations/17703780,"2021-09-20 09:57:11"
2890,9152,spider,suborder,Araneomorphae,spider,0,0,2,0,https://www.inaturalist.org/observations/17703774,"2021-09-20 09:57:11"
2891,8457,spider,species,"Micrathena gracilis",spider,0,0,3,0,https://www.inaturalist.org/observations/17703692,"2021-09-13 09:57:10"
2892,8431,spider,family,Thomisidae,spider,0,0,2,0,https://www.inaturalist.org/observations/17703691,"2021-09-13 09:57:10"
2893,8335,spider,family,Dictynidae,spider,0,0,2,0,https://www.inaturalist.org/observations/17703667,"2021-09-13 09:57:10"
2894,8245,spider,family,Salticidae,spider,0,0,2,0,https://www.inaturalist.org/observations/17703634,"2021-09-13 09:57:10"
2895,7433,spider,family,Salticidae,spider,0,0,2,0,https://www.inaturalist.org/observations/17703574,"2021-09-13 09:57:10"
2896,5737,spider,genus,Phidippus,spider,0,0,2,0,https://www.inaturalist.org/observations/17703482,"2021-09-06 09:57:33"
2897,5732,spider,species,"Micrathena gracilis",spider,0,0,3,0,https://www.inaturalist.org/observations/17703480,"2021-09-06 09:57:33"
2898,5691,spider,genus,Theridion,spider,0,0,2,0,https://www.inaturalist.org/observations/17703443,"2021-09-06 09:57:33"
2899,4323,spider,family,Thomisidae,spider,0,0,2,0,https://www.inaturalist.org/observations/17703394,"2021-08-30 09:57:15"
2900,3638,spider,species,"Leucauge venusta",spider,0,0,2,0,https://www.inaturalist.org/observations/17703313,"2021-08-30 09:57:15"
2901,2899,spider,species,"Colonus sylvanus",spider,0,0,3,0,https://www.inaturalist.org/observations/17703262,"2021-08-30 09:57:15"
2902,2896,spider,phylum,Arthropoda,truebugs,0,0,2,1,https://www.inaturalist.org/observations/17703259,"2021-08-30 09:57:15"
2903,2621,spider,family,Salticidae,spider,0,0,2,0,https://www.inaturalist.org/observations/17703213,"2021-08-23 09:54:19"
2904,1535,spider,genus,Wulfila,spider,0,0,2,0,https://www.inaturalist.org/observations/17703084,"2021-08-23 09:57:14"
2905,1176,spider,family,Dictynidae,spider,0,0,2,0,https://www.inaturalist.org/observations/17703066,"2021-08-23 09:57:14"
2906,502,spider,species,"Leucauge venusta",spider,0,0,2,0,https://www.inaturalist.org/observations/17702995,"2021-08-16 09:54:15"
2907,496,spider,genus,Wulfila,spider,0,0,2,0,https://www.inaturalist.org/observations/17702979,"2021-08-16 09:54:15"
2908,151,spider,order,Araneae,spider,0,0,2,0,https://www.inaturalist.org/observations/17702844,"2021-08-16 09:57:09"
2909,148,spider,species,"Lyssomanes viridis",spider,0,0,3,0,https://www.inaturalist.org/observations/17702832,"2021-08-16 09:57:09"
2910,80577,unidentified,order,Neuroptera,Neuroptera,0,0,1,0,https://www.inaturalist.org/observations/52820717,"2022-06-13 07:27:07"
2911,73013,spider,superfamily,Thomisoidea,spider,0,0,2,0,https://www.inaturalist.org/observations/32063080,"2022-06-13 09:00:07"
2912,83246,ant,species,"Prenolepis imparis",ant,0,0,2,0,https://www.inaturalist.org/observations/61317650,"2022-06-13 06:21:08"
2913,83140,ant,species,"Prenolepis imparis",ant,0,0,2,0,https://www.inaturalist.org/observations/59672675,"2022-06-13 06:27:07"
2914,83138,ant,species,"Prenolepis imparis",ant,0,0,2,0,https://www.inaturalist.org/observations/59672332,"2022-06-13 06:27:07"
2915,83082,ant,complex,"Formica neogagates-group",ant,0,0,2,0,https://www.inaturalist.org/observations/58979220,"2022-06-13 06:30:08"
2916,83047,ant,subgenus,Myrmentoma,ant,0,0,2,0,https://www.inaturalist.org/observations/58858911,"2022-06-13 06:30:08"
2917,83041,ant,species,"Tapinoma sessile",ant,0,0,2,0,https://www.inaturalist.org/observations/58856691,"2022-06-13 06:30:08"
2918,82992,ant,complex,"Formica fusca",ant,0,0,2,0,https://www.inaturalist.org/observations/58328217,"2022-06-13 06:33:08"
2919,82987,ant,species,"Camponotus pennsylvanicus",ant,0,0,2,0,https://www.inaturalist.org/observations/58327436,"2022-06-13 06:33:08"
2920,82974,ant,genus,Crematogaster,ant,0,0,2,0,https://www.inaturalist.org/observations/58325392,"2022-06-13 06:33:08"
2921,82973,ant,genus,Lasius,ant,0,0,2,0,https://www.inaturalist.org/observations/58325215,"2022-06-13 06:33:08"
2922,82970,ant,species,"Tapinoma sessile",ant,0,0,2,0,https://www.inaturalist.org/observations/58324745,"2022-06-13 06:33:08"
2923,82954,ant,species,"Tapinoma sessile",ant,0,0,2,0,https://www.inaturalist.org/observations/58322524,"2022-06-13 06:33:08"
2924,82951,ant,species,"Camponotus pennsylvanicus",ant,0,0,2,0,https://www.inaturalist.org/observations/58322218,"2022-06-13 06:33:08"
2925,82949,ant,species,"Tapinoma sessile",ant,0,0,2,0,https://www.inaturalist.org/observations/58321973,"2022-06-13 06:33:08"
2926,82947,ant,species,"Lasius americanus",ant,0,0,2,0,https://www.inaturalist.org/observations/58321745,"2022-06-13 06:33:08"
2927,82761,ant,genus,Lasius,ant,0,0,2,0,https://www.inaturalist.org/observations/58315276,"2022-06-13 06:39:08"
2928,82760,ant,complex,"Formica pallidefulva",ant,0,0,2,0,https://www.inaturalist.org/observations/58315138,"2022-06-13 06:39:08"
2929,82759,bee,genus,Lasius,ant,0,0,2,1,https://www.inaturalist.org/observations/58315061,"2022-06-13 06:39:08"
2930,82545,ant,complex,"Formica fusca",ant,0,0,2,0,https://www.inaturalist.org/observations/58306199,"2022-06-13 06:45:08"
2931,82500,ant,genus,Myrmica,ant,0,0,3,0,https://www.inaturalist.org/observations/58301268,"2022-06-13 06:45:08"
2932,82423,ant,species,"Camponotus nearcticus",ant,0,0,3,0,https://www.inaturalist.org/observations/58298505,"2022-06-13 06:45:08"
2933,82420,ant,species,"Camponotus nearcticus",ant,0,0,2,0,https://www.inaturalist.org/observations/58298125,"2022-06-13 06:48:07"
2934,82414,ant,species,"Camponotus pennsylvanicus",ant,0,0,2,0,https://www.inaturalist.org/observations/58297767,"2022-06-13 06:48:07"
2935,82404,ant,complex,"Formica fusca",ant,0,0,2,0,https://www.inaturalist.org/observations/58297422,"2022-06-13 06:48:07"
2936,82369,ant,genus,Lasius,ant,0,0,2,0,https://www.inaturalist.org/observations/58294722,"2022-06-13 06:48:07"
2937,82368,ant,species,"Camponotus pennsylvanicus",ant,0,0,2,0,https://www.inaturalist.org/observations/58294506,"2022-06-13 06:48:07"
2938,82208,ant,species,"Camponotus pennsylvanicus",ant,0,0,2,0,https://www.inaturalist.org/observations/55493755,"2022-06-13 06:54:06"
2939,82200,ant,complex,"Formica fusca",ant,0,0,2,0,https://www.inaturalist.org/observations/55492203,"2022-06-13 06:54:06"
2940,82195,ant,species,"Temnothorax curvispinosus",ant,0,0,2,0,https://www.inaturalist.org/observations/55491006,"2022-06-13 06:54:06"
2941,82176,ant,species,"Camponotus pennsylvanicus",ant,0,0,2,0,https://www.inaturalist.org/observations/55487544,"2022-06-13 06:57:07"
2942,82152,ant,subgenus,Myrmentoma,ant,0,0,2,0,https://www.inaturalist.org/observations/55381324,"2022-06-13 06:57:07"
2943,74501,ant,subclass,Pterygota,Blattodea,0,0,2,1,https://www.inaturalist.org/observations/36107968,"2022-06-13 08:48:06"
2944,64047,other,species,"Philoscia muscorum",Isopoda,0,0,2,0,https://www.inaturalist.org/observations/27710805,"2022-06-06 09:36:08"
2945,83525,ant,species,"Prenolepis imparis",ant,0,0,3,0,https://www.inaturalist.org/observations/74450855,"2022-06-13 06:21:08"
2946,83507,aphid,species,"Lyssomanes viridis",spider,0,0,4,1,https://www.inaturalist.org/observations/74038171,"2022-06-13 06:21:08"
2947,83506,bee,genus,Andrena,bee,0,0,2,0,https://www.inaturalist.org/observations/74037519,"2022-06-13 06:21:08"
2948,82979,fly,family,Sarcophagidae,fly,0,0,2,0,https://www.inaturalist.org/observations/58325914,"2022-06-13 06:33:08"
2949,82972,fly,subfamily,Coenosiinae,fly,0,0,2,0,https://www.inaturalist.org/observations/58325044,"2022-06-13 06:33:08"
2950,82971,fly,superfamily,Muscoidea,fly,0,0,2,0,https://www.inaturalist.org/observations/58324917,"2022-06-13 06:33:08"
2951,82969,fly,family,Anthomyiidae,fly,0,0,2,0,https://www.inaturalist.org/observations/58324589,"2022-06-13 06:33:08"
2952,82851,fly,family,Lauxaniidae,fly,0,0,2,0,https://www.inaturalist.org/observations/58317194,"2022-06-13 06:36:07"
2953,82576,fly,subclass,Pterygota,Psocodea,0,0,2,1,https://www.inaturalist.org/observations/58308385,"2022-06-13 06:42:07"
2954,59072,fly,species,"Eudasyphora cyanicolor",fly,0,0,2,0,https://www.inaturalist.org/observations/58251764,"2022-06-13 06:48:07"
2955,82118,ant,genus,Lasius,ant,0,0,2,0,https://www.inaturalist.org/observations/55322828,"2022-06-13 06:57:07"
2956,81895,ant,subgenus,Myrmentoma,ant,0,0,2,0,https://www.inaturalist.org/observations/54733479,"2022-06-13 07:03:07"
2957,81886,ant,subgenus,Crematogaster,ant,0,0,2,0,https://www.inaturalist.org/observations/54731896,"2022-06-13 07:03:07"
2958,81883,ant,species,"Temnothorax curvispinosus",ant,0,0,2,0,https://www.inaturalist.org/observations/54731041,"2022-06-13 07:03:07"
2959,81859,ant,species,"Camponotus pennsylvanicus",ant,0,0,2,0,https://www.inaturalist.org/observations/54662298,"2022-06-13 07:03:07"
2960,81851,ant,species,"Camponotus pennsylvanicus",ant,0,0,2,0,https://www.inaturalist.org/observations/54660985,"2022-06-13 07:03:07"
2961,81850,ant,species,"Camponotus pennsylvanicus",ant,0,0,2,0,https://www.inaturalist.org/observations/54660657,"2022-06-13 07:03:07"
2962,81849,ant,species,"Temnothorax curvispinosus",ant,0,0,2,0,https://www.inaturalist.org/observations/54660413,"2022-06-13 07:03:07"
2963,81842,ant,species,"Camponotus pennsylvanicus",ant,0,0,2,0,https://www.inaturalist.org/observations/54658621,"2022-06-13 07:03:07"
2964,81813,ant,genus,Lasius,ant,0,0,2,0,https://www.inaturalist.org/observations/54621569,"2022-06-13 07:06:07"
2965,81807,ant,genus,Lasius,ant,0,0,2,0,https://www.inaturalist.org/observations/54620582,"2022-06-13 07:06:07"
2966,81805,ant,genus,Lasius,ant,0,0,2,0,https://www.inaturalist.org/observations/54620169,"2022-06-13 07:06:07"
2967,81778,ant,species,"Camponotus pennsylvanicus",ant,0,0,2,0,https://www.inaturalist.org/observations/54550833,"2022-06-13 07:06:07"
2968,81741,ant,complex,"Formica fusca",ant,0,0,2,0,https://www.inaturalist.org/observations/54516212,"2022-06-13 07:06:07"
2969,81734,ant,subgenus,Myrmentoma,ant,0,0,2,0,https://www.inaturalist.org/observations/54514930,"2022-06-13 07:09:06"
2970,81701,ant,subgenus,Myrmentoma,ant,0,0,2,0,https://www.inaturalist.org/observations/54434026,"2022-06-13 07:09:06"
2971,81695,ant,subgenus,Camponotus,ant,0,0,2,0,https://www.inaturalist.org/observations/54428217,"2022-06-13 07:09:06"
2972,81407,ant,species,"Camponotus nearcticus",ant,0,0,2,0,https://www.inaturalist.org/observations/53946943,"2022-06-13 07:09:06"
2973,81390,ant,species,"Camponotus pennsylvanicus",ant,0,0,2,0,https://www.inaturalist.org/observations/53877099,"2022-06-13 07:12:07"
2974,81388,ant,species,"Camponotus pennsylvanicus",ant,0,0,2,0,https://www.inaturalist.org/observations/53876555,"2022-06-13 07:12:07"
2975,81290,ant,family,Formicidae,ant,0,0,2,0,https://www.inaturalist.org/observations/53830512,"2022-06-13 07:12:07"
2976,81243,ant,order,Araneae,spider,0,0,3,1,https://www.inaturalist.org/observations/53752298,"2022-06-13 07:15:07"
2977,81165,ant,complex,"Formica fusca",ant,0,0,2,0,https://www.inaturalist.org/observations/53612123,"2022-06-13 07:18:07"
2978,81149,ant,subgenus,Myrmentoma,ant,0,0,2,0,https://www.inaturalist.org/observations/53609183,"2022-06-13 07:18:07"
2979,81136,ant,subgenus,Myrmentoma,ant,0,0,2,0,https://www.inaturalist.org/observations/53606773,"2022-06-13 07:18:07"
2980,81120,ant,genus,Dolichoderus,ant,0,0,2,0,https://www.inaturalist.org/observations/53604775,"2022-06-13 07:18:07"
2981,80853,ant,species,"Camponotus nearcticus",ant,0,0,2,0,https://www.inaturalist.org/observations/53156346,"2022-06-13 07:21:06"
2982,80841,ant,subgenus,Crematogaster,ant,0,0,2,0,https://www.inaturalist.org/observations/53148283,"2022-06-13 07:21:06"
2983,80819,ant,complex,"Formica fusca",ant,0,0,2,0,https://www.inaturalist.org/observations/53081590,"2022-06-13 07:24:07"
2984,80816,ant,family,Formicidae,ant,0,0,2,0,https://www.inaturalist.org/observations/53080861,"2022-06-13 07:24:07"
2985,80811,ant,complex,"Formica fusca",ant,0,0,2,0,https://www.inaturalist.org/observations/53080012,"2022-06-13 07:24:07"
2986,80806,ant,complex,"Formica fusca",ant,0,0,2,0,https://www.inaturalist.org/observations/53079383,"2022-06-13 07:24:07"
2987,80803,ant,complex,"Formica pallidefulva",ant,0,0,2,0,https://www.inaturalist.org/observations/53078393,"2022-06-13 07:24:07"
2988,80801,ant,complex,"Formica pallidefulva",ant,0,0,2,0,https://www.inaturalist.org/observations/53078046,"2022-06-13 07:24:07"
2989,80676,fly,genus,Ozodiceromyia,fly,0,0,3,0,https://www.inaturalist.org/observations/53039443,"2022-06-13 07:24:07"
2990,80145,ant,subgenus,Myrmentoma,ant,0,0,2,0,https://www.inaturalist.org/observations/52367825,"2022-06-13 07:33:06"
2991,80142,ant,genus,Formica,ant,0,0,2,0,https://www.inaturalist.org/observations/52366959,"2022-06-13 07:33:06"
2992,80137,ant,subgenus,Myrmentoma,ant,0,0,2,0,https://www.inaturalist.org/observations/52365855,"2022-06-13 07:33:06"
2993,80130,ant,subgenus,Myrmentoma,ant,0,0,3,0,https://www.inaturalist.org/observations/52363642,"2022-06-13 07:33:06"
2994,80126,ant,complex,"Formica neogagates-group",ant,0,0,2,0,https://www.inaturalist.org/observations/52362542,"2022-06-13 07:33:06"
2995,80122,ant,complex,"Formica neogagates-group",ant,0,0,2,0,https://www.inaturalist.org/observations/52361663,"2022-06-13 07:33:06"
2996,80115,ant,subgenus,Crematogaster,ant,0,0,2,0,https://www.inaturalist.org/observations/52360315,"2022-06-13 07:33:06"
2997,80095,ant,subgenus,Myrmentoma,ant,0,0,2,0,https://www.inaturalist.org/observations/52294665,"2022-06-13 07:33:06"
2998,80091,ant,complex,"Formica pallidefulva",ant,0,0,2,0,https://www.inaturalist.org/observations/52293464,"2022-06-13 07:33:06"
2999,80090,ant,family,Formicidae,ant,0,0,2,0,https://www.inaturalist.org/observations/52293234,"2022-06-13 07:33:06"
3000,80079,ant,complex,"Formica neogagates-group",ant,0,0,2,0,https://www.inaturalist.org/observations/52291210,"2022-06-13 07:36:06"
3001,80069,ant,complex,"Formica neogagates-group",ant,0,0,2,0,https://www.inaturalist.org/observations/52285398,"2022-06-13 07:36:06"
3002,79980,ant,genus,Lasius,ant,0,0,2,0,https://www.inaturalist.org/observations/52248776,"2022-06-13 07:36:07"
3003,79976,ant,subgenus,Crematogaster,ant,0,0,2,0,https://www.inaturalist.org/observations/52248211,"2022-06-13 07:36:07"
3004,79968,ant,species,"Lasius neoniger",ant,0,0,2,0,https://www.inaturalist.org/observations/52247514,"2022-06-13 07:36:07"
3005,79714,ant,species,"Lasius neoniger",ant,0,0,2,0,https://www.inaturalist.org/observations/51894956,"2022-06-13 07:42:07"
3006,79563,ant,complex,"Formica pallidefulva",ant,0,0,2,0,https://www.inaturalist.org/observations/51794383,"2022-06-13 07:42:07"
3007,79561,ant,complex,"Formica fusca",ant,0,0,2,0,https://www.inaturalist.org/observations/51793832,"2022-06-13 07:42:07"
3008,79560,ant,subfamily,Formicinae,ant,0,0,2,0,https://www.inaturalist.org/observations/51793591,"2022-06-13 07:42:07"
3009,79557,ant,complex,"Formica fusca",ant,0,0,2,0,https://www.inaturalist.org/observations/51792690,"2022-06-13 07:42:07"
3010,79554,ant,complex,"Formica fusca",ant,0,0,2,0,https://www.inaturalist.org/observations/51791915,"2022-06-13 07:42:07"
3011,79544,ant,subgenus,Crematogaster,ant,0,0,2,0,https://www.inaturalist.org/observations/51788516,"2022-06-13 07:45:06"
3012,79460,ant,complex,"Formica fusca",ant,0,0,2,0,https://www.inaturalist.org/observations/51691926,"2022-06-13 07:48:07"
3013,79449,ant,subgenus,Myrmentoma,ant,0,0,2,0,https://www.inaturalist.org/observations/51689818,"2022-06-13 07:48:07"
3014,79447,ant,genus,Temnothorax,ant,0,0,2,0,https://www.inaturalist.org/observations/51689516,"2022-06-13 07:48:07"
3015,79162,ant,family,Formicidae,ant,0,0,2,0,https://www.inaturalist.org/observations/51286274,"2022-06-13 07:48:07"
3016,79137,ant,complex,"Formica pallidefulva",ant,0,0,2,0,https://www.inaturalist.org/observations/51277393,"2022-06-13 07:51:06"
3017,79018,ant,complex,"Formica pallidefulva",ant,0,0,2,0,https://www.inaturalist.org/observations/51093931,"2022-06-13 07:51:06"
3018,79017,ant,subgenus,Myrmentoma,ant,0,0,2,0,https://www.inaturalist.org/observations/51092974,"2022-06-13 07:51:06"
3019,78943,ant,genus,Lasius,ant,0,0,2,0,https://www.inaturalist.org/observations/51082902,"2022-06-13 07:51:06"
3020,78625,ant,species,"Temnothorax curvispinosus",ant,0,0,2,0,https://www.inaturalist.org/observations/50770296,"2022-06-13 07:54:06"
3021,78620,ant,complex,"Formica fusca",ant,0,0,3,0,https://www.inaturalist.org/observations/50768928,"2022-06-13 07:57:07"
3022,78618,ant,species,"Camponotus pennsylvanicus",ant,0,0,2,0,https://www.inaturalist.org/observations/50768652,"2022-06-13 07:57:07"
3024,78600,ant,subgenus,Myrmentoma,ant,0,0,2,0,https://www.inaturalist.org/observations/50697230,"2022-06-13 07:57:07"
3025,78597,ant,species,"Camponotus pennsylvanicus",ant,0,0,2,0,https://www.inaturalist.org/observations/50696734,"2022-06-13 07:57:07"
3026,78596,ant,genus,Lasius,ant,0,0,2,0,https://www.inaturalist.org/observations/50696454,"2022-06-13 07:57:07"
3027,78593,ant,complex,"Formica fusca",ant,0,0,2,0,https://www.inaturalist.org/observations/50695814,"2022-06-13 07:57:07"
3028,78592,ant,complex,"Formica fusca",ant,0,0,2,0,https://www.inaturalist.org/observations/50695503,"2022-06-13 07:57:07"
3029,78589,ant,complex,"Formica fusca",ant,0,0,2,0,https://www.inaturalist.org/observations/50693759,"2022-06-13 07:57:07"
3030,78587,ant,complex,"Formica fusca",ant,0,0,2,0,https://www.inaturalist.org/observations/50693046,"2022-06-13 07:57:07"
3031,78584,ant,species,"Temnothorax longispinosus",ant,0,0,2,0,https://www.inaturalist.org/observations/50692357,"2022-06-13 07:57:07"
3032,78579,ant,species,"Camponotus pennsylvanicus",ant,0,0,2,0,https://www.inaturalist.org/observations/50691022,"2022-06-13 07:57:07"
3033,78479,ant,species,"Camponotus pennsylvanicus",ant,0,0,2,0,https://www.inaturalist.org/observations/50581105,"2022-06-13 08:00:07"
3034,78478,ant,species,"Camponotus pennsylvanicus",ant,0,0,2,0,https://www.inaturalist.org/observations/50580714,"2022-06-13 08:00:07"
3035,78363,ant,species,"Camponotus pennsylvanicus",ant,0,0,2,0,https://www.inaturalist.org/observations/50410056,"2022-06-13 08:00:07"
3036,78360,ant,complex,"Formica fusca",ant,0,0,2,0,https://www.inaturalist.org/observations/50409365,"2022-06-13 08:00:07"
3037,78359,ant,species,"Camponotus pennsylvanicus",ant,0,0,2,0,https://www.inaturalist.org/observations/50409047,"2022-06-13 08:00:07"
3038,83573,beetle,species,"Cyrtepistomus castaneus",beetle,0,0,3,0,https://www.inaturalist.org/observations/75232546,"2022-06-13 06:18:07"
3039,83555,caterpillar,species,"Amphipyra pyramidoides",caterpillar,0,0,3,0,https://www.inaturalist.org/observations/74983536,"2022-06-13 06:18:07"
3040,83545,caterpillar,family,Noctuidae,caterpillar,0,0,2,0,https://www.inaturalist.org/observations/74942873,"2022-06-13 06:18:07"
3041,83544,caterpillar,family,Geometridae,caterpillar,0,0,2,0,https://www.inaturalist.org/observations/74942545,"2022-06-13 06:18:07"
3042,83542,caterpillar,family,Geometridae,caterpillar,0,0,2,0,https://www.inaturalist.org/observations/74941967,"2022-06-13 06:18:07"
3043,83541,caterpillar,family,Geometridae,caterpillar,0,0,2,0,https://www.inaturalist.org/observations/74941447,"2022-06-13 06:18:07"
3044,83540,spider,order,Opiliones,daddylonglegs,0,0,3,1,https://www.inaturalist.org/observations/74940688,"2022-06-13 06:18:07"
3045,83539,spider,genus,Colonus,spider,0,0,2,0,https://www.inaturalist.org/observations/74935834,"2022-06-13 06:18:07"
3046,83537,spider,order,Opiliones,daddylonglegs,0,0,3,1,https://www.inaturalist.org/observations/74934736,"2022-06-13 06:18:07"
3047,83536,spider,order,Opiliones,daddylonglegs,0,0,3,1,https://www.inaturalist.org/observations/74933331,"2022-06-13 06:18:07"
3048,83534,caterpillar,family,Geometridae,caterpillar,0,0,2,0,https://www.inaturalist.org/observations/74933131,"2022-06-13 06:18:07"
3049,83532,spider,species,"Hentzia palmarum",spider,0,0,3,0,https://www.inaturalist.org/observations/74932667,"2022-06-13 06:21:08"
3050,83531,spider,genus,Colonus,spider,0,0,2,0,https://www.inaturalist.org/observations/74932436,"2022-06-13 06:21:08"
3051,83530,spider,genus,Philodromus,spider,0,0,3,0,https://www.inaturalist.org/observations/74931298,"2022-06-13 06:21:08"
3052,83528,ant,family,Formicidae,ant,0,0,2,0,https://www.inaturalist.org/observations/74454896,"2022-06-13 06:21:08"
3053,83527,fly,family,Chironomidae,fly,0,0,2,0,https://www.inaturalist.org/observations/74454511,"2022-06-13 06:21:08"
3054,83526,fly,genus,Tipula,fly,0,0,2,0,https://www.inaturalist.org/observations/74454108,"2022-06-13 06:21:08"
3055,83523,bee,epifamily,Anthophila,bee,0,0,2,0,https://www.inaturalist.org/observations/74444050,"2022-06-13 06:21:08"
3056,82614,other,species,"Philoscia muscorum",Isopoda,0,0,2,0,https://www.inaturalist.org/observations/58309509,"2022-06-13 06:42:07"
3057,82559,truebugs,order,Hemiptera,leafhopper,0,0,2,1,https://www.inaturalist.org/observations/58307339,"2022-06-13 06:42:07"
3058,76894,fly,genus,Rivellia,fly,0,0,2,0,https://www.inaturalist.org/observations/48468363,"2022-06-13 08:18:08"
3059,76764,bee,genus,Craterocercus,bee,0,1,3,1,https://www.inaturalist.org/observations/48333277,"2022-06-13 08:21:08"
3060,76762,bee,genus,Acordulecera,bee,0,1,3,1,https://www.inaturalist.org/observations/48332759,"2022-06-13 08:21:08"
3061,76129,bee,genus,Craterocercus,bee,0,1,2,1,https://www.inaturalist.org/observations/47508878,"2022-06-13 08:30:06"
3062,83638,ant,subfamily,Formicinae,ant,0,0,2,0,https://www.inaturalist.org/observations/76754313,"2022-06-13 06:18:07"
3063,83632,fly,family,Chironomidae,fly,0,0,2,0,https://www.inaturalist.org/observations/76646988,"2022-06-13 06:18:07"
3064,83584,bee,suborder,Nematocera,fly,0,0,3,1,https://www.inaturalist.org/observations/75423860,"2022-06-13 06:18:07"
3065,83576,fly,family,Chironomidae,fly,0,0,2,0,https://www.inaturalist.org/observations/75234068,"2022-06-13 06:18:07"
3066,83747,ant,subgenus,Myrmentoma,ant,0,0,3,0,https://www.inaturalist.org/observations/78148659,"2022-06-13 06:15:07"
3067,83746,ant,tribe,Lasiini,ant,0,0,3,0,https://www.inaturalist.org/observations/78147920,"2022-06-13 06:15:07"
3068,83709,unidentified,species,"Forficula auricularia",Dermaptera,0,0,2,0,https://www.inaturalist.org/observations/78107822,"2022-06-13 06:15:07"
3069,83702,beetle,subfamily,Bruchinae,beetle,0,0,2,0,https://www.inaturalist.org/observations/78105428,"2022-06-13 06:15:07"
3070,83667,daddylonglegs,order,Opiliones,daddylonglegs,0,0,2,0,https://www.inaturalist.org/observations/77458287,"2022-06-13 06:15:07"
3071,83664,spider,genus,Wulfila,spider,0,0,2,0,https://www.inaturalist.org/observations/77453269,"2022-06-13 06:15:07"
3072,83663,spider,species,"Synema parvulum",spider,0,0,3,0,https://www.inaturalist.org/observations/77452605,"2022-06-13 06:15:07"
3073,83660,daddylonglegs,order,Opiliones,daddylonglegs,0,0,2,0,https://www.inaturalist.org/observations/77450752,"2022-06-13 06:15:07"
3074,83659,spider,genus,Hentzia,spider,0,0,2,0,https://www.inaturalist.org/observations/77450426,"2022-06-13 06:15:07"
3075,83658,daddylonglegs,order,Opiliones,daddylonglegs,0,0,2,0,https://www.inaturalist.org/observations/77449898,"2022-06-13 06:15:07"
3076,83656,spider,species,"Lupettiana mordax",spider,0,0,2,0,https://www.inaturalist.org/observations/77448673,"2022-06-13 06:15:07"
3077,83655,spider,species,"Leucauge venusta",spider,0,0,3,0,https://www.inaturalist.org/observations/77444262,"2022-06-13 06:18:07"
3078,83647,ant,species,"Prenolepis imparis",ant,0,0,2,0,https://www.inaturalist.org/observations/77321724,"2022-06-13 06:18:07"
3079,83645,ant,species,"Prenolepis imparis",ant,0,0,2,0,https://www.inaturalist.org/observations/77320529,"2022-06-13 06:18:07"
3080,83644,ant,species,"Prenolepis imparis",ant,0,0,2,0,https://www.inaturalist.org/observations/77318739,"2022-06-13 06:18:07"
3081,83643,fly,family,Chloropidae,fly,0,0,2,0,https://www.inaturalist.org/observations/77317085,"2022-06-13 06:18:07"
3082,80527,bee,genus,Arge,bee,0,1,2,1,https://www.inaturalist.org/observations/52704244,"2022-06-13 07:27:07"
3083,77892,ant,subgenus,Myrmentoma,ant,0,0,2,0,https://www.inaturalist.org/observations/49941454,"2022-06-13 08:03:07"
3084,77888,ant,subgenus,Myrmentoma,ant,0,0,2,0,https://www.inaturalist.org/observations/49940733,"2022-06-13 08:03:07"
3085,77869,ant,subgenus,Crematogaster,ant,0,0,2,0,https://www.inaturalist.org/observations/49895539,"2022-06-13 08:06:06"
3086,77848,ant,family,Formicidae,ant,0,0,2,0,https://www.inaturalist.org/observations/49891733,"2022-06-13 08:06:06"
3087,77837,ant,species,"Prenolepis imparis",ant,0,0,3,0,https://www.inaturalist.org/observations/49889350,"2022-06-13 08:06:06"
3088,77834,ant,subgenus,Crematogaster,ant,0,0,2,0,https://www.inaturalist.org/observations/49888811,"2022-06-13 08:06:06"
3089,77802,ant,subfamily,Formicinae,ant,0,0,2,0,https://www.inaturalist.org/observations/49865049,"2022-06-13 08:06:06"
3090,41774,unidentified,order,Blattodea,Blattodea,0,0,1,0,https://www.inaturalist.org/observations/17704545,"2022-05-16 09:45:07"
3091,84084,beetle,species,"Synolabus nigripes",beetle,0,0,2,0,https://www.inaturalist.org/observations/78899127,"2022-06-13 06:12:06"
3092,84088,beetle,family,Elateridae,beetle,0,0,2,0,https://www.inaturalist.org/observations/78835849,"2022-06-13 06:12:06"
3093,84044,truebugs,species,"Zelus luridus",truebugs,0,0,3,0,https://www.inaturalist.org/observations/78827284,"2022-06-13 06:12:06"
3094,83940,beetle,family,Elateridae,beetle,0,0,2,0,https://www.inaturalist.org/observations/78486592,"2022-06-13 06:12:06"
3095,83930,beetle,species,"Pterocolus ovatus",beetle,0,0,3,0,https://www.inaturalist.org/observations/78481705,"2022-06-13 06:12:06"
3096,83913,bee,superfamily,Chalcidoidea,bee,0,0,2,0,https://www.inaturalist.org/observations/78455998,"2022-06-13 06:12:06"
3097,83912,bee,genus,Nomada,bee,0,0,3,0,https://www.inaturalist.org/observations/78455762,"2022-06-13 06:12:06"
3098,83868,caterpillar,family,Geometridae,caterpillar,0,0,2,0,https://www.inaturalist.org/observations/78386959,"2022-06-13 06:15:07"
3099,83856,spider,genus,Hentzia,spider,0,0,2,0,https://www.inaturalist.org/observations/78373472,"2022-06-13 06:15:07"
3100,83847,caterpillar,species,"Amphipyra pyramidoides",caterpillar,0,0,2,0,https://www.inaturalist.org/observations/78368926,"2022-06-13 06:15:07"
3101,83806,leafhopper,superfamily,Membracoidea,leafhopper,0,0,2,0,https://www.inaturalist.org/observations/78272461,"2022-06-13 06:15:07"
3102,83764,leafhopper,species,"Jikradia olitoria",leafhopper,0,0,3,0,https://www.inaturalist.org/observations/78251803,"2022-06-13 06:15:07"
3103,83745,spider,genus,Anyphaena,spider,0,0,2,0,https://www.inaturalist.org/observations/78147396,"2022-06-13 06:15:07"
3104,83666,spider,species,"Lyssomanes viridis",spider,0,0,4,0,https://www.inaturalist.org/observations/77457853,"2022-06-13 06:15:07"
3105,81719,bee,superfamily,Ichneumonoidea,bee,0,0,2,0,https://www.inaturalist.org/observations/54447025,"2022-06-13 07:09:06"
3106,85152,beetle,species,"Harmonia axyridis",beetle,1,0,4,0,https://www.inaturalist.org/observations/79948587,"2022-06-13 06:00:08"
3107,85027,beetle,subfamily,Entiminae,beetle,0,0,2,0,https://www.inaturalist.org/observations/79678352,"2022-06-13 06:03:07"
3108,84908,truebugs,genus,Corythucha,truebugs,0,0,2,0,https://www.inaturalist.org/observations/79647765,"2022-06-13 06:03:07"
3109,84902,leafhopper,species,"Graphocephala coccinea",leafhopper,0,0,3,0,https://www.inaturalist.org/observations/79647441,"2022-06-13 06:03:07"
3110,84891,spider,species,"Leucauge venusta",spider,0,0,3,0,https://www.inaturalist.org/observations/79646113,"2022-06-13 06:03:07"
3111,84877,other,family,Chrysopidae,Neuroptera,0,0,1,0,https://www.inaturalist.org/observations/79644433,"2022-06-13 06:03:07"
3112,84862,unidentified,order,Psocodea,Psocodea,0,0,1,0,https://www.inaturalist.org/observations/79642938,"2022-06-13 06:03:07"
3113,84844,bee,superfamily,Chalcidoidea,bee,0,0,1,0,https://www.inaturalist.org/observations/79641408,"2022-06-13 06:03:07"
3114,84756,spider,species,"Lyssomanes viridis",spider,0,0,3,0,https://www.inaturalist.org/observations/79534550,"2022-06-13 06:03:07"
3115,84754,unidentified,suborder,Heteroptera,truebugs,0,0,1,0,https://www.inaturalist.org/observations/79532664,"2022-06-13 06:03:07"
3116,84751,unidentified,species,"Thionia bullata",leafhopper,0,0,2,0,https://www.inaturalist.org/observations/79531578,"2022-06-13 06:03:07"
3117,84748,unidentified,family,Mordellidae,beetle,0,0,2,0,https://www.inaturalist.org/observations/79530967,"2022-06-13 06:03:07"
3118,84716,leafhopper,subgenus,Gyponana,leafhopper,0,0,2,0,https://www.inaturalist.org/observations/79519687,"2022-06-13 06:06:14"
3119,84624,unidentified,genus,Oecanthus,grasshopper,0,0,2,0,https://www.inaturalist.org/observations/79424202,"2022-06-13 06:06:14"
3120,84622,beetle,genus,Brachys,beetle,0,0,3,0,https://www.inaturalist.org/observations/79423901,"2022-06-13 06:06:14"
3121,84621,bee,subtribe,Crabronina,bee,0,0,3,0,https://www.inaturalist.org/observations/79423618,"2022-06-13 06:06:14"
3122,84606,beetle,species,"Synolabus bipustulatus",beetle,0,0,3,0,https://www.inaturalist.org/observations/79418417,"2022-06-13 06:06:14"
3123,84568,spider,species,"Hentzia mitrata",spider,0,0,3,0,https://www.inaturalist.org/observations/79407650,"2022-06-13 06:06:14"
3124,84547,truebugs,species,"Zelus luridus",truebugs,0,0,3,0,https://www.inaturalist.org/observations/79400443,"2022-06-13 06:06:14"
3125,84536,fly,family,Bibionidae,fly,0,0,2,0,https://www.inaturalist.org/observations/79393121,"2022-06-13 06:06:14"
3126,84534,beetle,family,Cantharidae,beetle,0,0,2,0,https://www.inaturalist.org/observations/79392728,"2022-06-13 06:06:14"
3127,84533,spider,family,Dictynidae,spider,0,0,3,0,https://www.inaturalist.org/observations/79392408,"2022-06-13 06:06:14"
3128,84521,aphid,family,Aphididae,aphid,0,0,3,1,https://www.inaturalist.org/observations/79298781,"2022-06-13 06:06:14"
3129,84513,leafhopper,genus,Bandara,leafhopper,0,0,3,0,https://www.inaturalist.org/observations/79285044,"2022-06-13 06:06:14"
3130,84503,other,species,"Hyla cinerea",Anura,0,0,2,0,https://www.inaturalist.org/observations/79284105,"2022-06-13 06:06:14"
3131,84483,beetle,species,"Harmonia axyridis",beetle,1,0,3,0,https://www.inaturalist.org/observations/79281691,"2022-06-13 06:09:06"
3132,84466,fly,genus,Macrocera,fly,0,0,2,0,https://www.inaturalist.org/observations/79278120,"2022-06-13 06:09:06"
3133,84446,leafhopper,species,"Graphocephala coccinea",leafhopper,0,0,3,0,https://www.inaturalist.org/observations/79276770,"2022-06-13 06:09:06"
3134,84318,truebugs,species,"Zelus luridus",truebugs,0,0,2,0,https://www.inaturalist.org/observations/79267102,"2022-06-13 06:09:06"
3135,84295,beetle,order,Thysanoptera,Thysanoptera,0,0,3,1,https://www.inaturalist.org/observations/79185564,"2022-06-13 06:09:06"
3136,84272,beetle,subclass,Pterygota,Neuroptera,0,0,2,1,https://www.inaturalist.org/observations/79179454,"2022-06-13 06:09:06"
3137,84209,beetle,species,"Analeptura lineola",beetle,0,0,3,0,https://www.inaturalist.org/observations/79152498,"2022-06-13 06:12:06"
3138,64035,other,species,"Philoscia muscorum",Isopoda,0,0,2,0,https://www.inaturalist.org/observations/27709327,"2022-06-06 09:36:08"
3139,86660,caterpillar,species,"Phigalia strigataria",caterpillar,0,0,2,0,https://www.inaturalist.org/observations/80822397,"2023-05-01 09:57:06"
3140,86652,caterpillar,species,"Amphipyra pyramidoides",caterpillar,0,0,3,0,https://www.inaturalist.org/observations/80820649,"2023-05-01 09:57:06"
3141,86642,caterpillar,species,"Phigalia strigataria",caterpillar,0,0,2,0,https://www.inaturalist.org/observations/80818938,"2023-05-01 09:57:06"
3142,86631,caterpillar,family,Geometridae,caterpillar,0,0,2,0,https://www.inaturalist.org/observations/80816752,"2023-05-01 09:57:06"
3143,86630,fly,family,Panorpidae,Mecoptera,0,0,5,1,https://www.inaturalist.org/observations/80816486,"2023-05-01 09:57:06"
3144,86628,caterpillar,family,Geometridae,caterpillar,0,0,2,0,https://www.inaturalist.org/observations/80815883,"2023-05-01 09:57:06"
3145,86624,caterpillar,family,Geometridae,caterpillar,0,0,2,0,https://www.inaturalist.org/observations/80814767,"2023-05-01 09:57:06"
3146,86623,caterpillar,superfamily,Noctuoidea,caterpillar,0,0,2,0,https://www.inaturalist.org/observations/80814414,"2023-05-01 09:57:06"
3147,86620,caterpillar,family,Geometridae,caterpillar,0,0,2,0,https://www.inaturalist.org/observations/80813701,"2023-05-01 09:57:06"
3148,86616,caterpillar,family,Geometridae,caterpillar,0,0,2,0,https://www.inaturalist.org/observations/80813113,"2023-05-01 09:57:06"
3149,86611,caterpillar,species,"Amphipyra pyramidoides",caterpillar,0,0,3,0,https://www.inaturalist.org/observations/80811504,"2022-09-26 09:57:05"
3150,86610,caterpillar,species,"Phigalia titea",caterpillar,0,0,3,0,https://www.inaturalist.org/observations/80811180,"2022-09-26 09:57:05"
3151,86605,caterpillar,family,Geometridae,caterpillar,0,0,2,0,https://www.inaturalist.org/observations/80809655,"2022-09-26 09:57:05"
3152,86604,caterpillar,family,Geometridae,caterpillar,0,0,2,0,https://www.inaturalist.org/observations/80809351,"2022-09-26 09:57:05"
3153,86603,caterpillar,family,Geometridae,caterpillar,0,0,2,0,https://www.inaturalist.org/observations/80809006,"2022-09-26 09:57:05"
3154,86600,caterpillar,species,"Phigalia titea",caterpillar,0,0,3,0,https://www.inaturalist.org/observations/80807861,"2022-09-26 09:57:05"
3155,86599,ant,subgenus,Lasius,ant,0,0,2,0,https://www.inaturalist.org/observations/80807581,"2022-09-26 09:57:05"
3156,86598,caterpillar,family,Geometridae,caterpillar,0,0,2,0,https://www.inaturalist.org/observations/80807315,"2022-09-26 09:57:05"
3157,86597,caterpillar,superfamily,Tenthredinoidea,bee,0,1,3,1,https://www.inaturalist.org/observations/80806947,"2022-09-26 09:57:05"
3158,86596,caterpillar,family,Geometridae,caterpillar,0,0,2,0,https://www.inaturalist.org/observations/80806646,"2022-09-26 09:57:05"
3159,86591,caterpillar,family,Geometridae,caterpillar,0,0,2,0,https://www.inaturalist.org/observations/80804691,"2022-09-26 09:57:05"
3160,86581,caterpillar,family,Geometridae,caterpillar,0,0,2,0,https://www.inaturalist.org/observations/80801396,"2022-09-19 09:57:05"
3161,86579,caterpillar,family,Geometridae,caterpillar,0,0,2,0,https://www.inaturalist.org/observations/80800692,"2022-09-19 09:57:05"
3162,86578,caterpillar,species,"Phigalia strigataria",caterpillar,0,0,2,0,https://www.inaturalist.org/observations/80800373,"2022-09-19 09:57:05"
3163,86577,caterpillar,family,Geometridae,caterpillar,0,0,2,0,https://www.inaturalist.org/observations/80800017,"2022-09-19 09:57:05"
3164,86571,caterpillar,family,Geometridae,caterpillar,0,0,2,0,https://www.inaturalist.org/observations/80797518,"2022-09-19 09:57:05"
3165,86566,caterpillar,species,"Phigalia titea",caterpillar,0,0,3,0,https://www.inaturalist.org/observations/80795710,"2022-09-19 09:57:05"
3166,86560,spider,family,Salticidae,spider,0,0,3,0,https://www.inaturalist.org/observations/80776998,"2022-09-19 09:57:05"
3167,86558,fly,infraorder,Tipulomorpha,fly,0,0,2,0,https://www.inaturalist.org/observations/80776490,"2022-09-19 09:57:05"
3168,86556,beetle,order,Coleoptera,beetle,0,0,2,0,https://www.inaturalist.org/observations/80775141,"2022-09-19 09:57:05"
3169,86553,ant,species,"Camponotus castaneus",ant,0,0,3,0,https://www.inaturalist.org/observations/80773571,"2022-09-19 09:57:05"
3170,86551,ant,complex,"Formica fusca",ant,0,0,3,0,https://www.inaturalist.org/observations/80771919,"2022-09-19 09:57:05"
3171,86550,moths,species,"Pyromorpha dimidiata",moths,0,0,3,0,https://www.inaturalist.org/observations/80733716,"2022-09-19 09:57:05"
3172,86484,spider,family,Salticidae,spider,0,0,2,0,https://www.inaturalist.org/observations/80673109,"2022-09-12 09:54:06"
3173,86480,beetle,family,Elateridae,beetle,0,0,2,0,https://www.inaturalist.org/observations/80672168,"2022-09-12 09:54:06"
3174,86475,caterpillar,family,Geometridae,caterpillar,0,0,2,0,https://www.inaturalist.org/observations/80670994,"2022-09-12 09:54:06"
3175,86474,caterpillar,family,Geometridae,caterpillar,0,0,2,0,https://www.inaturalist.org/observations/80670732,"2022-09-12 09:54:06"
3176,86471,caterpillar,family,Geometridae,caterpillar,0,0,2,0,https://www.inaturalist.org/observations/80669802,"2022-09-12 09:57:05"
3177,86469,caterpillar,species,"Phigalia titea",caterpillar,0,0,3,0,https://www.inaturalist.org/observations/80669145,"2022-09-12 09:57:05"
3178,86467,caterpillar,family,Geometridae,caterpillar,0,0,2,0,https://www.inaturalist.org/observations/80668494,"2022-09-12 09:57:05"
3179,86466,caterpillar,family,Geometridae,caterpillar,0,0,2,0,https://www.inaturalist.org/observations/80668148,"2022-09-12 09:57:05"
3180,86465,caterpillar,family,Geometridae,caterpillar,0,0,2,0,https://www.inaturalist.org/observations/80667949,"2022-09-12 09:57:05"
3181,86464,caterpillar,family,Geometridae,caterpillar,0,0,2,0,https://www.inaturalist.org/observations/80667767,"2022-09-12 09:57:05"
3182,86463,caterpillar,family,Geometridae,caterpillar,0,0,2,0,https://www.inaturalist.org/observations/80667562,"2022-09-12 09:57:05"
3183,86462,caterpillar,family,Geometridae,caterpillar,0,0,2,0,https://www.inaturalist.org/observations/80667299,"2022-09-12 09:57:05"
3184,86460,caterpillar,superfamily,Noctuoidea,caterpillar,0,0,2,0,https://www.inaturalist.org/observations/80666644,"2022-09-12 09:57:05"
3185,86452,unidentified,subfamily,Campopleginae,bee,0,0,2,0,https://www.inaturalist.org/observations/80664824,"2022-09-12 09:57:05"
3186,86444,caterpillar,family,Geometridae,caterpillar,0,0,2,0,https://www.inaturalist.org/observations/80662533,"2022-09-12 09:57:05"
3187,86431,beetle,species,"Harmonia axyridis",beetle,0,0,3,0,https://www.inaturalist.org/observations/80639528,"2022-09-12 09:57:05"
3188,86426,moths,species,"Hedya nubiferana",moths,0,0,2,0,https://www.inaturalist.org/observations/80637354,"2022-09-12 09:57:05"
3189,86414,spider,genus,Theridion,spider,0,0,2,0,https://www.inaturalist.org/observations/80625330,"2022-09-05 09:54:05"
3190,86411,truebugs,genus,Lopidea,truebugs,0,0,4,0,https://www.inaturalist.org/observations/80618909,"2022-09-05 09:54:05"
3191,86407,other,species,"Chrysopa nigricornis",Neuroptera,0,0,2,0,https://www.inaturalist.org/observations/80618557,"2022-09-05 09:54:05"
3192,86395,leafhopper,species,"Thionia quinquata",leafhopper,0,0,4,0,https://www.inaturalist.org/observations/80617614,"2022-09-05 09:54:05"
3193,86262,spider,species,"Lyssomanes viridis",spider,0,0,4,0,https://www.inaturalist.org/observations/80609802,"2022-09-05 09:57:06"
3194,86260,spider,species,"Synema parvulum",spider,0,0,3,0,https://www.inaturalist.org/observations/80609211,"2022-09-05 09:57:06"
3195,86193,daddylonglegs,species,"Leiobunum verrucosum",daddylonglegs,0,0,2,0,https://www.inaturalist.org/observations/80535158,"2022-09-05 09:57:06"
3196,86189,leafhopper,genus,Magicicada,leafhopper,0,0,4,0,https://www.inaturalist.org/observations/80532425,"2022-09-05 09:57:06"
3197,86074,fly,genus,Minettia,fly,0,0,2,0,https://www.inaturalist.org/observations/80481438,"2022-09-05 09:57:06"
3198,86018,leafhopper,subgenus,Gyponana,leafhopper,0,0,2,0,https://www.inaturalist.org/observations/80475633,"2022-09-05 09:57:06"
3199,86001,leafhopper,subclass,Pterygota,moths,0,0,2,1,https://www.inaturalist.org/observations/80473349,"2022-09-05 09:57:06"
3200,85988,beetle,family,Elateridae,beetle,0,0,2,0,https://www.inaturalist.org/observations/80396187,"2022-09-05 09:57:06"
3201,85986,beetle,species,"Strophosoma melanogrammum",beetle,0,0,2,0,https://www.inaturalist.org/observations/80395824,"2022-09-05 09:57:06"
3202,85969,caterpillar,species,"Amphipyra pyramidoides",caterpillar,0,0,2,0,https://www.inaturalist.org/observations/80390456,"2022-09-05 09:57:06"
3203,85968,caterpillar,order,Lepidoptera,caterpillar,0,0,1,0,https://www.inaturalist.org/observations/80390069,"2022-09-05 09:57:06"
3204,85951,caterpillar,species,"Amphipyra pyramidoides",caterpillar,0,0,3,0,https://www.inaturalist.org/observations/80387325,"2022-09-05 09:57:06"
3205,85950,bee,suborder,Symphyta,bee,0,1,3,1,https://www.inaturalist.org/observations/80386979,"2022-09-05 09:57:06"
3206,85902,caterpillar,family,Geometridae,caterpillar,0,0,2,0,https://www.inaturalist.org/observations/80379993,"2022-09-05 09:57:06"
3207,85877,caterpillar,family,Geometridae,caterpillar,0,0,2,0,https://www.inaturalist.org/observations/80375018,"2022-08-29 09:54:05"
3208,85873,unidentified,family,Hemerobiidae,Neuroptera,0,0,1,0,https://www.inaturalist.org/observations/80373150,"2022-08-29 09:54:05"
3209,85867,beetle,subfamily,Curculioninae,beetle,0,0,4,0,https://www.inaturalist.org/observations/80371593,"2022-08-29 09:54:05"
3210,85863,unidentified,species,"Graphopsocus cruciatus",Psocodea,0,0,1,0,https://www.inaturalist.org/observations/80368665,"2022-08-29 09:54:05"
3211,85850,caterpillar,suborder,Symphyta,bee,0,1,3,1,https://www.inaturalist.org/observations/80366271,"2022-08-29 09:54:05"
3212,85849,caterpillar,subclass,Pterygota,bee,0,1,2,1,https://www.inaturalist.org/observations/80365973,"2022-08-29 09:54:05"
3213,85848,beetle,species,"Synolabus bipustulatus",beetle,0,0,3,0,https://www.inaturalist.org/observations/80365646,"2022-08-29 09:54:05"
3214,85843,caterpillar,family,Noctuidae,caterpillar,0,0,4,0,https://www.inaturalist.org/observations/80364908,"2022-08-29 09:54:05"
3215,85825,spider,family,Dictynidae,spider,0,0,2,0,https://www.inaturalist.org/observations/80360452,"2022-08-29 09:54:05"
3216,85824,beetle,species,"Strophosoma melanogrammum",beetle,0,0,3,0,https://www.inaturalist.org/observations/80360126,"2022-08-29 09:54:05"
3217,85823,spider,family,Dictynidae,spider,0,0,2,0,https://www.inaturalist.org/observations/80359825,"2022-08-29 09:54:05"
3218,85821,spider,species,"Hentzia mitrata",spider,0,0,3,0,https://www.inaturalist.org/observations/80359530,"2022-08-29 09:54:05"
3219,85813,beetle,family,Mordellidae,beetle,0,0,2,0,https://www.inaturalist.org/observations/80358259,"2022-08-29 09:54:05"
3220,85799,spider,family,Dictynidae,spider,0,0,2,0,https://www.inaturalist.org/observations/80356570,"2022-08-29 09:54:05"
3221,85795,leafhopper,genus,Magicicada,leafhopper,0,0,5,0,https://www.inaturalist.org/observations/80355811,"2022-08-29 09:54:05"
3222,85793,leafhopper,genus,Magicicada,leafhopper,0,0,4,0,https://www.inaturalist.org/observations/80354650,"2022-08-29 09:54:05"
3223,85790,beetle,family,Elateridae,beetle,0,0,2,0,https://www.inaturalist.org/observations/80326328,"2022-08-29 09:54:05"
3224,85592,spider,genus,Cheiracanthium,spider,0,0,2,0,https://www.inaturalist.org/observations/80261942,"2022-08-29 09:57:06"
3225,85519,caterpillar,species,"Lymantria dispar",caterpillar,0,0,3,0,https://www.inaturalist.org/observations/80241622,"2022-08-29 09:57:06"
3226,85516,caterpillar,species,"Lymantria dispar",caterpillar,0,0,3,0,https://www.inaturalist.org/observations/80241278,"2022-08-29 09:57:06"
3227,85508,leafhopper,species,"Oncometopia orbona",leafhopper,0,0,4,0,https://www.inaturalist.org/observations/80240649,"2022-08-29 09:57:06"
3228,85506,truebugs,species,"Hyaliodes vitripennis",truebugs,0,0,3,0,https://www.inaturalist.org/observations/80240350,"2022-08-29 09:57:06"
3229,85450,beetle,family,Elateridae,beetle,0,0,2,0,https://www.inaturalist.org/observations/80237287,"2022-08-29 09:57:06"
3230,85322,caterpillar,family,Syrphidae,fly,0,0,4,1,https://www.inaturalist.org/observations/80140948,"2022-08-29 09:57:06"
3231,85365,beetle,species,"Propylea quatuordecimpunctata",beetle,0,0,4,0,https://www.inaturalist.org/observations/80135302,"2022-08-29 09:57:06"
3232,85364,bee,family,Cynipidae,bee,0,0,2,0,https://www.inaturalist.org/observations/80134843,"2022-08-29 09:57:06"
3233,85356,spider,superfamily,Thomisoidea,spider,0,0,2,0,https://www.inaturalist.org/observations/80130947,"2022-08-29 09:57:06"
3234,85351,truebugs,family,Cantharidae,beetle,0,0,6,1,https://www.inaturalist.org/observations/80116199,"2022-06-13 06:00:08"
3235,85347,beetle,family,Aderidae,beetle,0,0,2,0,https://www.inaturalist.org/observations/80113010,"2022-06-13 06:00:08"
3236,85345,truebugs,class,Insecta,truebugs,0,0,1,0,https://www.inaturalist.org/observations/80112234,"2022-06-13 06:00:08"
3237,85303,ant,subgenus,Myrmentoma,ant,0,0,2,0,https://www.inaturalist.org/observations/80106269,"2022-06-13 06:00:08"
3238,85292,beetle,tribe,Acanthocinini,beetle,0,0,3,0,https://www.inaturalist.org/observations/80104728,"2022-06-13 06:00:08"
3239,85258,leafhopper,species,"Platycotis vittata",leafhopper,0,0,2,0,https://www.inaturalist.org/observations/80100963,"2022-06-13 06:00:08"
3240,85246,beetle,family,Elateridae,beetle,0,0,2,0,https://www.inaturalist.org/observations/80099480,"2022-06-13 06:00:08"
3241,85245,caterpillar,subclass,Pterygota,fly,0,0,2,1,https://www.inaturalist.org/observations/80099182,"2022-06-13 06:00:08"
3242,85064,unidentified,order,Trichoptera,Trichoptera,0,0,1,0,https://www.inaturalist.org/observations/79834418,"2022-06-13 06:03:07"
3243,85060,unidentified,order,Trichoptera,Trichoptera,0,0,1,0,https://www.inaturalist.org/observations/79833061,"2022-06-13 06:03:07"
3244,84814,bee,class,Insecta,bee,0,0,1,0,https://www.inaturalist.org/observations/79639116,"2022-06-13 06:03:07"
3245,84611,caterpillar,subclass,Pterygota,bee,0,1,2,1,https://www.inaturalist.org/observations/79421033,"2022-06-13 06:06:14"
3246,84329,caterpillar,genus,Orgyia,caterpillar,0,0,2,0,https://www.inaturalist.org/observations/79268259,"2022-06-13 06:09:06"
3247,84297,truebugs,family,Curculionidae,beetle,0,0,4,1,https://www.inaturalist.org/observations/79187244,"2022-06-13 06:09:06"
3248,84263,fly,subclass,Pterygota,fly,0,0,2,1,https://www.inaturalist.org/observations/79177408,"2022-06-13 06:09:06"
3249,84262,fly,subclass,Pterygota,fly,0,0,2,1,https://www.inaturalist.org/observations/79177079,"2022-06-13 06:09:06"
3250,83981,caterpillar,genus,Elaphria,caterpillar,0,0,2,0,https://www.inaturalist.org/observations/78594604,"2022-06-13 06:12:06"
3251,83831,caterpillar,subclass,Pterygota,bee,0,1,2,1,https://www.inaturalist.org/observations/78365396,"2022-06-13 06:15:07"
3252,83830,beetle,suborder,Heteroptera,truebugs,0,0,5,1,https://www.inaturalist.org/observations/78365049,"2022-06-13 06:15:07"
3253,6881,other,order,Julida,Julida,0,0,1,0,https://www.inaturalist.org/observations/17703536,"2021-09-06 09:57:33"
3254,88100,fly,order,Diptera,fly,0,0,1,0,https://www.inaturalist.org/observations/81862758,"2023-05-15 09:57:05"
3255,88096,spider,species,"Leucauge venusta",spider,0,0,3,0,https://www.inaturalist.org/observations/81862258,"2023-05-15 09:57:05"
3256,88094,daddylonglegs,order,Opiliones,daddylonglegs,0,0,2,0,https://www.inaturalist.org/observations/81861443,"2023-05-15 09:57:05"
3257,88082,unidentified,genus,Micromus,Neuroptera,0,0,2,0,https://www.inaturalist.org/observations/81860407,"2023-05-15 09:57:05"
3258,88037,truebugs,order,Coleoptera,beetle,0,0,3,1,https://www.inaturalist.org/observations/81853517,"2023-05-08 09:54:05"
3259,87871,spider,genus,Tetragnatha,spider,0,0,2,0,https://www.inaturalist.org/observations/81606285,"2023-05-08 09:54:05"
3260,87858,ant,family,Formicidae,ant,0,0,2,0,https://www.inaturalist.org/observations/81603640,"2023-05-08 09:54:05"
3261,87751,beetle,family,Elateridae,beetle,0,0,3,0,https://www.inaturalist.org/observations/81574284,"2023-05-08 09:54:05"
3262,87726,truebugs,genus,Leptoglossus,truebugs,0,0,3,0,https://www.inaturalist.org/observations/81566368,"2023-05-08 09:54:05"
3263,87722,other,species,"Forficula auricularia",Dermaptera,0,0,3,0,https://www.inaturalist.org/observations/81565601,"2023-05-08 09:54:05"
3264,87694,leafhopper,species,"Thionia quinquata",leafhopper,0,0,3,0,https://www.inaturalist.org/observations/81562617,"2023-05-08 09:54:05"
3265,87685,truebugs,family,Pentatomidae,truebugs,0,0,2,0,https://www.inaturalist.org/observations/81561946,"2023-05-08 09:54:05"
3266,87627,other,complex,"Narceus americanus",Spirobolida,0,0,1,0,https://www.inaturalist.org/observations/81555927,"2023-05-08 09:54:05"
3267,87625,leafhopper,tribe,Nephesini,leafhopper,0,0,2,0,https://www.inaturalist.org/observations/81555632,"2023-05-08 09:54:05"
3268,87611,beetle,species,"Harmonia axyridis",beetle,1,0,3,0,https://www.inaturalist.org/observations/81511851,"2023-05-08 09:54:05"
3269,87590,spider,species,"Paraphidippus aurantius",spider,0,0,4,0,https://www.inaturalist.org/observations/81467104,"2023-05-08 09:57:05"
3270,87482,beetle,superfamily,Elateroidea,beetle,0,0,5,0,https://www.inaturalist.org/observations/81438365,"2023-05-08 09:57:05"
3271,87476,other,order,Coleoptera,beetle,0,0,1,0,https://www.inaturalist.org/observations/81431739,"2023-05-08 09:57:05"
3272,87417,beetle,species,"Harmonia axyridis",beetle,1,0,4,0,https://www.inaturalist.org/observations/81339193,"2023-05-08 09:57:05"
3273,87375,leafhopper,genus,Cedusa,leafhopper,0,0,2,0,https://www.inaturalist.org/observations/81304970,"2023-05-08 09:57:05"
3274,87369,truebugs,genus,Ceratocapsus,truebugs,0,0,3,0,https://www.inaturalist.org/observations/81303889,"2023-05-08 09:57:05"
3275,87368,spider,family,Dictynidae,spider,0,0,2,0,https://www.inaturalist.org/observations/81303461,"2023-05-08 09:57:05"
3276,87362,truebugs,species,"Lechriops oculatus",beetle,0,0,2,0,https://www.inaturalist.org/observations/81302770,"2023-05-08 09:57:05"
3277,87336,bee,superfamily,Chalcidoidea,bee,0,0,2,0,https://www.inaturalist.org/observations/81300197,"2023-05-01 09:48:06"
3278,87328,spider,genus,Philodromus,spider,0,0,2,0,https://www.inaturalist.org/observations/81298392,"2023-05-01 09:48:06"
3279,87315,unidentified,species,"Hyaliodes harti",truebugs,0,0,2,0,https://www.inaturalist.org/observations/81296663,"2023-05-01 09:51:06"
3280,87309,other,species,"Graphopsocus cruciatus",Psocodea,0,0,1,0,https://www.inaturalist.org/observations/81295249,"2023-05-01 09:51:06"
3281,87256,beetle,family,Attelabidae,beetle,0,0,2,0,https://www.inaturalist.org/observations/81219343,"2023-05-01 09:51:06"
3282,87255,ant,species,"Camponotus pennsylvanicus",ant,0,0,2,0,https://www.inaturalist.org/observations/81218846,"2023-05-01 09:51:06"
3283,87238,spider,family,Dictynidae,spider,0,0,2,0,https://www.inaturalist.org/observations/81216975,"2023-05-01 09:51:06"
3284,87236,spider,family,Dictynidae,spider,0,0,2,0,https://www.inaturalist.org/observations/81216237,"2023-05-01 09:51:06"
3285,87069,beetle,species,"Harmonia axyridis",beetle,1,0,3,0,https://www.inaturalist.org/observations/81201199,"2023-05-01 09:51:06"
3286,87058,bee,subfamily,Aphidiinae,bee,0,0,2,0,https://www.inaturalist.org/observations/81200468,"2023-05-01 09:51:06"
3287,86880,caterpillar,family,Geometridae,caterpillar,0,0,2,0,https://www.inaturalist.org/observations/81172579,"2023-05-01 09:51:06"
3288,86877,beetle,family,Cerambycidae,beetle,0,0,2,0,https://www.inaturalist.org/observations/81172238,"2023-05-01 09:51:06"
3289,86809,fly,genus,Condylostylus,fly,0,0,4,0,https://www.inaturalist.org/observations/81110936,"2023-05-01 09:51:06"
3290,86783,beetle,species,"Harmonia axyridis",beetle,1,0,4,0,https://www.inaturalist.org/observations/81096274,"2023-05-01 09:54:13"
3291,86781,unidentified,genus,Agrilus,beetle,0,0,2,0,https://www.inaturalist.org/observations/81095017,"2023-05-01 09:54:13"
3292,86745,caterpillar,species,"Lymantria dispar",caterpillar,0,0,3,0,https://www.inaturalist.org/observations/81088012,"2023-05-01 09:54:13"
3293,86739,caterpillar,species,"Phigalia strigataria",caterpillar,0,0,2,0,https://www.inaturalist.org/observations/81085317,"2023-05-01 09:54:13"
3294,86723,beetle,order,Hemiptera,truebugs,0,0,3,1,https://www.inaturalist.org/observations/81079405,"2023-05-01 09:54:13"
3295,86718,caterpillar,genus,Chionodes,caterpillar,0,0,3,0,https://www.inaturalist.org/observations/81078034,"2023-05-01 09:54:13"
3296,86717,caterpillar,family,Geometridae,caterpillar,0,0,2,0,https://www.inaturalist.org/observations/81077580,"2023-05-01 09:54:13"
3297,86714,caterpillar,family,Geometridae,caterpillar,0,0,2,0,https://www.inaturalist.org/observations/81076724,"2023-05-01 09:54:13"
3298,86699,caterpillar,superfamily,Tortricoidea,caterpillar,0,0,2,0,https://www.inaturalist.org/observations/81071656,"2023-05-01 09:54:13"
3299,86697,caterpillar,species,"Lymantria dispar",caterpillar,0,0,3,0,https://www.inaturalist.org/observations/81070843,"2023-05-01 09:54:13"
3300,86696,caterpillar,family,Geometridae,caterpillar,0,0,2,0,https://www.inaturalist.org/observations/81070397,"2023-05-01 09:57:06"
3301,86686,caterpillar,family,Geometridae,caterpillar,0,0,2,0,https://www.inaturalist.org/observations/81049316,"2023-05-01 09:57:06"
3302,86681,caterpillar,genus,Orthosia,caterpillar,0,0,2,0,https://www.inaturalist.org/observations/81047142,"2023-05-01 09:57:06"
3303,86679,bee,family,Ichneumonidae,bee,0,0,2,0,https://www.inaturalist.org/observations/81046220,"2023-05-01 09:57:06"
3304,86669,caterpillar,family,Lycaenidae,caterpillar,0,0,2,0,https://www.inaturalist.org/observations/81042758,"2023-05-01 09:57:06"
3305,86666,caterpillar,family,Geometridae,caterpillar,0,0,2,0,https://www.inaturalist.org/observations/81042297,"2023-05-01 09:57:06"
3306,86661,caterpillar,superfamily,Tortricoidea,caterpillar,0,0,2,0,https://www.inaturalist.org/observations/81040713,"2023-05-01 09:57:06"
3307,86609,caterpillar,suborder,Symphyta,bee,0,1,3,1,https://www.inaturalist.org/observations/80810933,"2022-09-26 09:57:05"
3308,86436,bee,subgenus,Dialictus,bee,0,0,4,0,https://www.inaturalist.org/observations/80641494,"2022-09-12 09:57:05"
3309,86434,bee,subfamily,Aphidiinae,bee,0,0,2,0,https://www.inaturalist.org/observations/80640920,"2022-09-12 09:57:05"
3310,86432,leafhopper,genus,Oncopsis,leafhopper,0,0,2,0,https://www.inaturalist.org/observations/80639887,"2022-09-12 09:57:05"
3311,86417,leafhopper,genus,Idiocerus,leafhopper,0,0,2,0,https://www.inaturalist.org/observations/80633540,"2022-09-12 09:57:05"
3312,85636,unidentified,order,Symphypleona,Symphypleona,0,0,1,0,https://www.inaturalist.org/observations/80264781,"2022-08-29 09:57:06"
3313,85294,leafhopper,species,"Homalodisca vitripennis",leafhopper,0,0,3,0,https://www.inaturalist.org/observations/80105070,"2022-06-13 06:00:08"
3314,89672,leafhopper,species,"Orientus ishidae",leafhopper,0,0,2,0,https://www.inaturalist.org/observations/82727869,"2023-05-15 09:36:07"
3315,89669,bee,genus,Agapostemon,bee,0,0,2,0,https://www.inaturalist.org/observations/82726599,"2023-05-15 09:36:07"
3316,89668,bee,subgenus,Dialictus,bee,0,0,3,0,https://www.inaturalist.org/observations/82726161,"2023-05-15 09:39:06"
3317,89667,leafhopper,species,"Graphocephala coccinea",leafhopper,0,0,3,0,https://www.inaturalist.org/observations/82725780,"2023-05-15 09:39:06"
3318,89625,spider,species,"Leucauge venusta",spider,0,0,4,0,https://www.inaturalist.org/observations/82674598,"2023-05-15 09:39:06"
3319,89619,spider,family,Thomisidae,spider,0,0,2,0,https://www.inaturalist.org/observations/82673575,"2023-05-15 09:39:06"
3320,89606,daddylonglegs,species,"Leiobunum aldrichi",daddylonglegs,0,0,2,0,https://www.inaturalist.org/observations/82672330,"2023-05-15 09:39:06"
3321,89352,beetle,family,Elateridae,beetle,0,0,2,0,https://www.inaturalist.org/observations/82551069,"2023-05-15 09:39:06"
3322,89294,spider,species,"Castianeira longipalpa",spider,0,0,2,0,https://www.inaturalist.org/observations/82548088,"2023-05-15 09:39:06"
3323,89285,leafhopper,tribe,Gyponini,leafhopper,0,0,2,0,https://www.inaturalist.org/observations/82547816,"2023-05-15 09:39:06"
3324,89276,leafhopper,species,"Thionia bullata",leafhopper,0,0,2,0,https://www.inaturalist.org/observations/82546812,"2023-05-15 09:39:06"
3325,89270,other,species,"Calopteryx maculata",Odonata,0,0,3,0,https://www.inaturalist.org/observations/82546461,"2023-05-15 09:39:06"
3326,89246,ant,species,"Camponotus subbarbatus",ant,0,0,3,0,https://www.inaturalist.org/observations/82545262,"2023-05-15 09:39:06"
3327,89233,leafhopper,species,"Jikradia olitoria",leafhopper,0,0,2,0,https://www.inaturalist.org/observations/82543887,"2023-05-15 09:42:05"
3328,89227,other,species,"Oxidus gracilis",Polydesmida,0,0,2,0,https://www.inaturalist.org/observations/82543340,"2023-05-15 09:42:05"
3329,89215,other,subfamily,Tomocerinae,Entomobryomorpha,0,0,1,0,https://www.inaturalist.org/observations/82542792,"2023-05-15 09:42:05"
3330,89207,other,subfamily,Tomocerinae,Entomobryomorpha,0,0,1,0,https://www.inaturalist.org/observations/82541925,"2023-05-15 09:42:05"
3331,89201,beetle,family,Chrysomelidae,beetle,0,0,2,0,https://www.inaturalist.org/observations/82540978,"2023-05-15 09:42:05"
3332,89191,caterpillar,family,Noctuidae,caterpillar,0,0,2,0,https://www.inaturalist.org/observations/82485957,"2023-05-15 09:42:05"
3333,89187,beetle,species,"Phyllobius oblongus",beetle,0,0,2,0,https://www.inaturalist.org/observations/82485682,"2023-05-15 09:42:05"
3334,89186,moths,species,"Choristoneura rosaceana",moths,0,0,2,0,https://www.inaturalist.org/observations/82485421,"2023-05-15 09:42:05"
3335,89176,caterpillar,species,"Lymantria dispar",caterpillar,0,0,3,0,https://www.inaturalist.org/observations/82482299,"2023-05-15 09:42:05"
3336,89160,caterpillar,family,Geometridae,caterpillar,0,0,2,0,https://www.inaturalist.org/observations/82477813,"2023-05-15 09:42:05"
3337,89151,caterpillar,order,Lepidoptera,caterpillar,0,0,2,0,https://www.inaturalist.org/observations/82475766,"2023-05-15 09:42:05"
3338,89018,caterpillar,species,"Lymantria dispar",caterpillar,0,0,3,0,https://www.inaturalist.org/observations/82440258,"2023-05-15 09:42:05"
3339,89017,beetle,species,"Phyllobius oblongus",beetle,0,0,2,0,https://www.inaturalist.org/observations/82439768,"2023-05-15 09:42:05"
3340,89005,caterpillar,family,Geometridae,caterpillar,0,0,2,0,https://www.inaturalist.org/observations/82437344,"2023-05-15 09:42:05"
3341,88967,beetle,species,"Harmonia axyridis",beetle,0,0,4,0,https://www.inaturalist.org/observations/82428862,"2023-05-15 09:45:05"
3342,88960,beetle,species,"Polydrusus formosus",beetle,0,0,2,0,https://www.inaturalist.org/observations/82427956,"2023-05-15 09:45:05"
3343,88937,caterpillar,family,Geometridae,caterpillar,0,0,2,0,https://www.inaturalist.org/observations/82427607,"2023-05-15 09:45:05"
3345,88913,bee,superfamily,Ichneumonoidea,bee,0,0,2,0,https://www.inaturalist.org/observations/82424282,"2023-05-15 09:45:05"
3346,88812,other,order,Entomobryomorpha,Entomobryomorpha,0,0,1,0,https://www.inaturalist.org/observations/82413918,"2023-05-15 09:45:05"
3347,88802,fly,tribe,Dolichopodini,fly,0,0,3,0,https://www.inaturalist.org/observations/82368400,"2023-05-15 09:45:05"
3348,88793,fly,family,Sarcophagidae,fly,0,0,2,0,https://www.inaturalist.org/observations/82365890,"2023-05-15 09:45:05"
3349,88790,beetle,family,Cerambycidae,beetle,0,0,2,0,https://www.inaturalist.org/observations/82364900,"2023-05-15 09:45:05"
3350,88774,caterpillar,family,Geometridae,caterpillar,0,0,2,0,https://www.inaturalist.org/observations/82360099,"2023-05-15 09:48:06"
3351,88757,daddylonglegs,species,"Leiobunum vittatum",daddylonglegs,0,0,2,0,https://www.inaturalist.org/observations/82341757,"2023-05-15 09:48:06"
3352,88756,beetle,species,"Polydrusus formosus",beetle,0,0,3,0,https://www.inaturalist.org/observations/82327525,"2023-05-15 09:48:06"
3353,88754,leafhopper,species,"Penthimia americana",leafhopper,0,0,2,0,https://www.inaturalist.org/observations/82326751,"2023-05-15 09:48:06"
3354,88752,beetle,subfamily,Apioninae,beetle,0,0,2,0,https://www.inaturalist.org/observations/82325218,"2023-05-15 09:48:06"
3355,88749,spider,subfamily,Salticinae,spider,0,0,2,0,https://www.inaturalist.org/observations/82323771,"2023-05-15 09:48:06"
3356,88739,beetle,species,"Homoeolabus analis",beetle,0,0,3,0,https://www.inaturalist.org/observations/82317778,"2023-05-15 09:48:06"
3357,88738,spider,family,Philodromidae,spider,0,0,2,0,https://www.inaturalist.org/observations/82317400,"2023-05-15 09:48:06"
3358,88732,other,species,"Aedes triseriatus",fly,0,0,3,0,https://www.inaturalist.org/observations/82311612,"2023-05-15 09:48:06"
3359,88729,ant,species,"Camponotus chromaiodes",ant,0,0,5,0,https://www.inaturalist.org/observations/82310164,"2023-05-15 09:48:06"
3360,88727,ant,species,"Camponotus castaneus",ant,0,0,4,0,https://www.inaturalist.org/observations/82309372,"2023-05-15 09:48:06"
3361,88722,beetle,genus,Melanotus,beetle,0,0,3,0,https://www.inaturalist.org/observations/82295525,"2023-05-15 09:48:06"
3362,88707,leafhopper,species,"Acanalonia servillei",leafhopper,0,0,3,0,https://www.inaturalist.org/observations/82291967,"2023-05-15 09:48:06"
3363,88689,leafhopper,species,"Cyrtolobus tuberosus",leafhopper,0,0,2,0,https://www.inaturalist.org/observations/82290640,"2023-05-15 09:48:06"
3364,88684,unidentified,family,Tingidae,truebugs,0,0,1,0,https://www.inaturalist.org/observations/82290367,"2023-05-15 09:48:06"
3365,88678,unidentified,genus,Corythucha,truebugs,0,0,2,0,https://www.inaturalist.org/observations/82290095,"2023-05-15 09:48:06"
3366,88651,truebugs,species,"Hyaliodes harti",truebugs,0,0,4,0,https://www.inaturalist.org/observations/82288623,"2023-05-15 09:51:05"
3367,88631,leafhopper,species,"Flatormenis proxima",leafhopper,0,0,2,0,https://www.inaturalist.org/observations/82286972,"2023-05-15 09:51:05"
3368,88614,beetle,species,"Pseudoedophrys hilleri",beetle,0,0,3,0,https://www.inaturalist.org/observations/82285901,"2023-05-15 09:51:05"
3369,88608,spider,family,Salticidae,spider,0,0,2,0,https://www.inaturalist.org/observations/82285292,"2023-05-15 09:51:05"
3370,88583,bee,species,"Agapostemon virescens",bee,0,0,4,0,https://www.inaturalist.org/observations/82280140,"2023-05-15 09:51:05"
3371,88531,truebugs,family,Tingidae,truebugs,0,0,2,0,https://www.inaturalist.org/observations/82205666,"2023-05-15 09:51:05"
3372,88516,fly,family,Sarcophagidae,fly,0,0,2,0,https://www.inaturalist.org/observations/82186753,"2023-05-15 09:51:05"
3373,88514,fly,subfamily,Calliphorinae,fly,0,0,2,0,https://www.inaturalist.org/observations/82186060,"2023-05-15 09:51:05"
3374,88453,beetle,species,"Photinus pyralis",beetle,0,0,4,0,https://www.inaturalist.org/observations/82160957,"2023-05-15 09:51:05"
3375,88446,leafhopper,tribe,Ceresini,leafhopper,0,0,2,0,https://www.inaturalist.org/observations/82160257,"2023-05-15 09:51:05"
3376,88445,fly,infraorder,Tipulomorpha,fly,0,0,3,0,https://www.inaturalist.org/observations/82159843,"2023-05-15 09:51:05"
3377,88429,beetle,family,Mordellidae,beetle,0,0,2,0,https://www.inaturalist.org/observations/82158920,"2023-05-15 09:51:05"
3378,88407,fly,genus,Macrocera,fly,0,0,2,0,https://www.inaturalist.org/observations/82156870,"2023-05-15 09:54:05"
3379,88379,leafhopper,genus,Osbornellus,leafhopper,0,0,2,0,https://www.inaturalist.org/observations/82154827,"2023-05-15 09:54:05"
3380,88378,leafhopper,species,"Thionia quinquata",leafhopper,0,0,3,0,https://www.inaturalist.org/observations/82154573,"2023-05-15 09:54:05"
3381,88347,leafhopper,subgenus,Gyponana,leafhopper,0,0,2,0,https://www.inaturalist.org/observations/82152101,"2023-05-15 09:54:05"
3382,88342,caterpillar,genus,Orgyia,caterpillar,0,0,3,0,https://www.inaturalist.org/observations/82151537,"2023-05-15 09:54:05"
3383,88286,spider,species,"Enoplognatha ovata",spider,0,0,4,0,https://www.inaturalist.org/observations/82066471,"2023-05-15 09:54:05"
3384,88285,caterpillar,order,Lepidoptera,caterpillar,0,0,2,0,https://www.inaturalist.org/observations/82066039,"2023-05-15 09:54:05"
3385,88253,other,species,"Mystacides sepulchralis",Trichoptera,0,0,2,0,https://www.inaturalist.org/observations/82051423,"2023-05-15 09:54:05"
3386,88248,truebugs,genus,Kleidocerys,truebugs,0,0,2,0,https://www.inaturalist.org/observations/82049354,"2023-05-15 09:54:05"
3387,88245,beetle,species,"Polydrusus formosus",beetle,0,0,2,0,https://www.inaturalist.org/observations/82048226,"2023-05-15 09:54:05"
3388,88207,other,zoosection,Crinocheta,Isopoda,0,0,3,0,https://www.inaturalist.org/observations/82029379,"2023-05-15 09:57:05"
3389,88199,caterpillar,order,Lepidoptera,caterpillar,0,0,3,0,https://www.inaturalist.org/observations/82026653,"2023-05-15 09:57:05"
3390,88123,beetle,family,Cerambycidae,beetle,0,0,2,0,https://www.inaturalist.org/observations/82015819,"2023-05-15 09:57:05"
3391,87912,caterpillar,family,Noctuidae,caterpillar,0,0,2,0,https://www.inaturalist.org/observations/81609012,"2023-05-08 09:54:05"
3392,87765,caterpillar,genus,Pyreferra,caterpillar,0,0,2,0,https://www.inaturalist.org/observations/81583271,"2023-05-08 09:54:05"
3393,87669,caterpillar,species,"Epimecis hortaria",caterpillar,0,0,2,0,https://www.inaturalist.org/observations/81559747,"2023-05-08 09:54:05"
3394,72465,ant,subgenus,Crematogaster,ant,0,0,2,0,https://www.inaturalist.org/observations/31453547,"2022-06-13 09:03:07"
3395,64838,ant,subgenus,Crematogaster,ant,0,0,2,0,https://www.inaturalist.org/observations/27826900,"2022-06-06 09:30:10"
3396,62141,ant,subgenus,Crematogaster,ant,0,0,2,0,https://www.inaturalist.org/observations/27282812,"2022-06-06 09:54:07"
3397,8256,ant,genus,Camponotus,ant,0,0,2,0,https://www.inaturalist.org/observations/17703635,"2021-09-13 09:57:10"
3398,91527,caterpillar,order,Diptera,fly,0,0,3,1,https://www.inaturalist.org/observations/83820961,"2023-05-22 09:30:07"
3399,91484,beetle,species,"Harmonia axyridis",beetle,0,0,4,0,https://www.inaturalist.org/observations/83550173,"2023-05-22 09:30:07"
3400,91474,caterpillar,species,"Lymantria dispar",caterpillar,0,0,3,0,https://www.inaturalist.org/observations/83548603,"2023-05-22 09:30:07"
3401,91419,grasshopper,order,Orthoptera,grasshopper,0,0,2,0,https://www.inaturalist.org/observations/83541542,"2023-05-22 09:30:07"
3402,91394,spider,species,"Misumessus oblongus",spider,0,0,3,0,https://www.inaturalist.org/observations/83537177,"2023-05-22 09:30:07"
3403,91392,unidentified,species,"Harmonia axyridis",beetle,0,0,3,0,https://www.inaturalist.org/observations/83528077,"2023-05-22 09:33:06"
3404,91390,truebugs,subfamily,Lepturinae,beetle,0,0,5,1,https://www.inaturalist.org/observations/83527337,"2023-05-22 09:33:06"
3405,91388,unidentified,order,Hemiptera,truebugs,0,0,1,0,https://www.inaturalist.org/observations/83526667,"2023-05-22 09:33:06"
3406,91380,leafhopper,species,"Flatormenis proxima",leafhopper,0,0,2,0,https://www.inaturalist.org/observations/83525143,"2023-05-22 09:33:06"
3407,91378,leafhopper,tribe,Nephesini,leafhopper,0,0,3,0,https://www.inaturalist.org/observations/83524749,"2023-05-22 09:33:06"
3408,91373,beetle,infraorder,Pentatomomorpha,truebugs,0,0,5,1,https://www.inaturalist.org/observations/83524016,"2023-05-22 09:33:06"
3409,91365,leafhopper,species,"Flatormenis proxima",leafhopper,0,0,2,0,https://www.inaturalist.org/observations/83522057,"2023-05-22 09:33:06"
3410,91353,leafhopper,species,"Flatormenis proxima",leafhopper,0,0,2,0,https://www.inaturalist.org/observations/83521377,"2023-05-22 09:33:06"
3411,91322,leafhopper,species,"Ormenoides venusta",leafhopper,0,0,2,0,https://www.inaturalist.org/observations/83517997,"2023-05-22 09:33:06"
3412,91308,leafhopper,tribe,Nephesini,leafhopper,0,0,2,0,https://www.inaturalist.org/observations/83516495,"2023-05-22 09:33:06"
3413,91307,leafhopper,species,"Flatormenis proxima",leafhopper,0,0,2,0,https://www.inaturalist.org/observations/83516179,"2023-05-22 09:33:06"
3414,91306,leafhopper,species,"Jikradia olitoria",leafhopper,0,0,2,0,https://www.inaturalist.org/observations/83515797,"2023-05-22 09:33:06"
3415,91295,leafhopper,species,"Ormenoides venusta",leafhopper,0,0,2,0,https://www.inaturalist.org/observations/83514384,"2023-05-22 09:33:06"
3416,91280,beetle,species,"Lechriops oculatus",beetle,0,0,3,0,https://www.inaturalist.org/observations/83512933,"2023-05-22 09:33:06"
3417,91279,leafhopper,tribe,Nephesini,leafhopper,0,0,2,0,https://www.inaturalist.org/observations/83512564,"2023-05-22 09:33:06"
3418,91278,leafhopper,species,"Stictocephala militaris",leafhopper,0,0,2,0,https://www.inaturalist.org/observations/83512123,"2023-05-22 09:33:06"
3419,91258,other,species,"Homidia socia",Entomobryomorpha,0,0,1,0,https://www.inaturalist.org/observations/83509080,"2023-05-22 09:36:06"
3420,91244,leafhopper,species,"Stictocephala militaris",leafhopper,0,0,2,0,https://www.inaturalist.org/observations/83508075,"2023-05-22 09:36:06"
3421,91231,beetle,family,Anthribidae,beetle,0,0,2,0,https://www.inaturalist.org/observations/83506928,"2023-05-22 09:36:06"
3422,91229,beetle,species,"Brachystylus sayi",beetle,0,0,3,0,https://www.inaturalist.org/observations/83506259,"2023-05-22 09:36:06"
3423,91220,leafhopper,subfamily,Typhlocybinae,leafhopper,0,0,2,0,https://www.inaturalist.org/observations/83504828,"2023-05-22 09:36:06"
3424,91216,leafhopper,species,"Stictocephala militaris",leafhopper,0,0,2,0,https://www.inaturalist.org/observations/83503902,"2023-05-22 09:36:06"
3425,91205,leafhopper,species,"Flatormenis proxima",leafhopper,0,0,2,0,https://www.inaturalist.org/observations/83502518,"2023-05-22 09:36:06"
3426,91198,leafhopper,species,"Japananus hyalinus",leafhopper,0,0,2,0,https://www.inaturalist.org/observations/83502040,"2023-05-22 09:36:06"
3427,91182,leafhopper,species,"Magicicada septendecim",leafhopper,0,0,4,0,https://www.inaturalist.org/observations/83457095,"2023-05-22 09:36:06"
3428,91038,beetle,species,"Pseudoedophrys hilleri",beetle,0,0,2,0,https://www.inaturalist.org/observations/83389523,"2023-05-22 09:36:06"
3429,91037,ant,subgenus,Crematogaster,ant,0,0,2,0,https://www.inaturalist.org/observations/83389257,"2023-05-22 09:36:06"
3430,91009,beetle,family,Chrysomelidae,beetle,0,0,2,0,https://www.inaturalist.org/observations/83386387,"2023-05-22 09:39:06"
3431,91007,beetle,tribe,Bromiini,beetle,0,0,3,0,https://www.inaturalist.org/observations/83386099,"2023-05-22 09:39:06"
3432,90992,beetle,family,Chrysomelidae,beetle,0,0,2,0,https://www.inaturalist.org/observations/83384949,"2023-05-22 09:39:06"
3433,90991,leafhopper,tribe,Nephesini,leafhopper,0,0,2,0,https://www.inaturalist.org/observations/83384609,"2023-05-22 09:39:06"
3434,90989,ant,species,"Camponotus subbarbatus",ant,0,0,3,0,https://www.inaturalist.org/observations/83384037,"2023-05-22 09:39:06"
3435,90959,spider,family,Thomisidae,spider,0,0,2,0,https://www.inaturalist.org/observations/83381311,"2023-05-22 09:39:06"
3436,90956,spider,genus,Wulfila,spider,0,0,2,0,https://www.inaturalist.org/observations/83381040,"2023-05-22 09:39:06"
3437,90950,fly,genus,Macrocera,fly,0,0,2,0,https://www.inaturalist.org/observations/83380491,"2023-05-22 09:39:06"
3438,90945,ant,subgenus,Crematogaster,ant,0,0,2,0,https://www.inaturalist.org/observations/83379152,"2023-05-22 09:39:06"
3439,90942,spider,genus,Wulfila,spider,0,0,2,0,https://www.inaturalist.org/observations/83378911,"2023-05-22 09:39:06"
3440,90939,leafhopper,subclass,Pterygota,beetle,0,0,2,1,https://www.inaturalist.org/observations/83296627,"2023-05-22 09:39:06"
3441,90937,beetle,family,Elateridae,beetle,0,0,2,0,https://www.inaturalist.org/observations/83295444,"2023-05-22 09:39:06"
3442,90936,bee,family,Torymidae,bee,0,0,2,0,https://www.inaturalist.org/observations/83295098,"2023-05-22 09:39:06"
3443,90907,leafhopper,genus,Idiocerus,leafhopper,0,0,2,0,https://www.inaturalist.org/observations/83292915,"2023-05-22 09:39:06"
3444,90893,beetle,genus,Gambrinus,beetle,0,0,3,0,https://www.inaturalist.org/observations/83291859,"2023-05-22 09:39:06"
3445,90886,beetle,species,"Mastogenius crenulatus",beetle,0,0,4,0,https://www.inaturalist.org/observations/83290396,"2023-05-22 09:39:06"
3446,90885,other,subfamily,Hemerobiinae,Neuroptera,0,0,2,0,https://www.inaturalist.org/observations/83289966,"2023-05-22 09:39:06"
3447,90858,caterpillar,family,Coccinellidae,beetle,1,0,3,1,https://www.inaturalist.org/observations/83286893,"2023-05-22 09:42:05"
3448,90852,bee,family,Cerambycidae,beetle,0,0,4,1,https://www.inaturalist.org/observations/83284725,"2023-05-22 09:42:05"
3449,90850,spider,infraorder,Entelegynae,spider,0,0,2,0,https://www.inaturalist.org/observations/83283865,"2023-05-22 09:42:05"
3450,90846,bee,family,Halictidae,bee,0,0,2,0,https://www.inaturalist.org/observations/83278805,"2023-05-22 09:42:05"
3451,90772,beetle,suborder,Heteroptera,truebugs,0,0,3,1,https://www.inaturalist.org/observations/83273461,"2023-05-22 09:42:05"
3452,90771,beetle,species,"Mordellistena trifasciata",beetle,0,0,3,0,https://www.inaturalist.org/observations/83273077,"2023-05-22 09:42:05"
3453,90769,beetle,species,"Synolabus bipustulatus",beetle,0,0,3,0,https://www.inaturalist.org/observations/83272335,"2023-05-22 09:42:05"
3454,90768,fly,genus,Homoneura,fly,0,0,2,0,https://www.inaturalist.org/observations/83272030,"2023-05-22 09:42:05"
3455,90764,leafhopper,species,"Metcalfa pruinosa",leafhopper,0,0,2,0,https://www.inaturalist.org/observations/83270950,"2023-05-22 09:42:05"
3456,90758,beetle,species,"Photinus pyralis",beetle,0,0,4,0,https://www.inaturalist.org/observations/83269032,"2023-05-22 09:42:05"
3457,90756,leafhopper,tribe,Nephesini,leafhopper,0,0,2,0,https://www.inaturalist.org/observations/83268704,"2023-05-22 09:42:05"
3458,90748,ant,subgenus,Crematogaster,ant,0,0,2,0,https://www.inaturalist.org/observations/83267695,"2023-05-22 09:42:05"
3459,90742,leafhopper,species,"Ormenoides venusta",leafhopper,0,0,2,0,https://www.inaturalist.org/observations/83266606,"2023-05-22 09:42:05"
3460,90731,ant,genus,Colobopsis,ant,0,0,2,0,https://www.inaturalist.org/observations/83264697,"2023-05-22 09:42:05"
3461,90730,leafhopper,species,"Metcalfa pruinosa",leafhopper,0,0,2,0,https://www.inaturalist.org/observations/83264357,"2023-05-22 09:42:05"
3462,90729,ant,genus,Formica,ant,0,0,2,0,https://www.inaturalist.org/observations/83264059,"2023-05-22 09:42:05"
3463,90718,beetle,family,Chrysomelidae,beetle,0,0,2,0,https://www.inaturalist.org/observations/83262449,"2023-05-22 09:45:05"
3464,90712,beetle,species,"Pseudoedophrys hilleri",beetle,0,0,2,0,https://www.inaturalist.org/observations/83262144,"2023-05-22 09:45:05"
3465,90705,leafhopper,species,"Flatormenis proxima",leafhopper,0,0,2,0,https://www.inaturalist.org/observations/83261166,"2023-05-22 09:45:05"
3466,90701,beetle,species,"Synolabus bipustulatus",beetle,0,0,3,0,https://www.inaturalist.org/observations/83260232,"2023-05-22 09:45:05"
3467,90698,ant,subgenus,Crematogaster,ant,0,0,2,0,https://www.inaturalist.org/observations/83259338,"2023-05-22 09:45:05"
3468,90697,leafhopper,species,"Thionia bullata",leafhopper,0,0,2,0,https://www.inaturalist.org/observations/83259050,"2023-05-22 09:45:05"
3469,90693,ant,subgenus,Crematogaster,ant,0,0,2,0,https://www.inaturalist.org/observations/83258497,"2023-05-22 09:45:05"
3470,90690,beetle,species,"Ochyromera ligustri",beetle,0,0,2,0,https://www.inaturalist.org/observations/83257882,"2023-05-22 09:45:05"
3471,90684,spider,genus,Hentzia,spider,0,0,2,0,https://www.inaturalist.org/observations/83257024,"2023-05-22 09:45:05"
3472,90631,spider,family,Araneidae,spider,0,0,2,0,https://www.inaturalist.org/observations/83176570,"2023-05-22 09:45:05"
3473,90628,leafhopper,species,"Orientus ishidae",leafhopper,0,0,2,0,https://www.inaturalist.org/observations/83175432,"2023-05-22 09:45:05"
3474,90625,ant,genus,Nylanderia,ant,0,0,2,0,https://www.inaturalist.org/observations/83174321,"2023-05-22 09:45:05"
3475,90616,bee,complex,"Lasioglossum pilosum",bee,0,0,3,0,https://www.inaturalist.org/observations/83173665,"2023-05-22 09:45:05"
3476,90611,bee,genus,Lasioglossum,bee,0,0,3,0,https://www.inaturalist.org/observations/83172435,"2023-05-22 09:45:05"
3477,90610,bee,species,"Agapostemon virescens",bee,0,0,4,0,https://www.inaturalist.org/observations/83171942,"2023-05-22 09:45:05"
3478,90621,other,genus,Chrysopa,Neuroptera,0,0,2,0,https://www.inaturalist.org/observations/83168747,"2023-05-22 09:48:05"
3479,90565,aphid,family,Aphididae,aphid,0,0,3,1,https://www.inaturalist.org/observations/83166680,"2023-05-22 09:48:05"
3480,90549,caterpillar,genus,Lomographa,caterpillar,0,0,2,0,https://www.inaturalist.org/observations/83165874,"2023-05-22 09:48:05"
3481,90337,bee,family,Ichneumonidae,bee,0,0,2,0,https://www.inaturalist.org/observations/83150345,"2023-05-22 09:51:06"
3482,90295,beetle,genus,Photuris,beetle,0,0,4,0,https://www.inaturalist.org/observations/83146733,"2023-05-22 09:51:06"
3483,90291,leafhopper,tribe,Nephesini,leafhopper,0,0,3,0,https://www.inaturalist.org/observations/83146372,"2023-05-22 09:51:06"
3484,90274,leafhopper,tribe,Nephesini,leafhopper,0,0,2,0,https://www.inaturalist.org/observations/83144055,"2023-05-22 09:51:06"
3485,90261,leafhopper,species,"Acanalonia bivittata",leafhopper,0,0,2,0,https://www.inaturalist.org/observations/83141449,"2023-05-22 09:51:06"
3486,90260,leafhopper,species,"Stictocephala militaris",leafhopper,0,0,3,0,https://www.inaturalist.org/observations/83141063,"2023-05-22 09:51:06"
3487,90256,leafhopper,species,"Stictocephala militaris",leafhopper,0,0,3,0,https://www.inaturalist.org/observations/83140315,"2023-05-22 09:51:06"
3488,90254,leafhopper,tribe,Nephesini,leafhopper,0,0,3,0,https://www.inaturalist.org/observations/83139958,"2023-05-22 09:51:06"
3489,90248,ant,species,"Formica subsericea",ant,0,0,2,0,https://www.inaturalist.org/observations/83139312,"2023-05-22 09:51:06"
3490,90247,fly,genus,Macrocera,fly,0,0,2,0,https://www.inaturalist.org/observations/83139032,"2023-05-22 09:51:06"
3491,90236,leafhopper,tribe,Nephesini,leafhopper,0,0,3,0,https://www.inaturalist.org/observations/83138332,"2023-05-22 09:51:06"
3492,90234,ant,species,"Camponotus castaneus",ant,0,0,5,0,https://www.inaturalist.org/observations/83137948,"2023-05-22 09:51:06"
3493,90228,beetle,family,Mordellidae,beetle,0,0,2,0,https://www.inaturalist.org/observations/83136929,"2023-05-22 09:51:06"
3494,90223,leafhopper,tribe,Nephesini,leafhopper,0,0,3,0,https://www.inaturalist.org/observations/83136232,"2023-05-22 09:51:06"
3495,90215,leafhopper,genus,Osbornellus,leafhopper,0,0,3,0,https://www.inaturalist.org/observations/83135496,"2023-05-22 09:51:06"
3496,90208,other,complex,"Narceus americanus",Spirobolida,0,0,1,0,https://www.inaturalist.org/observations/83134838,"2022-12-12 09:12:05"
3497,90207,beetle,family,Elateridae,beetle,0,0,2,0,https://www.inaturalist.org/observations/83134460,"2023-05-22 09:51:06"
3498,90190,leafhopper,tribe,Nephesini,leafhopper,0,0,3,0,https://www.inaturalist.org/observations/83133513,"2023-05-22 09:51:06"
3499,90186,leafhopper,tribe,Nephesini,leafhopper,0,0,3,0,https://www.inaturalist.org/observations/83132394,"2023-05-22 09:54:05"
3500,90177,leafhopper,species,"Thionia bullata",leafhopper,0,0,3,0,https://www.inaturalist.org/observations/83131514,"2023-05-22 09:54:05"
3501,90168,leafhopper,species,"Ormenoides venusta",leafhopper,0,0,3,0,https://www.inaturalist.org/observations/83130709,"2023-05-22 09:54:05"
3502,90144,leafhopper,tribe,Thioniini,leafhopper,0,0,3,0,https://www.inaturalist.org/observations/83128999,"2023-05-22 09:54:05"
3503,90139,beetle,family,Elateridae,beetle,0,0,2,0,https://www.inaturalist.org/observations/83128727,"2023-05-22 09:54:05"
3504,90134,beetle,tribe,Cryptocephalini,beetle,0,0,3,0,https://www.inaturalist.org/observations/83128447,"2023-05-22 09:54:05"
3505,90115,leafhopper,species,"Flatormenis proxima",leafhopper,0,0,3,0,https://www.inaturalist.org/observations/83127148,"2023-05-22 09:54:05"
3506,90104,leafhopper,tribe,Nephesini,leafhopper,0,0,2,0,https://www.inaturalist.org/observations/83126392,"2023-05-22 09:54:05"
3507,90096,caterpillar,species,"Lymantria dispar",caterpillar,0,0,3,0,https://www.inaturalist.org/observations/83048787,"2023-05-22 09:54:05"
3508,90094,caterpillar,species,"Lymantria dispar",caterpillar,0,0,3,0,https://www.inaturalist.org/observations/83047015,"2023-05-22 09:54:05"
3509,90084,beetle,species,"Aphrastus taeniatus",beetle,0,0,3,0,https://www.inaturalist.org/observations/83039027,"2023-05-22 09:54:05"
3511,89868,beetle,genus,Photinus,beetle,0,0,2,0,https://www.inaturalist.org/observations/83017146,"2023-05-22 09:57:06"
3512,89861,ant,species,"Brachyponera chinensis",ant,0,0,3,0,https://www.inaturalist.org/observations/83015359,"2023-05-22 09:57:06"
3513,89859,beetle,family,Elateridae,beetle,0,0,2,0,https://www.inaturalist.org/observations/83014658,"2023-05-22 09:57:06"
3514,89808,other,species,"Armadillidium vulgare",Isopoda,0,0,3,0,https://www.inaturalist.org/observations/83001562,"2023-05-15 09:36:06"
3515,89800,leafhopper,species,"Metcalfa pruinosa",leafhopper,0,0,2,0,https://www.inaturalist.org/observations/82999119,"2023-05-15 09:36:07"
3516,89765,beetle,family,Elateridae,beetle,0,0,2,0,https://www.inaturalist.org/observations/82995739,"2023-05-15 09:36:07"
3517,89739,spider,species,"Leucauge venusta",spider,0,0,3,0,https://www.inaturalist.org/observations/82992812,"2023-05-15 09:36:07"
3518,89691,caterpillar,family,Geometridae,caterpillar,0,0,2,0,https://www.inaturalist.org/observations/82872019,"2023-05-15 09:36:07"
3519,89679,leafhopper,genus,Macropsis,leafhopper,0,0,2,0,https://www.inaturalist.org/observations/82863384,"2023-05-15 09:36:07"
3520,89678,spider,family,Dictynidae,spider,0,0,2,0,https://www.inaturalist.org/observations/82862300,"2023-05-15 09:36:07"
3521,89675,beetle,superfamily,Pentatomoidea,truebugs,0,0,3,1,https://www.inaturalist.org/observations/82856370,"2023-05-15 09:36:07"
3522,89673,leafhopper,genus,Oncopsis,leafhopper,0,0,2,0,https://www.inaturalist.org/observations/82853881,"2023-05-15 09:36:07"
3523,89666,grasshopper,species,"Phaneroptera nana",grasshopper,0,0,3,0,https://www.inaturalist.org/observations/82725377,"2023-05-15 09:39:06"
3524,89659,fly,family,Tipulidae,fly,0,0,2,0,https://www.inaturalist.org/observations/82679796,"2023-05-15 09:39:06"
3525,89657,spider,family,Thomisidae,spider,0,0,2,0,https://www.inaturalist.org/observations/82678700,"2023-05-15 09:39:06"
3526,89640,bee,order,Diptera,fly,0,0,3,1,https://www.inaturalist.org/observations/82676921,"2023-05-15 09:39:06"
3527,89280,spider,family,Thomisidae,spider,0,0,2,0,https://www.inaturalist.org/observations/82547166,"2023-05-15 09:39:06"
3528,88961,ant,subgenus,Myrmentoma,ant,0,0,2,0,https://www.inaturalist.org/observations/82428257,"2023-05-15 09:45:05"
3529,87379,bee,suborder,Symphyta,bee,0,1,2,1,https://www.inaturalist.org/observations/81305666,"2023-05-08 09:57:05"
3530,83932,bee,family,Tiphiidae,bee,0,0,2,0,https://www.inaturalist.org/observations/78481981,"2022-06-13 06:12:06"
3531,93967,fly,subfamily,Tipulinae,fly,0,0,2,0,https://www.inaturalist.org/observations/84741338,"2023-05-29 09:45:06"
3532,93621,spider,species,"Leucauge venusta",spider,0,0,4,0,https://www.inaturalist.org/observations/84547613,"2023-05-29 09:45:06"
3533,93578,beetle,species,"Photinus pyralis",beetle,0,0,3,0,https://www.inaturalist.org/observations/84475540,"2023-05-29 09:48:05"
3534,93562,fly,zoosubsection,Calyptratae,fly,0,0,2,0,https://www.inaturalist.org/observations/84472845,"2023-05-29 09:48:05"
3535,93546,beetle,genus,Macrodactylus,beetle,0,0,2,0,https://www.inaturalist.org/observations/84470149,"2023-05-29 09:48:05"
3536,93422,unidentified,species,"Arilus cristatus",truebugs,0,0,2,0,https://www.inaturalist.org/observations/84442495,"2023-05-29 09:51:06"
3537,93312,leafhopper,species,"Thionia quinquata",leafhopper,0,0,3,0,https://www.inaturalist.org/observations/84435097,"2023-05-29 09:51:06"
3538,93294,leafhopper,species,"Prosapia bicincta",leafhopper,0,0,3,0,https://www.inaturalist.org/observations/84434164,"2023-05-29 09:51:06"
3539,93285,beetle,subfamily,Cryptocephalinae,beetle,0,0,2,0,https://www.inaturalist.org/observations/84433758,"2023-05-29 09:51:06"
3540,93283,leafhopper,species,"Thionia bullata",leafhopper,0,0,2,0,https://www.inaturalist.org/observations/84433423,"2023-05-29 09:51:06"
3541,93273,moths,species,"Coelostathma discopunctana",moths,0,0,2,0,https://www.inaturalist.org/observations/84432052,"2023-05-29 09:51:06"
3542,93261,leafhopper,species,"Stictocephala militaris",leafhopper,0,0,2,0,https://www.inaturalist.org/observations/84430414,"2023-05-29 09:51:06"
3543,93253,beetle,species,"Paramordellaria triloba",beetle,0,0,3,0,https://www.inaturalist.org/observations/84429705,"2023-05-29 09:51:06"
3544,93240,leafhopper,species,"Flatormenis proxima",leafhopper,0,0,2,0,https://www.inaturalist.org/observations/84428743,"2023-05-29 09:51:06"
3545,93235,spider,species,"Verrucosa arenata",spider,0,0,3,0,https://www.inaturalist.org/observations/84428405,"2023-05-29 09:54:06"
3546,93234,leafhopper,species,"Stictocephala taurina",leafhopper,0,0,2,0,https://www.inaturalist.org/observations/84428022,"2023-05-29 09:54:06"
3547,93225,leafhopper,genus,Osbornellus,leafhopper,0,0,2,0,https://www.inaturalist.org/observations/84427043,"2023-05-29 09:54:06"
3548,93222,leafhopper,species,"Thionia bullata",leafhopper,0,0,2,0,https://www.inaturalist.org/observations/84426730,"2023-05-29 09:54:06"
3549,93212,leafhopper,species,"Stictocephala militaris",leafhopper,0,0,2,0,https://www.inaturalist.org/observations/84425781,"2023-05-29 09:54:06"
3550,93209,leafhopper,species,"Flatormenis proxima",leafhopper,0,0,2,0,https://www.inaturalist.org/observations/84425411,"2023-05-29 09:54:06"
3551,93192,beetle,family,Elateridae,beetle,0,0,2,0,https://www.inaturalist.org/observations/84424072,"2023-05-29 09:54:06"
3552,93176,other,family,Chrysopidae,Neuroptera,0,0,2,0,https://www.inaturalist.org/observations/84422914,"2023-05-29 09:54:06"
3553,93171,leafhopper,tribe,Nephesini,leafhopper,0,0,2,0,https://www.inaturalist.org/observations/84422288,"2023-05-29 09:54:06"
3554,93152,beetle,species,"Cyrtepistomus castaneus",beetle,0,0,3,0,https://www.inaturalist.org/observations/84420652,"2023-05-29 09:54:06"
3555,93146,leafhopper,species,"Rugosana querci",leafhopper,0,0,3,0,https://www.inaturalist.org/observations/84420411,"2023-05-29 09:54:06"
3556,93145,leafhopper,species,"Flatormenis proxima",leafhopper,0,0,2,0,https://www.inaturalist.org/observations/84420045,"2023-05-29 09:54:06"
3557,93144,beetle,subfamily,Cryptocephalinae,beetle,0,0,2,0,https://www.inaturalist.org/observations/84419739,"2023-05-29 09:54:06"
3558,93135,leafhopper,species,"Japananus hyalinus",leafhopper,0,0,2,0,https://www.inaturalist.org/observations/84418558,"2023-05-29 09:54:06"
3559,93125,beetle,genus,Photuris,beetle,0,0,3,0,https://www.inaturalist.org/observations/84363365,"2023-05-29 09:54:06"
3560,93122,beetle,species,"Harmonia axyridis",beetle,1,0,5,0,https://www.inaturalist.org/observations/84362794,"2023-05-29 09:54:06"
3561,93121,spider,genus,Leucauge,spider,0,0,3,0,https://www.inaturalist.org/observations/84362476,"2023-05-29 09:54:06"
3562,93028,spider,family,Thomisidae,spider,0,0,2,0,https://www.inaturalist.org/observations/84309382,"2023-05-29 09:57:05"
3563,92990,beetle,subfamily,Eumolpinae,beetle,0,0,2,0,https://www.inaturalist.org/observations/84305303,"2023-05-29 09:57:05"
3564,92974,beetle,species,"Glipa oculata",beetle,0,0,4,0,https://www.inaturalist.org/observations/84301402,"2023-05-29 09:57:05"
3565,92947,other,family,Chrysopidae,Neuroptera,0,0,2,0,https://www.inaturalist.org/observations/84299407,"2023-05-29 09:57:05"
3566,92946,beetle,subfamily,Eumolpinae,beetle,0,0,2,0,https://www.inaturalist.org/observations/84299091,"2023-05-29 09:57:05"
3567,92927,beetle,subfamily,Eumolpinae,beetle,0,0,2,0,https://www.inaturalist.org/observations/84297762,"2023-05-29 09:57:05"
3568,92909,grasshopper,species,"Phyllopalpus pulchellus",grasshopper,0,0,3,0,https://www.inaturalist.org/observations/84296262,"2023-05-29 09:57:05"
3569,92851,fly,subfamily,Tipulinae,fly,0,0,2,0,https://www.inaturalist.org/observations/84213600,"2023-05-29 09:57:05"
3570,92840,spider,genus,Tutelina,spider,0,0,2,0,https://www.inaturalist.org/observations/84210111,"2023-05-29 09:57:05"
3571,92838,beetle,species,"Harmonia axyridis",beetle,1,0,3,0,https://www.inaturalist.org/observations/84208618,"2023-05-22 09:12:05"
3572,92835,spider,subtribe,Dendryphantina,spider,0,0,2,0,https://www.inaturalist.org/observations/84206015,"2023-05-22 09:12:05"
3573,92831,leafhopper,species,"Jikradia olitoria",leafhopper,0,0,2,0,https://www.inaturalist.org/observations/84205337,"2023-05-22 09:12:05"
3574,92784,spider,species,"Leucauge venusta",spider,0,0,3,0,https://www.inaturalist.org/observations/84201788,"2023-05-22 09:12:05"
3575,92764,beetle,species,"Brachys ovatus",beetle,0,0,4,0,https://www.inaturalist.org/observations/84199966,"2023-05-22 09:12:05"
3576,92676,moths,species,"Olethreutes fasciatana",moths,0,0,2,0,https://www.inaturalist.org/observations/84184105,"2023-05-22 09:12:05"
3577,92669,beetle,species,"Harmonia axyridis",beetle,0,0,3,0,https://www.inaturalist.org/observations/84183245,"2023-05-22 09:12:05"
3578,92661,spider,genus,Philodromus,spider,0,0,2,0,https://www.inaturalist.org/observations/84182124,"2023-05-22 09:12:05"
3579,92656,beetle,genus,Anthonomus,beetle,0,0,2,0,https://www.inaturalist.org/observations/84180248,"2023-05-22 09:12:05"
3580,92649,truebugs,genus,Corythucha,truebugs,0,0,2,0,https://www.inaturalist.org/observations/84179280,"2023-05-22 09:12:05"
3581,92640,grasshopper,species,"Meconema thalassinum",grasshopper,0,0,3,0,https://www.inaturalist.org/observations/84178317,"2023-05-22 09:15:05"
3582,92636,grasshopper,suborder,Ensifera,grasshopper,0,0,2,0,https://www.inaturalist.org/observations/84177202,"2023-05-22 09:15:05"
3583,92635,spider,genus,Tmarus,spider,0,0,2,0,https://www.inaturalist.org/observations/84176903,"2023-05-22 09:15:05"
3584,92632,beetle,family,Elateridae,beetle,0,0,2,0,https://www.inaturalist.org/observations/84176138,"2023-05-22 09:15:05"
3585,92629,other,family,Chrysopidae,Neuroptera,0,0,2,0,https://www.inaturalist.org/observations/84175611,"2023-05-22 09:15:05"
3586,92623,bee,suborder,Apocrita,bee,0,0,2,0,https://www.inaturalist.org/observations/84174551,"2023-05-22 09:15:05"
3587,92619,ant,genus,Crematogaster,ant,0,0,2,0,https://www.inaturalist.org/observations/84173521,"2023-05-22 09:15:05"
3588,92617,leafhopper,species,"Acanalonia bivittata",leafhopper,0,0,2,0,https://www.inaturalist.org/observations/84172854,"2023-05-22 09:15:05"
3589,92615,beetle,species,"Pseudoedophrys hilleri",beetle,0,0,2,0,https://www.inaturalist.org/observations/84172358,"2023-05-22 09:15:05"
3590,92614,beetle,family,Mordellidae,beetle,0,0,2,0,https://www.inaturalist.org/observations/84172061,"2023-05-22 09:15:06"
3591,92613,grasshopper,suborder,Caelifera,grasshopper,0,0,2,0,https://www.inaturalist.org/observations/84171796,"2023-05-22 09:15:06"
3592,92611,beetle,family,Elateridae,beetle,0,0,2,0,https://www.inaturalist.org/observations/84171475,"2023-05-22 09:15:06"
3593,92605,grasshopper,suborder,Ensifera,grasshopper,0,0,2,0,https://www.inaturalist.org/observations/84170909,"2023-05-22 09:15:06"
3594,92604,beetle,species,"Pseudoedophrys hilleri",beetle,0,0,4,0,https://www.inaturalist.org/observations/84170695,"2023-05-22 09:15:06"
3595,92584,beetle,superfamily,Pentatomoidea,truebugs,0,0,3,1,https://www.inaturalist.org/observations/84128230,"2023-05-22 09:15:06"
3596,92536,truebugs,family,Lampyridae,beetle,0,0,4,1,https://www.inaturalist.org/observations/84115859,"2023-05-22 09:18:05"
3597,92532,ant,subgenus,Lasius,ant,0,0,3,0,https://www.inaturalist.org/observations/84114883,"2023-05-22 09:18:05"
3598,92517,beetle,superfamily,Pentatomoidea,truebugs,0,0,3,1,https://www.inaturalist.org/observations/84114303,"2023-05-22 09:18:05"
3599,92467,spider,species,"Araniella displicata",spider,0,0,3,0,https://www.inaturalist.org/observations/84106965,"2023-05-22 09:18:05"
3600,92460,beetle,superfamily,Pentatomoidea,truebugs,0,0,3,1,https://www.inaturalist.org/observations/84104190,"2023-05-22 09:18:05"
3601,92356,caterpillar,family,Geometridae,caterpillar,0,0,2,0,https://www.inaturalist.org/observations/84081810,"2023-05-22 09:18:05"
3602,92324,beetle,species,"Harmonia axyridis",beetle,0,0,3,0,https://www.inaturalist.org/observations/84079594,"2023-05-22 09:21:05"
3603,92315,beetle,species,"Harmonia axyridis",beetle,0,0,3,0,https://www.inaturalist.org/observations/84079228,"2023-05-22 09:21:05"
3604,92310,leafhopper,family,Cicadellidae,leafhopper,0,0,2,0,https://www.inaturalist.org/observations/84078152,"2023-05-22 09:21:05"
3605,92308,caterpillar,species,"Lymantria dispar",caterpillar,0,0,3,0,https://www.inaturalist.org/observations/84074866,"2023-05-22 09:21:05"
3606,92306,caterpillar,species,"Lymantria dispar",caterpillar,0,0,3,0,https://www.inaturalist.org/observations/84071824,"2023-05-22 09:21:05"
3607,92270,caterpillar,species,"Lymantria dispar",caterpillar,0,0,3,0,https://www.inaturalist.org/observations/84066861,"2023-05-22 09:21:05"
3608,92233,beetle,species,"Phyllobius oblongus",beetle,0,0,4,0,https://www.inaturalist.org/observations/84064330,"2023-05-22 09:21:05"
3609,92212,other,species,"Cerastipsocus venosus",Psocodea,0,0,4,0,https://www.inaturalist.org/observations/84063948,"2023-05-22 09:21:05"
3610,92211,beetle,genus,Photinus,beetle,0,0,4,0,https://www.inaturalist.org/observations/84063649,"2023-05-22 09:21:05"
3611,92209,beetle,subfamily,Eumolpinae,beetle,0,0,2,0,https://www.inaturalist.org/observations/84063307,"2023-05-22 09:21:05"
3612,92198,beetle,species,"Photinus pyralis",beetle,0,0,4,0,https://www.inaturalist.org/observations/84062309,"2023-05-22 09:21:05"
3613,92194,caterpillar,species,"Nadata gibbosa",caterpillar,0,0,3,0,https://www.inaturalist.org/observations/84061320,"2023-05-22 09:21:05"
3614,92193,leafhopper,tribe,Nephesini,leafhopper,0,0,2,0,https://www.inaturalist.org/observations/84061025,"2023-05-22 09:21:05"
3615,92189,beetle,family,Mordellidae,beetle,0,0,2,0,https://www.inaturalist.org/observations/84060472,"2023-05-22 09:21:05"
3616,92188,beetle,species,"Photinus pyralis",beetle,0,0,4,0,https://www.inaturalist.org/observations/84060159,"2023-05-22 09:21:05"
3617,92185,leafhopper,species,"Japananus hyalinus",leafhopper,0,0,2,0,https://www.inaturalist.org/observations/84059816,"2023-05-22 09:21:05"
3618,92179,caterpillar,family,Geometridae,caterpillar,0,0,2,0,https://www.inaturalist.org/observations/84059520,"2023-05-22 09:21:05"
3619,92177,caterpillar,species,"Halysidota harrisii",caterpillar,0,0,3,0,https://www.inaturalist.org/observations/84059216,"2023-05-22 09:21:05"
3620,92167,leafhopper,species,"Graphocephala versuta",leafhopper,0,0,3,0,https://www.inaturalist.org/observations/84057874,"2023-05-22 09:21:05"
3621,92141,beetle,genus,Paria,beetle,0,0,2,0,https://www.inaturalist.org/observations/84056030,"2023-05-22 09:21:05"
3622,92140,beetle,family,Mordellidae,beetle,0,0,3,0,https://www.inaturalist.org/observations/84055750,"2023-05-22 09:21:05"
3623,92138,leafhopper,species,"Stictocephala militaris",leafhopper,0,0,2,0,https://www.inaturalist.org/observations/84055494,"2023-05-22 09:21:05"
3624,92137,beetle,species,"Photinus pyralis",beetle,0,0,4,0,https://www.inaturalist.org/observations/84055171,"2023-05-22 09:21:05"
3625,92132,leafhopper,species,"Ormenoides venusta",leafhopper,0,0,2,0,https://www.inaturalist.org/observations/84054721,"2023-05-22 09:21:05"
3626,92125,leafhopper,tribe,Nephesini,leafhopper,0,0,2,0,https://www.inaturalist.org/observations/84053876,"2023-05-22 09:21:05"
3627,92121,bee,family,Eupelmidae,bee,0,0,2,0,https://www.inaturalist.org/observations/84053584,"2023-05-22 09:21:05"
3628,92091,beetle,family,Mordellidae,beetle,0,0,2,0,https://www.inaturalist.org/observations/84052315,"2023-05-22 09:24:05"
3629,92087,beetle,tribe,Cryptocephalini,beetle,0,0,4,0,https://www.inaturalist.org/observations/84051726,"2023-05-22 09:24:05"
3630,92083,caterpillar,species,"Morrisonia confusa",caterpillar,0,0,2,0,https://www.inaturalist.org/observations/84051197,"2023-05-22 09:24:05"
3631,92082,leafhopper,species,"Flatormenis proxima",leafhopper,0,0,3,0,https://www.inaturalist.org/observations/84050881,"2023-05-22 09:24:05"
3632,92079,leafhopper,tribe,Nephesini,leafhopper,0,0,2,0,https://www.inaturalist.org/observations/84050316,"2023-05-22 09:24:05"
3633,92077,beetle,subfamily,Cryptocephalinae,beetle,0,0,2,0,https://www.inaturalist.org/observations/84049969,"2023-05-22 09:24:05"
3634,92076,leafhopper,species,"Flatormenis proxima",leafhopper,0,0,3,0,https://www.inaturalist.org/observations/84049581,"2023-05-22 09:24:05"
3635,92075,leafhopper,genus,Thionia,leafhopper,0,0,2,0,https://www.inaturalist.org/observations/84049363,"2023-05-22 09:24:05"
3636,92071,beetle,tribe,Cryptocephalini,beetle,0,0,3,0,https://www.inaturalist.org/observations/84049077,"2023-05-22 09:24:05"
3637,92070,other,species,"Forficula auricularia",Dermaptera,0,0,3,0,https://www.inaturalist.org/observations/84048781,"2023-05-22 09:24:05"
3638,92065,other,species,"Forficula auricularia",Dermaptera,0,0,3,0,https://www.inaturalist.org/observations/84048219,"2023-05-22 09:24:05"
3639,92064,leafhopper,species,"Acanalonia bivittata",leafhopper,0,0,2,0,https://www.inaturalist.org/observations/84048004,"2023-05-22 09:24:05"
3640,92052,leafhopper,species,"Stictocephala taurina",leafhopper,0,0,2,0,https://www.inaturalist.org/observations/84047339,"2023-05-22 09:24:05"
3641,92048,fly,family,Rhagionidae,fly,0,0,2,0,https://www.inaturalist.org/observations/84011957,"2023-05-22 09:24:05"
3642,92047,caterpillar,subclass,Pterygota,bee,0,1,2,1,https://www.inaturalist.org/observations/84005419,"2023-05-22 09:24:05"
3643,91927,truebugs,genus,Plagiognathus,truebugs,0,0,3,0,https://www.inaturalist.org/observations/83962419,"2023-05-22 09:24:05"
3644,91926,other,genus,Triaenodes,Trichoptera,0,0,2,0,https://www.inaturalist.org/observations/83962092,"2023-05-22 09:24:05"
3645,91881,spider,genus,Tetragnatha,spider,0,0,2,0,https://www.inaturalist.org/observations/83957725,"2023-05-22 09:24:05"
3646,91880,spider,complex,"Enoplognatha ovata",spider,0,0,3,0,https://www.inaturalist.org/observations/83957375,"2023-05-22 09:24:05"
3647,91873,beetle,species,"Polydrusus formosus",beetle,0,0,2,0,https://www.inaturalist.org/observations/83956615,"2023-05-22 09:24:05"
3648,91872,bee,subclass,Pterygota,fly,0,0,2,1,https://www.inaturalist.org/observations/83956216,"2023-05-22 09:24:05"
3649,91782,caterpillar,species,"Lymantria dispar",caterpillar,0,0,3,0,https://www.inaturalist.org/observations/83946756,"2023-05-22 09:27:06"
3650,91770,beetle,superfamily,Pentatomoidea,truebugs,0,0,3,1,https://www.inaturalist.org/observations/83944568,"2023-05-22 09:27:06"
3651,91769,beetle,superfamily,Pentatomoidea,truebugs,0,0,3,1,https://www.inaturalist.org/observations/83944189,"2023-05-22 09:27:06"
3652,91758,caterpillar,species,"Lymantria dispar",caterpillar,0,0,3,0,https://www.inaturalist.org/observations/83942676,"2023-05-22 09:27:06"
3653,91718,other,subfamily,Tomocerinae,Entomobryomorpha,0,0,2,0,https://www.inaturalist.org/observations/83938978,"2023-05-22 09:27:06"
3654,91716,ant,species,"Camponotus snellingi",ant,0,0,3,0,https://www.inaturalist.org/observations/83938610,"2023-05-22 09:27:06"
3655,91657,other,species,"Oxidus gracilis",Polydesmida,0,0,1,0,https://www.inaturalist.org/observations/83931491,"2022-06-06 04:03:08"
3656,91656,other,subfamily,Tomocerinae,Entomobryomorpha,0,0,2,0,https://www.inaturalist.org/observations/83931286,"2023-05-22 09:30:07"
3657,91640,bee,suborder,Symphyta,bee,0,1,3,1,https://www.inaturalist.org/observations/83929605,"2023-05-22 09:30:07"
3658,91588,beetle,order,Hemiptera,truebugs,0,0,3,1,https://www.inaturalist.org/observations/83925208,"2023-05-22 09:30:07"
3659,91580,spider,genus,Anyphaena,spider,0,0,2,0,https://www.inaturalist.org/observations/83923663,"2023-05-22 09:30:07"
3660,91550,caterpillar,family,Tortricidae,caterpillar,0,0,2,0,https://www.inaturalist.org/observations/83830337,"2023-05-22 09:30:07"
3661,90347,bee,family,Cerambycidae,beetle,0,0,4,1,https://www.inaturalist.org/observations/83151572,"2023-05-22 09:48:05"
3662,83752,other,subclass,Pterygota,Plecoptera,0,0,2,1,https://www.inaturalist.org/observations/78246486,"2022-06-13 06:15:07"
3663,95444,leafhopper,species,"Thionia quinquata",leafhopper,0,0,3,0,https://www.inaturalist.org/observations/85501553,"2023-05-29 09:36:05"
3664,95010,truebugs,order,Coleoptera,beetle,0,0,4,1,https://www.inaturalist.org/observations/85264195,"2023-05-29 09:36:05"
3665,95000,bee,subfamily,Pimplinae,bee,0,0,2,0,https://www.inaturalist.org/observations/85261113,"2023-05-29 09:39:06"
3666,94982,beetle,suborder,Heteroptera,truebugs,0,0,3,1,https://www.inaturalist.org/observations/85236175,"2023-05-29 09:39:06"
3667,94934,beetle,order,Hemiptera,truebugs,0,0,4,1,https://www.inaturalist.org/observations/85231660,"2023-05-29 09:39:06"
3668,94889,leafhopper,species,"Prosapia bicincta",leafhopper,0,0,3,0,https://www.inaturalist.org/observations/85227495,"2023-05-29 09:39:06"
3669,94816,caterpillar,family,Geometridae,caterpillar,0,0,2,0,https://www.inaturalist.org/observations/85226775,"2023-05-29 09:39:06"
3670,94815,caterpillar,family,Erebidae,caterpillar,0,0,2,0,https://www.inaturalist.org/observations/85218292,"2023-05-29 09:39:06"
3671,94737,truebugs,subclass,Pterygota,Neuroptera,0,0,2,1,https://www.inaturalist.org/observations/85117395,"2023-05-29 09:39:06"
3672,94584,unidentified,species,"Zelus luridus",truebugs,0,0,1,0,https://www.inaturalist.org/observations/85089500,"2023-05-29 09:42:05"
3673,94645,truebugs,subclass,Pterygota,Phasmida,0,0,2,1,https://www.inaturalist.org/observations/85084252,"2023-05-29 09:42:05"
3674,94616,beetle,superfamily,Pentatomoidea,truebugs,0,0,3,1,https://www.inaturalist.org/observations/85083456,"2023-05-29 09:42:05"
3675,94505,beetle,species,"Agrilus derasofasciatus",beetle,0,0,3,0,https://www.inaturalist.org/observations/85010895,"2023-05-29 09:42:05"
3676,94504,leafhopper,species,"Orientus ishidae",leafhopper,0,0,2,0,https://www.inaturalist.org/observations/85010574,"2023-05-29 09:42:05"
3677,94503,spider,family,Philodromidae,spider,0,0,2,0,https://www.inaturalist.org/observations/85010305,"2023-05-29 09:42:05"
3678,94502,leafhopper,species,"Jikradia olitoria",leafhopper,0,0,2,0,https://www.inaturalist.org/observations/85009963,"2023-05-29 09:42:05"
3679,94501,bee,subfamily,Doryctinae,bee,0,0,2,0,https://www.inaturalist.org/observations/85009111,"2023-05-29 09:42:05"
3680,94303,leafhopper,species,"Ormenoides venusta",leafhopper,0,0,3,0,https://www.inaturalist.org/observations/85005933,"2023-05-29 09:42:05"
3681,94290,leafhopper,subgenus,Gyponana,leafhopper,0,0,2,0,https://www.inaturalist.org/observations/85004476,"2023-05-29 09:42:05"
3682,94247,leafhopper,species,"Ormenoides venusta",leafhopper,0,0,3,0,https://www.inaturalist.org/observations/85003103,"2023-05-29 09:42:05"
3683,94239,beetle,class,Insecta,bee,0,0,1,0,https://www.inaturalist.org/observations/84915426,"2023-05-29 09:42:05"
3684,94224,caterpillar,family,Geometridae,caterpillar,0,0,2,0,https://www.inaturalist.org/observations/84914423,"2023-05-29 09:42:05"
3685,94201,daddylonglegs,order,Opiliones,daddylonglegs,0,0,2,0,https://www.inaturalist.org/observations/84901297,"2023-05-29 09:45:06"
3686,94197,spider,species,"Enoplognatha ovata",spider,0,0,4,0,https://www.inaturalist.org/observations/84900353,"2023-05-29 09:45:06"
3687,94169,bee,suborder,Apocrita,bee,0,0,3,1,https://www.inaturalist.org/observations/84884188,"2023-05-29 09:45:06"
3688,94101,other,species,"Orchesella celsa",Entomobryomorpha,0,0,2,0,https://www.inaturalist.org/observations/84873723,"2023-05-29 09:45:06"
3689,94089,grasshopper,genus,Oecanthus,grasshopper,0,0,3,0,https://www.inaturalist.org/observations/84872561,"2023-05-29 09:45:06"
3690,94085,truebugs,superfamily,Pentatomoidea,truebugs,0,0,3,1,https://www.inaturalist.org/observations/84871084,"2023-05-29 09:45:06"
3691,94084,spider,family,Dictynidae,spider,0,0,2,0,https://www.inaturalist.org/observations/84870793,"2023-05-29 09:45:06"
3692,94081,beetle,family,Cerambycidae,beetle,0,0,2,0,https://www.inaturalist.org/observations/84869795,"2023-05-29 09:45:06"
3693,94077,other,subclass,Pterygota,leafhopper,0,0,2,1,https://www.inaturalist.org/observations/84869100,"2023-05-29 09:45:06"
3694,94076,fly,family,Chyromyidae,fly,0,0,2,0,https://www.inaturalist.org/observations/84868698,"2023-05-29 09:45:06"
3695,94037,leafhopper,subfamily,Typhlocybinae,leafhopper,0,0,2,0,https://www.inaturalist.org/observations/84849685,"2023-05-29 09:45:06"
3697,93990,spider,genus,Bassaniana,spider,0,0,3,0,https://www.inaturalist.org/observations/84844015,"2023-05-29 09:45:06"
3698,93989,beetle,species,"Harmonia axyridis",beetle,1,0,4,0,https://www.inaturalist.org/observations/84843703,"2023-05-29 09:45:06"
3699,93624,truebugs,family,Cantharidae,beetle,0,0,4,1,https://www.inaturalist.org/observations/84548270,"2023-05-29 09:45:06"
3700,93587,caterpillar,suborder,Symphyta,bee,0,1,3,1,https://www.inaturalist.org/observations/84478457,"2023-05-29 09:48:05"
3701,93074,truebugs,species,"Arilus cristatus",truebugs,0,0,3,0,https://www.inaturalist.org/observations/84465935,"2023-05-29 09:48:05"
3702,93073,truebugs,species,"Arilus cristatus",truebugs,0,0,3,0,https://www.inaturalist.org/observations/84463357,"2023-05-29 09:48:05"
3703,93072,truebugs,species,"Arilus cristatus",truebugs,0,0,3,0,https://www.inaturalist.org/observations/84463002,"2023-05-29 09:48:05"
3704,93412,caterpillar,family,Geometridae,caterpillar,0,0,2,0,https://www.inaturalist.org/observations/84441896,"2023-05-29 09:51:06"
3705,93191,ant,subgenus,Crematogaster,ant,0,0,2,0,https://www.inaturalist.org/observations/84423772,"2023-05-29 09:54:06"
3706,93025,ant,subgenus,Crematogaster,ant,0,0,2,0,https://www.inaturalist.org/observations/84308603,"2023-05-29 09:57:05"
3707,92985,ant,subgenus,Myrmentoma,ant,0,0,2,0,https://www.inaturalist.org/observations/84303672,"2023-05-29 09:57:05"
3708,92642,ant,complex,"Formica fusca",ant,0,0,2,0,https://www.inaturalist.org/observations/84178959,"2023-05-22 09:15:05"
3709,92610,ant,complex,"Formica fusca",ant,0,0,2,0,https://www.inaturalist.org/observations/84171227,"2023-05-22 09:15:06"
3710,92599,ant,complex,"Formica fusca",ant,0,0,2,0,https://www.inaturalist.org/observations/84170071,"2023-05-22 09:15:06"
3711,92095,ant,subgenus,Myrmentoma,ant,0,0,2,0,https://www.inaturalist.org/observations/84052587,"2023-05-22 09:24:05"
3712,92081,ant,subgenus,Myrmentoma,ant,0,0,2,0,https://www.inaturalist.org/observations/84050613,"2023-05-22 09:24:05"
3713,91391,truebugs,superfamily,Elateroidea,beetle,0,0,4,1,https://www.inaturalist.org/observations/83527714,"2023-05-22 09:33:06"
3714,90890,bee,genus,Caliroa,bee,0,1,3,1,https://www.inaturalist.org/observations/83290799,"2023-05-22 09:39:06"
3715,90300,aphid,subclass,Pterygota,Psocodea,0,0,2,1,https://www.inaturalist.org/observations/83147372,"2023-05-22 09:51:06"
3716,90090,spider,species,"Enoplognatha ovata",spider,0,0,4,0,https://www.inaturalist.org/observations/83042048,"2023-05-22 09:54:05"
3717,89671,bee,subclass,Pterygota,fly,0,0,2,1,https://www.inaturalist.org/observations/82727437,"2023-05-15 09:36:07"
3718,89091,beetle,family,Miridae,truebugs,0,0,4,1,https://www.inaturalist.org/observations/82471060,"2023-05-15 09:42:05"
3719,88765,bee,subclass,Pterygota,fly,0,0,2,1,https://www.inaturalist.org/observations/82358250,"2023-05-15 09:48:06"
3720,88750,leafhopper,family,Buprestidae,beetle,0,0,4,1,https://www.inaturalist.org/observations/82324858,"2023-05-15 09:48:06"
3721,88549,beetle,subclass,Pterygota,truebugs,0,0,2,1,https://www.inaturalist.org/observations/82207615,"2023-05-15 09:51:05"
3722,88039,bee,family,Tipulidae,fly,0,0,3,1,https://www.inaturalist.org/observations/81854263,"2023-05-08 09:51:05"
3723,87750,beetle,genus,Limonius,beetle,0,0,2,0,https://www.inaturalist.org/observations/81573941,"2023-05-08 09:54:05"
3724,96988,caterpillar,order,Lepidoptera,caterpillar,0,0,3,0,https://www.inaturalist.org/observations/86408973,"2023-06-05 09:48:05"
3725,96971,beetle,genus,Macrodactylus,beetle,0,0,3,0,https://www.inaturalist.org/observations/86405602,"2023-06-05 09:48:05"
3726,96923,beetle,subclass,Pterygota,Psocodea,0,0,2,1,https://www.inaturalist.org/observations/86399201,"2023-06-05 09:48:05"
3727,96909,beetle,species,"Ochyromera ligustri",beetle,0,0,2,0,https://www.inaturalist.org/observations/86320038,"2023-06-05 09:48:05"
3728,96826,leafhopper,species,"Flatormenis proxima",leafhopper,0,0,3,0,https://www.inaturalist.org/observations/86290766,"2023-06-05 09:51:05"
3729,96819,beetle,family,Elateridae,beetle,0,0,2,0,https://www.inaturalist.org/observations/86290457,"2023-06-05 09:51:05"
3730,96817,beetle,family,Elateridae,beetle,0,0,2,0,https://www.inaturalist.org/observations/86290144,"2023-06-05 09:51:05"
3731,96802,beetle,species,"Pseudoedophrys hilleri",beetle,0,0,2,0,https://www.inaturalist.org/observations/86289822,"2023-06-05 09:51:05"
3732,96764,leafhopper,species,"Graphocephala versuta",leafhopper,0,0,3,0,https://www.inaturalist.org/observations/86286106,"2023-06-05 09:51:05"
3733,96697,caterpillar,species,"Acronicta americana",caterpillar,0,0,4,0,https://www.inaturalist.org/observations/86280741,"2023-06-05 09:51:05"
3734,96689,fly,genus,Condylostylus,fly,0,0,3,0,https://www.inaturalist.org/observations/86279982,"2023-06-05 09:51:05"
3735,96685,truebugs,genus,Sinea,truebugs,0,0,2,0,https://www.inaturalist.org/observations/86279677,"2023-06-05 09:51:05"
3736,96667,caterpillar,tribe,Argyrogrammatini,caterpillar,0,0,2,0,https://www.inaturalist.org/observations/86279392,"2023-06-05 09:51:05"
3737,96631,leafhopper,species,"Jikradia olitoria",leafhopper,0,0,2,0,https://www.inaturalist.org/observations/86277941,"2023-06-05 09:51:05"
3738,96610,leafhopper,species,"Thionia bullata",leafhopper,0,0,2,0,https://www.inaturalist.org/observations/86277099,"2023-06-05 09:51:05"
3739,96563,ant,suborder,Apocrita,bee,0,0,3,1,https://www.inaturalist.org/observations/86274476,"2023-06-05 09:51:05"
3740,96558,bee,class,Insecta,bee,0,0,1,0,https://www.inaturalist.org/observations/86274005,"2023-06-05 09:54:06"
3741,96553,leafhopper,species,"Ormenoides venusta",leafhopper,0,0,3,0,https://www.inaturalist.org/observations/86273425,"2023-06-05 09:54:06"
3742,96531,leafhopper,species,"Pelitropis rotulata",leafhopper,0,0,2,0,https://www.inaturalist.org/observations/86272558,"2023-06-05 09:54:06"
3743,96528,beetle,genus,Melanotus,beetle,0,0,3,0,https://www.inaturalist.org/observations/86272100,"2023-06-05 09:54:06"
3745,96523,truebugs,family,Lampyridae,beetle,0,0,4,1,https://www.inaturalist.org/observations/86271521,"2023-06-05 09:54:06"
3746,96522,beetle,species,"Centronopus calcaratus",beetle,0,0,4,0,https://www.inaturalist.org/observations/86271093,"2023-06-05 09:54:06"
3747,96510,beetle,genus,Photuris,beetle,0,0,3,0,https://www.inaturalist.org/observations/86182662,"2023-06-05 09:54:06"
3748,96375,beetle,order,Psocodea,Psocodea,0,0,3,1,https://www.inaturalist.org/observations/86042431,"2023-06-05 09:54:06"
3749,96363,leafhopper,subgenus,Gyponana,leafhopper,0,0,2,0,https://www.inaturalist.org/observations/86041395,"2023-06-05 09:54:06"
3750,96320,beetle,species,"Harmonia axyridis",beetle,1,0,4,0,https://www.inaturalist.org/observations/86036951,"2023-06-05 09:54:06"
3751,96269,beetle,species,"Baliosus nervosus",beetle,0,0,3,0,https://www.inaturalist.org/observations/86033207,"2023-06-05 09:54:06"
3752,96222,leafhopper,species,"Ormenoides venusta",leafhopper,0,0,3,0,https://www.inaturalist.org/observations/86028861,"2023-06-05 09:54:06"
3753,96214,beetle,genus,Palaminus,beetle,0,0,3,0,https://www.inaturalist.org/observations/85993865,"2023-06-05 09:54:06"
3754,96099,caterpillar,species,"Cecrita guttivitta",caterpillar,0,0,3,0,https://www.inaturalist.org/observations/85956433,"2023-06-05 09:57:05"
3755,96065,caterpillar,species,"Elaphria versicolor",caterpillar,0,0,3,0,https://www.inaturalist.org/observations/85955791,"2023-06-05 09:57:05"
3756,95940,bee,tribe,Augochlorini,bee,0,0,4,0,https://www.inaturalist.org/observations/85938004,"2023-06-05 09:57:05"
3757,95757,beetle,family,Elateridae,beetle,0,0,2,0,https://www.inaturalist.org/observations/85931764,"2023-06-05 09:57:05"
3758,95756,truebugs,species,"Hyaliodes vitripennis",truebugs,0,0,3,0,https://www.inaturalist.org/observations/85931348,"2023-06-05 09:57:05"
3759,95923,caterpillar,species,"Hyphantria cunea",caterpillar,0,0,3,0,https://www.inaturalist.org/observations/85921523,"2023-06-05 09:57:05"
3760,95912,beetle,subfamily,Cryptocephalinae,beetle,0,0,2,0,https://www.inaturalist.org/observations/85920690,"2023-06-05 09:57:05"
3761,95908,beetle,tribe,Cryptocephalini,beetle,0,0,3,0,https://www.inaturalist.org/observations/85919747,"2023-06-05 09:57:05"
3762,95905,beetle,species,"Cyrtepistomus castaneus",beetle,0,0,4,0,https://www.inaturalist.org/observations/85919418,"2023-06-05 09:57:05"
3763,95897,beetle,subfamily,Cryptocephalinae,beetle,0,0,2,0,https://www.inaturalist.org/observations/85918790,"2023-06-05 09:57:05"
3764,95890,caterpillar,species,"Orgyia leucostigma",caterpillar,0,0,4,0,https://www.inaturalist.org/observations/85918197,"2023-06-05 09:57:05"
3765,95888,caterpillar,species,"Hyphantria cunea",caterpillar,0,0,3,0,https://www.inaturalist.org/observations/85917927,"2023-06-05 09:57:05"
3766,95844,leafhopper,species,"Flatormenis proxima",leafhopper,0,0,3,0,https://www.inaturalist.org/observations/85914638,"2023-05-29 09:30:27"
3767,95814,leafhopper,tribe,Nephesini,leafhopper,0,0,2,0,https://www.inaturalist.org/observations/85912222,"2023-05-29 09:30:27"
3768,95783,leafhopper,species,"Jikradia olitoria",leafhopper,0,0,2,0,https://www.inaturalist.org/observations/85910033,"2023-05-29 09:30:27"
3769,95777,beetle,species,"Brachystylus sayi",beetle,0,0,3,0,https://www.inaturalist.org/observations/85909462,"2023-05-29 09:30:27"
3770,95731,leafhopper,tribe,Nephesini,leafhopper,0,0,2,0,https://www.inaturalist.org/observations/85906792,"2023-05-29 09:30:27"
3771,95705,beetle,order,Thysanoptera,Thysanoptera,0,0,3,1,https://www.inaturalist.org/observations/85852986,"2023-05-29 09:33:06"
3772,95699,beetle,order,Thysanoptera,Thysanoptera,0,0,3,1,https://www.inaturalist.org/observations/85852225,"2023-05-29 09:33:06"
3773,95694,ant,genus,Camponotus,ant,0,0,2,0,https://www.inaturalist.org/observations/85851142,"2023-05-29 09:33:06"
3774,95692,beetle,order,Thysanoptera,Thysanoptera,0,0,3,1,https://www.inaturalist.org/observations/85850236,"2023-05-29 09:33:06"
3775,95689,beetle,superfamily,Pentatomoidea,truebugs,0,0,3,1,https://www.inaturalist.org/observations/85849193,"2023-05-29 09:33:06"
3776,95688,beetle,subclass,Pterygota,Thysanoptera,0,0,2,1,https://www.inaturalist.org/observations/85848795,"2023-05-29 09:33:06"
3777,95679,moths,species,"Cosmia calami",moths,0,0,3,0,https://www.inaturalist.org/observations/85837335,"2023-05-29 09:33:06"
3778,95657,spider,order,Araneae,spider,0,0,2,0,https://www.inaturalist.org/observations/85801587,"2023-05-29 09:33:06"
3779,95651,spider,family,Dictynidae,spider,0,0,2,0,https://www.inaturalist.org/observations/85779462,"2023-05-29 09:33:06"
3780,95648,bee,family,Braconidae,bee,0,0,2,0,https://www.inaturalist.org/observations/85778584,"2023-05-29 09:33:06"
3781,95631,beetle,species,"Harmonia axyridis",beetle,0,0,4,0,https://www.inaturalist.org/observations/85773892,"2023-05-29 09:33:06"
3782,95630,other,genus,Ectobius,Blattodea,0,0,2,0,https://www.inaturalist.org/observations/85773481,"2023-05-29 09:33:06"
3783,95616,spider,superfamily,Thomisoidea,spider,0,0,2,0,https://www.inaturalist.org/observations/85770883,"2023-05-29 09:36:05"
3784,95608,ant,genus,Camponotus,ant,0,0,2,0,https://www.inaturalist.org/observations/85769221,"2023-05-29 09:36:05"
3785,93370,caterpillar,family,Geometridae,caterpillar,0,0,2,0,https://www.inaturalist.org/observations/84440428,"2023-05-29 09:51:06"
3786,93353,caterpillar,family,Geometridae,caterpillar,0,0,2,0,https://www.inaturalist.org/observations/84439318,"2023-05-29 09:51:06"
3787,93352,caterpillar,family,Geometridae,caterpillar,0,0,2,0,https://www.inaturalist.org/observations/84439029,"2023-05-29 09:51:06"
3788,93257,caterpillar,family,Geometridae,caterpillar,0,0,2,0,https://www.inaturalist.org/observations/84430042,"2023-05-29 09:51:06"
3789,88550,spider,infraorder,Entelegynae,spider,0,0,3,0,https://www.inaturalist.org/observations/82207940,"2023-05-15 09:51:05"
3790,87608,beetle,superfamily,Pentatomoidea,truebugs,0,0,3,1,https://www.inaturalist.org/observations/81487584,"2023-05-08 09:57:05"
3791,86738,beetle,order,Hemiptera,truebugs,0,0,3,1,https://www.inaturalist.org/observations/81084849,"2023-05-01 09:54:13"
3792,86712,bee,subclass,Pterygota,Thysanoptera,0,0,2,1,https://www.inaturalist.org/observations/81076279,"2023-05-01 09:54:13"
3793,86622,caterpillar,subclass,Pterygota,bee,0,1,2,1,https://www.inaturalist.org/observations/80814058,"2023-05-01 09:57:06"
3794,86614,caterpillar,subclass,Pterygota,bee,0,1,2,1,https://www.inaturalist.org/observations/80812468,"2023-05-01 09:57:06"
3795,86612,caterpillar,subclass,Pterygota,bee,0,1,2,1,https://www.inaturalist.org/observations/80811783,"2022-09-26 09:57:05"
3796,86564,caterpillar,subclass,Pterygota,bee,0,1,2,1,https://www.inaturalist.org/observations/80794922,"2022-09-19 09:57:05"
3797,86538,bee,order,Ephemeroptera,Ephemeroptera,0,0,3,1,https://www.inaturalist.org/observations/80730733,"2022-09-12 09:54:06"
3798,85343,leafhopper,subclass,Pterygota,Psocodea,0,0,2,1,https://www.inaturalist.org/observations/80111413,"2022-06-13 06:00:08"
3799,80508,fly,genus,Homoneura,fly,0,0,2,0,https://www.inaturalist.org/observations/52685431,"2022-06-13 07:30:07"
3800,80494,fly,genus,Homoneura,fly,0,0,2,0,https://www.inaturalist.org/observations/52683547,"2022-06-13 07:30:07"
3801,79289,bee,subclass,Pterygota,fly,0,0,2,1,https://www.inaturalist.org/observations/51398070,"2022-06-13 07:48:07"
3802,76711,bee,family,Crabronidae,bee,0,0,2,0,https://www.inaturalist.org/observations/48264820,"2022-06-13 08:21:08"
3803,98745,spider,species,"Verrucosa arenata",spider,0,0,3,0,https://www.inaturalist.org/observations/87552909,"2023-06-05 09:24:06"
3804,98735,caterpillar,genus,Acronicta,caterpillar,0,0,2,0,https://www.inaturalist.org/observations/87552463,"2023-06-05 09:24:06"
3805,98729,caterpillar,genus,Acronicta,caterpillar,0,0,2,0,https://www.inaturalist.org/observations/87551739,"2023-06-05 09:24:06"
3806,98724,caterpillar,genus,Acronicta,caterpillar,0,0,2,0,https://www.inaturalist.org/observations/87550868,"2023-06-05 09:24:06"
3807,98716,caterpillar,genus,Acronicta,caterpillar,0,0,2,0,https://www.inaturalist.org/observations/87548257,"2023-06-05 09:24:06"
3808,98700,caterpillar,species,"Halysidota tessellaris",caterpillar,0,0,3,0,https://www.inaturalist.org/observations/87546854,"2023-06-05 09:24:06"
3809,98674,beetle,species,"Popillia japonica",beetle,0,0,3,0,https://www.inaturalist.org/observations/87544142,"2023-06-05 09:27:06"
3810,98669,fly,subclass,Pterygota,Psocodea,0,0,2,1,https://www.inaturalist.org/observations/87504101,"2023-06-05 09:27:06"
3811,98354,caterpillar,species,"Adoneta spinuloides",caterpillar,0,0,3,0,https://www.inaturalist.org/observations/87286891,"2023-06-05 09:27:06"
3812,98588,unidentified,suborder,Heteroptera,truebugs,0,0,1,0,https://www.inaturalist.org/observations/87281990,"2023-06-05 09:27:06"
3813,98540,beetle,species,"Macrodactylus subspinosus",beetle,0,0,2,0,https://www.inaturalist.org/observations/87274560,"2023-06-05 09:27:06"
3814,98532,beetle,species,"Cyrtepistomus castaneus",beetle,0,0,3,0,https://www.inaturalist.org/observations/87273886,"2023-06-05 09:27:06"
3815,98527,caterpillar,species,"Halysidota tessellaris",caterpillar,0,0,3,0,https://www.inaturalist.org/observations/87273222,"2023-06-05 09:27:06"
3816,98521,leafhopper,species,"Oncometopia orbona",leafhopper,0,0,3,0,https://www.inaturalist.org/observations/87272491,"2023-06-05 09:30:06"
3817,98497,caterpillar,species,"Halysidota harrisii",caterpillar,0,0,3,0,https://www.inaturalist.org/observations/87271254,"2023-06-05 09:30:06"
3818,98496,caterpillar,species,"Halysidota harrisii",caterpillar,0,0,3,0,https://www.inaturalist.org/observations/87270917,"2023-06-05 09:30:06"
3819,98494,caterpillar,species,"Halysidota harrisii",caterpillar,0,0,3,0,https://www.inaturalist.org/observations/87270653,"2023-06-05 09:30:06"
3820,98492,leafhopper,species,"Flatormenis proxima",leafhopper,0,0,2,0,https://www.inaturalist.org/observations/87270369,"2023-06-05 09:30:06"
3821,98479,caterpillar,species,"Acronicta americana",caterpillar,0,0,3,0,https://www.inaturalist.org/observations/87269469,"2023-06-05 09:30:06"
3822,98455,caterpillar,species,"Acronicta americana",caterpillar,0,0,3,0,https://www.inaturalist.org/observations/87267920,"2023-06-05 09:30:06"
3823,98440,leafhopper,species,"Metcalfa pruinosa",leafhopper,0,0,3,0,https://www.inaturalist.org/observations/87267619,"2023-06-05 09:30:06"
3824,98439,spider,family,Salticidae,spider,0,0,2,0,https://www.inaturalist.org/observations/87267281,"2023-06-05 09:30:06"
3825,98433,beetle,family,Elateridae,beetle,0,0,2,0,https://www.inaturalist.org/observations/87266949,"2023-06-05 09:30:06"
3826,98425,caterpillar,species,"Cecrita biundata",caterpillar,0,0,3,0,https://www.inaturalist.org/observations/87266278,"2023-06-05 09:30:06"
3827,98423,beetle,family,Elateridae,beetle,0,0,2,0,https://www.inaturalist.org/observations/87265925,"2023-06-05 09:30:06"
3828,98415,beetle,family,Elateridae,beetle,0,0,2,0,https://www.inaturalist.org/observations/87265609,"2023-06-05 09:30:06"
3829,98391,beetle,species,"Cyrtepistomus castaneus",beetle,0,0,3,0,https://www.inaturalist.org/observations/87264204,"2023-06-05 09:30:06"
3830,98390,beetle,family,Elateridae,beetle,0,0,2,0,https://www.inaturalist.org/observations/87263912,"2023-06-05 09:30:06"
3831,98385,beetle,species,"Pseudocneorhinus bifasciatus",beetle,0,0,2,0,https://www.inaturalist.org/observations/87263354,"2023-06-05 09:30:06"
3832,98343,caterpillar,species,"Acronicta americana",caterpillar,0,0,3,0,https://www.inaturalist.org/observations/87180511,"2023-06-05 09:30:06"
3833,98341,caterpillar,species,"Acronicta americana",caterpillar,0,0,3,0,https://www.inaturalist.org/observations/87179805,"2023-06-05 09:30:06"
3834,98340,fly,species,"Toxonevra superba",fly,0,0,4,0,https://www.inaturalist.org/observations/87179429,"2023-06-05 09:30:06"
3835,92422,caterpillar,genus,Acronicta,caterpillar,0,0,2,0,https://www.inaturalist.org/observations/87178165,"2023-06-05 09:30:06"
3836,92421,fly,genus,Condylostylus,fly,0,0,4,0,https://www.inaturalist.org/observations/87177853,"2023-06-05 09:30:06"
3837,92418,beetle,species,"Graphocephala versuta",leafhopper,0,0,4,1,https://www.inaturalist.org/observations/87176985,"2023-06-05 09:30:06"
3838,91167,moths,species,"Alypia octomaculata",moths,0,0,3,0,https://www.inaturalist.org/observations/87173554,"2023-06-05 09:30:06"
3839,98280,beetle,species,"Aphrastus taeniatus",beetle,0,0,4,0,https://www.inaturalist.org/observations/87144370,"2023-06-05 09:33:06"
3840,98275,leafhopper,species,"Ormenoides venusta",leafhopper,0,0,3,0,https://www.inaturalist.org/observations/87143407,"2023-06-05 09:33:06"
3841,98263,unidentified,order,Thysanoptera,Thysanoptera,0,0,1,0,https://www.inaturalist.org/observations/87143066,"2023-06-05 09:33:06"
3842,98262,caterpillar,family,Geometridae,caterpillar,0,0,2,0,https://www.inaturalist.org/observations/87142755,"2023-06-05 09:33:06"
3843,98232,other,subfamily,Tomocerinae,Entomobryomorpha,0,0,2,0,https://www.inaturalist.org/observations/87142118,"2023-06-05 09:33:06"
3844,98201,other,order,Entomobryomorpha,Entomobryomorpha,0,0,1,0,https://www.inaturalist.org/observations/87139433,"2023-06-05 09:33:06"
3845,98197,beetle,species,"Cyrtepistomus castaneus",beetle,0,0,3,0,https://www.inaturalist.org/observations/87138866,"2023-06-05 09:33:06"
3846,98132,beetle,genus,Calopteron,beetle,0,0,3,0,https://www.inaturalist.org/observations/87015666,"2023-06-05 09:33:06"
3847,98124,spider,genus,Hentzia,spider,0,0,3,0,https://www.inaturalist.org/observations/87014451,"2023-06-05 09:33:06"
3848,98119,beetle,family,Elateridae,beetle,0,0,2,0,https://www.inaturalist.org/observations/87009871,"2023-06-05 09:33:06"
3849,98024,grasshopper,genus,Oecanthus,grasshopper,0,0,3,0,https://www.inaturalist.org/observations/86992941,"2023-06-05 09:33:06"
3850,98022,beetle,species,"Horistonotus curiatus",beetle,0,0,3,0,https://www.inaturalist.org/observations/86992596,"2023-06-05 09:33:06"
3851,98007,beetle,species,"Harmonia axyridis",beetle,0,0,4,0,https://www.inaturalist.org/observations/86991856,"2023-06-05 09:33:06"
3852,97994,daddylonglegs,species,"Leiobunum vittatum",daddylonglegs,0,0,2,0,https://www.inaturalist.org/observations/86990298,"2023-06-05 09:33:06"
3853,97945,leafhopper,species,"Acanalonia conica",leafhopper,0,0,3,0,https://www.inaturalist.org/observations/86986938,"2023-06-05 09:36:05"
3854,97941,bee,suborder,Heteroptera,truebugs,0,0,4,1,https://www.inaturalist.org/observations/86986613,"2023-06-05 09:36:05"
3855,97935,beetle,species,"Pseudoedophrys hilleri",beetle,0,0,2,0,https://www.inaturalist.org/observations/86985718,"2023-06-05 09:36:05"
3856,97921,other,genus,Ectobius,Blattodea,0,0,2,0,https://www.inaturalist.org/observations/86983010,"2023-06-05 09:36:05"
3857,97909,caterpillar,species,"Hypagyrtis unipunctata",caterpillar,0,0,2,0,https://www.inaturalist.org/observations/86982316,"2023-06-05 09:36:05"
3858,97903,beetle,subfamily,Eumolpinae,beetle,0,0,2,0,https://www.inaturalist.org/observations/86981627,"2023-06-05 09:36:05"
3859,97894,leafhopper,species,"Acanalonia conica",leafhopper,0,0,3,0,https://www.inaturalist.org/observations/86979989,"2023-06-05 09:36:05"
3860,97882,beetle,species,"Pseudoedophrys hilleri",beetle,0,0,2,0,https://www.inaturalist.org/observations/86978344,"2023-06-05 09:36:05"
3861,97868,leafhopper,species,"Acanalonia conica",leafhopper,0,0,3,0,https://www.inaturalist.org/observations/86977238,"2023-06-05 09:36:05"
3862,97841,beetle,species,"Harmonia axyridis",beetle,1,0,3,0,https://www.inaturalist.org/observations/86977020,"2023-06-05 09:36:05"
3863,97773,caterpillar,family,Geometridae,caterpillar,0,0,2,0,https://www.inaturalist.org/observations/86935462,"2023-06-05 09:39:05"
3864,97771,beetle,species,"Panscopus impressus",beetle,0,0,2,0,https://www.inaturalist.org/observations/86935215,"2023-06-05 09:39:05"
3865,97753,caterpillar,family,Geometridae,caterpillar,0,0,2,0,https://www.inaturalist.org/observations/86934476,"2023-06-05 09:39:05"
3866,97744,caterpillar,family,Geometridae,caterpillar,0,0,2,0,https://www.inaturalist.org/observations/86934258,"2023-06-05 09:39:05"
3867,97722,caterpillar,species,"Cecrita guttivitta",caterpillar,0,0,3,0,https://www.inaturalist.org/observations/86933601,"2023-06-05 09:39:05"
3868,91103,beetle,species,"Conoderus lividus",beetle,0,0,3,0,https://www.inaturalist.org/observations/86912669,"2023-06-05 09:39:05"
3869,97649,beetle,family,Cantharidae,beetle,0,0,3,0,https://www.inaturalist.org/observations/86909697,"2023-06-05 09:39:05"
3870,96152,beetle,family,Chrysomelidae,beetle,0,0,2,0,https://www.inaturalist.org/observations/86908968,"2023-06-05 09:39:05"
3871,97616,other,species,"Philonix fulvicollis",bee,0,0,3,0,https://www.inaturalist.org/observations/86899190,"2023-06-05 09:39:05"
3872,97525,fly,complex,"Condylostylus sipho",fly,0,0,3,0,https://www.inaturalist.org/observations/86884823,"2023-06-05 09:39:05"
3873,97523,grasshopper,subclass,Pterygota,Neuroptera,0,0,2,1,https://www.inaturalist.org/observations/86884433,"2023-06-05 09:39:05"
3874,97447,fly,family,Calliphoridae,fly,0,0,2,0,https://www.inaturalist.org/observations/86878733,"2023-06-05 09:39:05"
3875,97445,fly,family,Calliphoridae,fly,0,0,2,0,https://www.inaturalist.org/observations/86877754,"2023-06-05 09:39:05"
3876,97437,truebugs,suborder,Heteroptera,truebugs,0,0,3,1,https://www.inaturalist.org/observations/86876210,"2023-06-05 09:39:05"
3877,97410,other,order,Psocodea,Psocodea,0,0,3,1,https://www.inaturalist.org/observations/86862297,"2023-06-05 09:39:05"
3878,97399,beetle,species,"Cyrtepistomus castaneus",beetle,0,0,4,0,https://www.inaturalist.org/observations/86860831,"2023-06-05 09:42:05"
3879,97395,leafhopper,species,"Ormenoides venusta",leafhopper,0,0,4,0,https://www.inaturalist.org/observations/86860004,"2023-06-05 09:42:05"
3880,97389,beetle,species,"Cyrtepistomus castaneus",beetle,0,0,4,0,https://www.inaturalist.org/observations/86858927,"2023-06-05 09:42:05"
3881,97362,beetle,family,Mordellidae,beetle,0,0,2,0,https://www.inaturalist.org/observations/86856858,"2023-06-05 09:42:05"
3882,97338,spider,genus,Phidippus,spider,0,0,3,0,https://www.inaturalist.org/observations/86856033,"2023-06-05 09:42:05"
3883,97327,spider,species,"Paraphidippus aurantius",spider,0,0,5,0,https://www.inaturalist.org/observations/86854835,"2023-06-05 09:42:05"
3884,97320,spider,species,"Verrucosa arenata",spider,0,0,3,0,https://www.inaturalist.org/observations/86854491,"2023-06-05 09:42:05"
3885,97319,caterpillar,species,"Halysidota tessellaris",caterpillar,0,0,3,0,https://www.inaturalist.org/observations/86854058,"2023-06-05 09:42:05"
3886,97314,caterpillar,species,"Acronicta americana",caterpillar,0,0,3,0,https://www.inaturalist.org/observations/86853333,"2023-06-05 09:42:05"
3887,97302,beetle,family,Elateridae,beetle,0,0,2,0,https://www.inaturalist.org/observations/86852569,"2023-06-05 09:42:05"
3888,97297,caterpillar,family,Geometridae,caterpillar,0,0,2,0,https://www.inaturalist.org/observations/86851663,"2023-06-05 09:42:05"
3889,97288,leafhopper,species,"Ormenoides venusta",leafhopper,0,0,3,0,https://www.inaturalist.org/observations/86851068,"2023-06-05 09:42:05"
3890,97279,beetle,family,Elateridae,beetle,0,0,2,0,https://www.inaturalist.org/observations/86850068,"2023-06-05 09:42:05"
3891,97266,leafhopper,species,"Aplos simplex",leafhopper,0,0,3,0,https://www.inaturalist.org/observations/86849129,"2023-06-05 09:42:05"
3892,97256,leafhopper,species,"Ormenoides venusta",leafhopper,0,0,3,0,https://www.inaturalist.org/observations/86847495,"2023-06-05 09:42:05"
3893,97254,leafhopper,species,"Pelitropis rotulata",leafhopper,0,0,2,0,https://www.inaturalist.org/observations/86846907,"2023-06-05 09:42:05"
3894,97231,leafhopper,species,"Flatormenis proxima",leafhopper,0,0,3,0,https://www.inaturalist.org/observations/86846242,"2023-06-05 09:42:05"
3895,95355,beetle,genus,Photinus,beetle,0,0,3,0,https://www.inaturalist.org/observations/86843791,"2023-06-05 09:42:05"
3896,97211,caterpillar,superfamily,Noctuoidea,caterpillar,0,0,3,0,https://www.inaturalist.org/observations/86741068,"2023-06-05 09:45:05"
3897,97137,caterpillar,family,Geometridae,caterpillar,0,0,2,0,https://www.inaturalist.org/observations/86708102,"2023-06-05 09:45:05"
3898,97132,caterpillar,family,Geometridae,caterpillar,0,0,2,0,https://www.inaturalist.org/observations/86707731,"2023-06-05 09:45:05"
3899,97131,caterpillar,superfamily,Zygaenoidea,caterpillar,0,0,2,0,https://www.inaturalist.org/observations/86707426,"2023-06-05 09:45:05"
3900,97109,other,subfamily,Tomocerinae,Entomobryomorpha,0,0,2,0,https://www.inaturalist.org/observations/86661218,"2023-06-05 09:45:05"
3901,97080,caterpillar,family,Geometridae,caterpillar,0,0,2,0,https://www.inaturalist.org/observations/86659441,"2023-06-05 09:45:05"
3902,97056,caterpillar,family,Geometridae,caterpillar,0,0,2,0,https://www.inaturalist.org/observations/86658881,"2023-06-05 09:45:05"
3903,97055,caterpillar,family,Geometridae,caterpillar,0,0,2,0,https://www.inaturalist.org/observations/86658503,"2023-06-05 09:45:05"
3904,97051,caterpillar,family,Geometridae,caterpillar,0,0,2,0,https://www.inaturalist.org/observations/86658198,"2023-06-05 09:45:05"
3905,97050,caterpillar,family,Geometridae,caterpillar,0,0,2,0,https://www.inaturalist.org/observations/86657841,"2023-06-05 09:45:05"
3906,97044,caterpillar,family,Geometridae,caterpillar,0,0,2,0,https://www.inaturalist.org/observations/86657532,"2023-06-05 09:45:05"
3907,97032,caterpillar,family,Geometridae,caterpillar,0,0,2,0,https://www.inaturalist.org/observations/86656912,"2023-06-05 09:45:05"
3908,96385,fly,genus,Condylostylus,fly,0,0,3,0,https://www.inaturalist.org/observations/86654116,"2023-06-05 09:45:05"
3909,96398,caterpillar,species,"Halysidota tessellaris",caterpillar,0,0,3,0,https://www.inaturalist.org/observations/86653010,"2023-06-05 09:45:05"
3910,96404,beetle,species,"Ochyromera ligustri",beetle,0,0,2,0,https://www.inaturalist.org/observations/86651447,"2023-06-05 09:45:05"
3911,96955,truebugs,subclass,Pterygota,beetle,0,0,2,1,https://www.inaturalist.org/observations/86403417,"2023-06-05 09:48:05"
3912,96920,bee,subclass,Pterygota,fly,0,0,2,1,https://www.inaturalist.org/observations/86398889,"2023-06-05 09:48:05"
3913,96849,aphid,superfamily,Curculionoidea,beetle,0,0,5,1,https://www.inaturalist.org/observations/86295879,"2023-06-05 09:48:05"
3914,96844,truebugs,superfamily,Pentatomoidea,truebugs,0,0,2,0,https://www.inaturalist.org/observations/86293255,"2023-06-05 09:48:05"
3915,96791,caterpillar,species,"Halysidota tessellaris",caterpillar,0,0,3,0,https://www.inaturalist.org/observations/86288037,"2023-06-05 09:51:05"
3916,96719,caterpillar,family,Geometridae,caterpillar,0,0,2,0,https://www.inaturalist.org/observations/86281740,"2023-06-05 09:51:05"
3917,96499,beetle,species,"Harmonia axyridis",beetle,0,0,4,0,https://www.inaturalist.org/observations/86180676,"2023-06-05 09:54:06"
3918,96341,fly,complex,"Condylostylus sipho",fly,0,0,3,0,https://www.inaturalist.org/observations/86038921,"2023-06-05 09:54:06"
3919,96215,caterpillar,family,Geometridae,caterpillar,0,0,2,0,https://www.inaturalist.org/observations/85994043,"2023-06-05 09:54:06"
3920,96200,caterpillar,family,Geometridae,caterpillar,0,0,2,0,https://www.inaturalist.org/observations/85993411,"2023-06-05 09:57:05"
3921,96180,caterpillar,family,Geometridae,caterpillar,0,0,2,0,https://www.inaturalist.org/observations/85992418,"2023-06-05 09:57:05"
3922,96151,caterpillar,family,Geometridae,caterpillar,0,0,2,0,https://www.inaturalist.org/observations/85959233,"2023-06-05 09:57:05"
3923,96148,caterpillar,family,Geometridae,caterpillar,0,0,2,0,https://www.inaturalist.org/observations/85959005,"2023-06-05 09:57:05"
3924,96055,caterpillar,family,Geometridae,caterpillar,0,0,2,0,https://www.inaturalist.org/observations/85955444,"2023-06-05 09:57:05"
3925,96044,caterpillar,family,Geometridae,caterpillar,0,0,2,0,https://www.inaturalist.org/observations/85955093,"2023-06-05 09:57:05"
3926,96043,caterpillar,species,"Hypagyrtis unipunctata",caterpillar,0,0,3,0,https://www.inaturalist.org/observations/85954860,"2023-06-05 09:57:05"
3927,95816,caterpillar,family,Geometridae,caterpillar,0,0,2,0,https://www.inaturalist.org/observations/85912505,"2023-05-29 09:30:27"
3928,95813,fly,complex,"Condylostylus sipho",fly,0,0,3,0,https://www.inaturalist.org/observations/85911875,"2023-05-29 09:30:27"
3929,95673,beetle,species,"Harmonia axyridis",beetle,1,0,3,0,https://www.inaturalist.org/observations/85835084,"2023-05-29 09:33:06"
3930,95609,beetle,species,"Harmonia axyridis",beetle,0,0,4,0,https://www.inaturalist.org/observations/85769590,"2023-05-29 09:36:05"
3931,95190,caterpillar,order,Lepidoptera,caterpillar,0,0,3,0,https://www.inaturalist.org/observations/85375487,"2023-05-29 09:36:05"
3932,95292,caterpillar,order,Polydesmida,Polydesmida,0,0,3,1,https://www.inaturalist.org/observations/85364359,"2023-05-29 09:36:05"
3933,95021,moths,species,"Ennomos subsignaria",moths,0,0,3,0,https://www.inaturalist.org/observations/85261759,"2023-05-29 09:39:06"
3934,95001,moths,species,"Ennomos subsignaria",moths,0,0,2,0,https://www.inaturalist.org/observations/85261486,"2023-05-29 09:39:06"
3935,94997,moths,species,"Ennomos subsignaria",moths,0,0,2,0,https://www.inaturalist.org/observations/85260451,"2023-05-29 09:39:06"
3936,94287,caterpillar,family,Geometridae,caterpillar,0,0,2,0,https://www.inaturalist.org/observations/85088101,"2023-05-29 09:42:05"
3937,94131,caterpillar,family,Geometridae,caterpillar,0,0,2,0,https://www.inaturalist.org/observations/84875659,"2023-05-29 09:45:06"
3938,94116,caterpillar,family,Geometridae,caterpillar,0,0,2,0,https://www.inaturalist.org/observations/84874740,"2023-05-29 09:45:06"
3939,93516,caterpillar,family,Geometridae,caterpillar,0,0,2,0,https://www.inaturalist.org/observations/84449394,"2023-05-29 09:48:05"
3940,93501,caterpillar,family,Geometridae,caterpillar,0,0,2,0,https://www.inaturalist.org/observations/84448656,"2023-05-29 09:48:05"
3941,93497,caterpillar,family,Geometridae,caterpillar,0,0,2,0,https://www.inaturalist.org/observations/84447970,"2023-05-29 09:48:05"
3942,93484,caterpillar,family,Geometridae,caterpillar,0,0,2,0,https://www.inaturalist.org/observations/84447663,"2023-05-29 09:48:05"
3943,93466,caterpillar,family,Geometridae,caterpillar,0,0,2,0,https://www.inaturalist.org/observations/84445448,"2023-05-29 09:51:06"
3944,93159,caterpillar,family,Geometridae,caterpillar,0,0,2,0,https://www.inaturalist.org/observations/84421776,"2023-05-29 09:54:06"
3945,92981,beetle,species,"Psyllobora vigintimaculata",beetle,1,0,3,0,https://www.inaturalist.org/observations/84302681,"2023-05-29 09:57:05"
3946,92911,caterpillar,family,Geometridae,caterpillar,0,0,2,0,https://www.inaturalist.org/observations/84296549,"2023-05-29 09:57:05"
3947,91000,fly,genus,Homoneura,fly,0,0,2,0,https://www.inaturalist.org/observations/83385207,"2023-05-22 09:39:06"
3948,90949,fly,genus,Homoneura,fly,0,0,2,0,https://www.inaturalist.org/observations/83380245,"2023-05-22 09:39:06"
3949,90242,fly,genus,Condylostylus,fly,0,0,3,0,https://www.inaturalist.org/observations/83138648,"2023-05-22 09:51:06"
3950,90225,fly,family,Keroplatidae,fly,0,0,2,0,https://www.inaturalist.org/observations/83136622,"2023-05-22 09:51:06"
3951,88857,other,order,Polydesmida,Polydesmida,0,0,1,0,https://www.inaturalist.org/observations/82417266,"2023-05-15 09:45:05"
3952,86659,caterpillar,family,Geometridae,caterpillar,0,0,2,0,https://www.inaturalist.org/observations/80822104,"2023-05-01 09:57:06"
3953,86648,caterpillar,family,Geometridae,caterpillar,0,0,2,0,https://www.inaturalist.org/observations/80819856,"2023-05-01 09:57:06"
3954,86643,caterpillar,family,Geometridae,caterpillar,0,0,2,0,https://www.inaturalist.org/observations/80819167,"2023-05-01 09:57:06"
3955,86583,caterpillar,family,Geometridae,caterpillar,0,0,2,0,https://www.inaturalist.org/observations/80802077,"2022-09-19 09:57:05"
3956,86479,caterpillar,family,Geometridae,caterpillar,0,0,2,0,https://www.inaturalist.org/observations/80671961,"2022-09-12 09:54:06"
3957,86449,caterpillar,family,Geometridae,caterpillar,0,0,2,0,https://www.inaturalist.org/observations/80663863,"2022-09-12 09:57:05"
3958,85380,caterpillar,family,Geometridae,caterpillar,0,0,2,0,https://www.inaturalist.org/observations/80232427,"2022-08-29 09:57:06"
3959,79498,beetle,species,"Harmonia axyridis",beetle,1,0,3,0,https://www.inaturalist.org/observations/51722766,"2022-06-13 07:45:06"
3960,99902,beetle,genus,Glyphonyx,beetle,0,0,3,0,https://www.inaturalist.org/observations/88260077,"2023-06-12 09:45:06"
3961,99901,caterpillar,species,"Acronicta retardata",caterpillar,0,0,3,0,https://www.inaturalist.org/observations/88259746,"2023-06-12 09:45:06"
3962,99859,other,order,Psocodea,Psocodea,0,0,3,0,https://www.inaturalist.org/observations/88258993,"2023-06-12 09:45:06"
3963,99852,spider,family,Salticidae,spider,0,0,2,0,https://www.inaturalist.org/observations/88258725,"2023-06-12 09:48:05"
3964,99823,spider,species,"Misumessus oblongus",spider,0,0,3,0,https://www.inaturalist.org/observations/88258156,"2023-06-12 09:48:05"
3965,99822,spider,family,Thomisidae,spider,0,0,2,0,https://www.inaturalist.org/observations/88257849,"2023-06-12 09:48:05"
3966,99811,beetle,species,"Conoderus lividus",beetle,0,0,3,0,https://www.inaturalist.org/observations/88257209,"2023-06-12 09:48:05"
3967,99804,beetle,species,"Cyrtepistomus castaneus",beetle,0,0,3,0,https://www.inaturalist.org/observations/88256845,"2023-06-12 09:48:05"
3968,99796,leafhopper,species,"Ormenoides venusta",leafhopper,0,0,5,0,https://www.inaturalist.org/observations/88256021,"2023-06-12 09:48:05"
3969,99793,caterpillar,species,"Morrisonia confusa",caterpillar,0,0,2,0,https://www.inaturalist.org/observations/88255329,"2023-06-12 09:48:05"
3970,99792,truebugs,family,Pentatomidae,truebugs,0,0,2,0,https://www.inaturalist.org/observations/88254935,"2023-06-12 09:48:05"
3971,99791,spider,family,Araneidae,spider,0,0,2,0,https://www.inaturalist.org/observations/88254616,"2023-06-12 09:48:05"
3972,99764,beetle,species,"Pseudocneorhinus bifasciatus",beetle,0,0,3,0,https://www.inaturalist.org/observations/88252509,"2023-06-12 09:48:05"
3973,99749,beetle,species,"Cyrtepistomus castaneus",beetle,0,0,4,0,https://www.inaturalist.org/observations/88251955,"2023-06-12 09:48:05"
3974,99748,beetle,family,Elateridae,beetle,0,0,2,0,https://www.inaturalist.org/observations/88251623,"2023-06-12 09:48:05"
3975,99744,grasshopper,genus,Oecanthus,grasshopper,0,0,3,0,https://www.inaturalist.org/observations/88251051,"2023-06-12 09:48:05"
3976,99743,caterpillar,species,"Halysidota tessellaris",caterpillar,0,0,3,0,https://www.inaturalist.org/observations/88250711,"2023-06-12 09:48:05"
3977,99736,beetle,family,Elateridae,beetle,0,0,2,0,https://www.inaturalist.org/observations/88250129,"2023-06-12 09:48:05"
3978,99707,truebugs,species,"Pselliopus barberi",truebugs,0,0,3,0,https://www.inaturalist.org/observations/88158182,"2023-06-12 09:48:05"
3979,99688,truebugs,species,"Pselliopus barberi",truebugs,0,0,1,0,https://www.inaturalist.org/observations/88156994,"2023-06-12 09:48:05"
3980,99681,caterpillar,species,"Acronicta americana",caterpillar,0,0,3,0,https://www.inaturalist.org/observations/88156277,"2023-06-12 09:48:05"
3981,99540,spider,family,Araneidae,spider,0,0,2,0,https://www.inaturalist.org/observations/88138875,"2023-06-12 09:48:05"
3982,99511,caterpillar,family,Geometridae,caterpillar,0,0,3,0,https://www.inaturalist.org/observations/88134956,"2023-06-12 09:48:05"
3983,99488,spider,superfamily,Araneoidea,spider,0,0,4,0,https://www.inaturalist.org/observations/88130782,"2023-06-12 09:48:05"
3984,99466,beetle,species,"Pseudoedophrys hilleri",beetle,0,0,3,0,https://www.inaturalist.org/observations/88126872,"2023-06-12 09:48:05"
3985,99465,spider,species,"Misumessus oblongus",spider,0,0,3,0,https://www.inaturalist.org/observations/88126518,"2023-06-12 09:48:05"
3986,99463,spider,species,"Misumessus oblongus",spider,0,0,3,0,https://www.inaturalist.org/observations/88126240,"2023-06-12 09:48:05"
3987,99460,spider,genus,Colonus,spider,0,0,2,0,https://www.inaturalist.org/observations/88125529,"2023-06-12 09:48:05"
3988,99458,fly,complex,"Condylostylus sipho",fly,0,0,3,0,https://www.inaturalist.org/observations/88125231,"2023-06-12 09:51:06"
3989,99456,spider,family,Anyphaenidae,spider,0,0,2,0,https://www.inaturalist.org/observations/88124922,"2023-06-12 09:51:06"
3990,99450,spider,genus,Colonus,spider,0,0,2,0,https://www.inaturalist.org/observations/88124243,"2023-06-12 09:51:06"
3991,99445,spider,genus,Larinioides,spider,0,0,2,0,https://www.inaturalist.org/observations/88123055,"2023-06-12 09:51:06"
3992,99436,grasshopper,genus,Oecanthus,grasshopper,0,0,3,0,https://www.inaturalist.org/observations/88120986,"2023-06-12 09:51:06"
3993,99433,beetle,species,"Cyrtepistomus castaneus",beetle,0,0,3,0,https://www.inaturalist.org/observations/88120688,"2023-06-12 09:51:06"
3994,99432,beetle,species,"Cyrtepistomus castaneus",beetle,0,0,3,0,https://www.inaturalist.org/observations/88120396,"2023-06-12 09:51:06"
3995,99428,beetle,species,"Cyrtepistomus castaneus",beetle,0,0,3,0,https://www.inaturalist.org/observations/88119847,"2023-06-12 09:51:06"
3996,99422,truebugs,family,Pentatomidae,truebugs,0,0,2,0,https://www.inaturalist.org/observations/88119238,"2023-06-12 09:51:06"
3997,99419,caterpillar,genus,Acronicta,caterpillar,0,0,2,0,https://www.inaturalist.org/observations/88118660,"2023-06-12 09:51:06"
3998,99413,beetle,species,"Cyrtepistomus castaneus",beetle,0,0,3,0,https://www.inaturalist.org/observations/88118105,"2023-06-12 09:51:06"
3999,99404,spider,genus,Colonus,spider,0,0,2,0,https://www.inaturalist.org/observations/88116593,"2023-06-12 09:51:06"
4000,99402,leafhopper,species,"Acanalonia conica",leafhopper,0,0,5,0,https://www.inaturalist.org/observations/88116368,"2023-06-12 09:51:06"
4001,99394,grasshopper,genus,Oecanthus,grasshopper,0,0,3,0,https://www.inaturalist.org/observations/88115549,"2023-06-12 09:51:06"
4002,99277,caterpillar,family,Geometridae,caterpillar,0,0,2,0,https://www.inaturalist.org/observations/88009437,"2023-06-12 09:51:06"
4003,99253,beetle,species,"Harmonia axyridis",beetle,0,0,4,0,https://www.inaturalist.org/observations/88002707,"2023-06-12 09:51:06"
4004,99246,bee,species,"Bombus impatiens",bee,0,0,5,0,https://www.inaturalist.org/observations/88001471,"2023-06-12 09:51:06"
4005,99245,bee,species,"Apis mellifera",bee,0,0,3,0,https://www.inaturalist.org/observations/88000974,"2023-06-12 09:51:06"
4006,99239,spider,genus,Philodromus,spider,0,0,5,0,https://www.inaturalist.org/observations/88000182,"2023-06-12 09:51:06"
4007,99227,beetle,species,"Harmonia axyridis",beetle,1,0,4,0,https://www.inaturalist.org/observations/87999475,"2023-06-12 09:51:06"
4008,99216,beetle,subfamily,Lepturinae,beetle,0,0,2,0,https://www.inaturalist.org/observations/87998733,"2023-06-12 09:51:06"
4009,99215,beetle,family,Elateridae,beetle,0,0,2,0,https://www.inaturalist.org/observations/87998390,"2023-06-12 09:51:06"
4010,99204,other,genus,Ectobius,Blattodea,0,0,2,0,https://www.inaturalist.org/observations/87995577,"2023-06-12 09:54:05"
4011,99202,grasshopper,genus,Scudderia,grasshopper,0,0,2,0,https://www.inaturalist.org/observations/87994878,"2023-06-12 09:54:05"
4012,99200,caterpillar,species,"Morrisonia latex",caterpillar,0,0,2,0,https://www.inaturalist.org/observations/87994177,"2023-06-12 09:54:05"
4013,99168,beetle,species,"Pantomorus cervinus",beetle,0,0,2,0,https://www.inaturalist.org/observations/87989466,"2023-06-12 09:54:05"
4014,99161,spider,genus,Hentzia,spider,0,0,3,0,https://www.inaturalist.org/observations/87988439,"2023-06-12 09:54:05"
4015,99155,beetle,species,"Pseudoedophrys hilleri",beetle,0,0,2,0,https://www.inaturalist.org/observations/87986928,"2023-06-12 09:54:05"
4016,99144,beetle,superfamily,Curculionoidea,beetle,0,0,5,0,https://www.inaturalist.org/observations/87986086,"2023-06-12 09:54:05"
4017,99138,unidentified,genus,Chrysoperla,Neuroptera,0,0,2,0,https://www.inaturalist.org/observations/87985232,"2023-06-12 09:54:05"
4018,99135,unidentified,order,Psocodea,Psocodea,0,0,1,0,https://www.inaturalist.org/observations/87984532,"2023-06-12 09:54:05"
4019,99124,beetle,species,"Pseudoedophrys hilleri",beetle,0,0,2,0,https://www.inaturalist.org/observations/87982841,"2023-06-12 09:54:05"
4020,99121,spider,family,Salticidae,spider,0,0,2,0,https://www.inaturalist.org/observations/87982289,"2023-06-12 09:54:05"
4021,99059,beetle,species,"Propylea quatuordecimpunctata",beetle,1,0,3,0,https://www.inaturalist.org/observations/87899339,"2023-06-12 09:54:05"
4022,99047,leafhopper,species,"Japananus hyalinus",leafhopper,0,0,2,0,https://www.inaturalist.org/observations/87897358,"2023-06-12 09:54:05"
4023,99000,caterpillar,species,"Hyphantria cunea",caterpillar,0,0,4,0,https://www.inaturalist.org/observations/87860980,"2023-06-12 09:57:05"
4024,98991,beetle,family,Elateridae,beetle,0,0,2,0,https://www.inaturalist.org/observations/87860183,"2023-06-12 09:57:05"
4025,98982,grasshopper,genus,Oecanthus,grasshopper,0,0,3,0,https://www.inaturalist.org/observations/87859300,"2023-06-12 09:57:05"
4026,98975,beetle,family,Elateridae,beetle,0,0,2,0,https://www.inaturalist.org/observations/87858929,"2023-06-12 09:57:05"
4027,98970,leafhopper,species,"Flatormenis proxima",leafhopper,0,0,4,0,https://www.inaturalist.org/observations/87858315,"2023-06-12 09:57:05"
4028,98967,caterpillar,family,Geometridae,caterpillar,0,0,2,0,https://www.inaturalist.org/observations/87857899,"2023-06-12 09:57:05"
4029,98962,truebugs,species,"Zelus luridus",truebugs,0,0,2,0,https://www.inaturalist.org/observations/87856325,"2023-06-12 09:57:05"
4030,98914,spider,genus,Colonus,spider,0,0,2,0,https://www.inaturalist.org/observations/87851833,"2023-06-12 09:57:05"
4031,98911,spider,genus,Colonus,spider,0,0,2,0,https://www.inaturalist.org/observations/87851552,"2023-06-12 09:57:05"
4032,98899,caterpillar,species,"Acronicta americana",caterpillar,0,0,3,0,https://www.inaturalist.org/observations/87850646,"2023-06-12 09:57:05"
4033,98885,caterpillar,species,"Lithacodes fasciola",caterpillar,0,0,4,0,https://www.inaturalist.org/observations/87850236,"2023-06-12 09:57:05"
4034,98853,ant,genus,Myrmica,ant,0,0,2,0,https://www.inaturalist.org/observations/87847689,"2023-06-12 09:57:05"
4035,98843,ant,species,"Camponotus subbarbatus",ant,0,0,4,0,https://www.inaturalist.org/observations/87844155,"2023-06-12 09:57:05"
4036,98774,leafhopper,species,"Jikradia olitoria",leafhopper,0,0,2,0,https://www.inaturalist.org/observations/87712611,"2023-06-05 09:24:06"
4037,98773,grasshopper,genus,Anaxipha,grasshopper,0,0,2,0,https://www.inaturalist.org/observations/87712256,"2023-06-05 09:24:06"
4038,98769,truebugs,species,"Lasiomerus annulatus",truebugs,0,0,3,0,https://www.inaturalist.org/observations/87711185,"2023-06-05 09:24:06"
4039,98768,fly,family,Chironomidae,fly,0,0,2,0,https://www.inaturalist.org/observations/87710893,"2023-06-05 09:24:06"
4040,98766,ant,suborder,Apocrita,bee,0,0,2,1,https://www.inaturalist.org/observations/87710144,"2023-06-05 09:24:06"
4041,98759,beetle,family,Coccinellidae,beetle,0,0,4,0,https://www.inaturalist.org/observations/87707891,"2023-06-05 09:24:06"
4042,98758,beetle,species,"Brachiacantha decempustulata",beetle,0,0,3,0,https://www.inaturalist.org/observations/87707604,"2023-06-05 09:24:06"
4043,98755,ant,tribe,Tapinomini,ant,0,0,2,0,https://www.inaturalist.org/observations/87706897,"2023-06-05 09:24:06"
4044,98754,beetle,species,"Scirtes orbiculatus",beetle,0,0,3,0,https://www.inaturalist.org/observations/87706532,"2023-06-05 09:24:06"
4045,98668,unidentified,genus,Oecanthus,grasshopper,0,0,2,0,https://www.inaturalist.org/observations/87503268,"2023-06-05 09:27:06"
4046,98632,grasshopper,genus,Oecanthus,grasshopper,0,0,3,0,https://www.inaturalist.org/observations/87425790,"2023-06-05 09:27:06"
4047,98344,spider,genus,Colonus,spider,0,0,2,0,https://www.inaturalist.org/observations/87290873,"2023-06-05 09:27:06"
4048,98351,truebugs,family,Pentatomidae,truebugs,0,0,2,0,https://www.inaturalist.org/observations/87287709,"2023-06-05 09:27:06"
4049,98515,beetle,genus,Photinus,beetle,0,0,4,0,https://www.inaturalist.org/observations/87272143,"2023-06-05 09:30:06"
4050,98490,spider,species,"Verrucosa arenata",spider,0,0,3,0,https://www.inaturalist.org/observations/87270127,"2023-06-05 09:30:06"
4051,98342,grasshopper,genus,Oecanthus,grasshopper,0,0,3,0,https://www.inaturalist.org/observations/87180120,"2023-06-05 09:30:06"
4052,92412,spider,family,Thomisidae,spider,0,0,2,0,https://www.inaturalist.org/observations/87175600,"2023-06-05 09:30:06"
4053,98303,truebugs,species,"Podisus maculiventris",truebugs,0,0,2,0,https://www.inaturalist.org/observations/87146069,"2023-06-05 09:33:06"
4054,98278,spider,family,Thomisidae,spider,0,0,2,0,https://www.inaturalist.org/observations/87143729,"2023-06-05 09:33:06"
4055,98205,beetle,species,"Demotina modesta",beetle,0,0,3,0,https://www.inaturalist.org/observations/87140724,"2023-06-05 09:33:06"
4056,98128,truebugs,family,Pentatomidae,truebugs,0,0,2,0,https://www.inaturalist.org/observations/87015244,"2023-06-05 09:33:06"
4057,97948,unidentified,order,Diptera,fly,0,0,1,0,https://www.inaturalist.org/observations/86987269,"2023-06-05 09:36:05"
4058,97932,truebugs,family,Tingidae,truebugs,0,0,2,0,https://www.inaturalist.org/observations/86984721,"2023-06-05 09:36:05"
4059,97913,truebugs,family,Tingidae,truebugs,0,0,2,0,https://www.inaturalist.org/observations/86982674,"2023-06-05 09:36:05"
4060,97274,truebugs,species,"Pselliopus barberi",truebugs,0,0,3,0,https://www.inaturalist.org/observations/86849388,"2023-06-05 09:42:05"
4061,95364,caterpillar,family,Geometridae,caterpillar,0,0,2,0,https://www.inaturalist.org/observations/86844801,"2023-06-05 09:42:05"
4062,95362,moths,species,"Halysidota tessellaris",moths,0,0,3,0,https://www.inaturalist.org/observations/86843074,"2023-06-05 09:45:05"
4063,95387,beetle,genus,Photuris,beetle,0,0,3,0,https://www.inaturalist.org/observations/86840890,"2023-06-05 09:45:05"
4064,96694,spider,species,"Verrucosa arenata",spider,0,0,3,0,https://www.inaturalist.org/observations/86280352,"2023-06-05 09:51:05"
4065,96374,grasshopper,genus,Oecanthus,grasshopper,0,0,3,0,https://www.inaturalist.org/observations/86042132,"2023-06-05 09:54:06"
4066,96366,truebugs,species,"Pselliopus barberi",truebugs,0,0,2,0,https://www.inaturalist.org/observations/86041752,"2023-06-05 09:54:06"
4067,96283,beetle,family,Coccinellidae,beetle,1,0,2,0,https://www.inaturalist.org/observations/86033464,"2023-06-05 09:54:06"
4068,96242,grasshopper,genus,Oecanthus,grasshopper,0,0,3,0,https://www.inaturalist.org/observations/86030330,"2023-06-05 09:54:06"
4069,7062,fly,genus,Homoneura,fly,0,0,2,0,https://www.inaturalist.org/observations/58231598,"2022-06-13 06:51:07"
4070,4039,unidentified,order,Neuroptera,Neuroptera,0,0,1,0,https://www.inaturalist.org/observations/17848491,"2022-05-16 09:36:06"
4071,265,unidentified,order,Hymenoptera,bee,0,0,1,0,https://www.inaturalist.org/observations/17848301,"2022-05-16 09:39:08"
4072,101579,caterpillar,species,"Elaphria versicolor",caterpillar,0,0,3,0,https://www.inaturalist.org/observations/89393250,"2023-06-12 09:30:07"
4073,101255,caterpillar,species,"Elaphria versicolor",caterpillar,0,0,3,0,https://www.inaturalist.org/observations/89204906,"2023-06-12 09:33:05"
4074,101197,caterpillar,species,"Hypagyrtis unipunctata",caterpillar,0,0,2,0,https://www.inaturalist.org/observations/89201459,"2023-06-12 09:33:05"
4075,101191,spider,genus,Colonus,spider,0,0,2,0,https://www.inaturalist.org/observations/89200637,"2023-06-12 09:33:05"
4076,101190,spider,species,"Synema parvulum",spider,0,0,3,0,https://www.inaturalist.org/observations/89200179,"2023-06-12 09:33:05"
4077,101167,caterpillar,species,"Acronicta americana",caterpillar,0,0,3,0,https://www.inaturalist.org/observations/89197956,"2023-06-12 09:33:05"
4078,101134,caterpillar,species,"Acronicta americana",caterpillar,0,0,3,0,https://www.inaturalist.org/observations/89196744,"2023-06-12 09:33:05"
4079,101097,caterpillar,species,"Hypagyrtis unipunctata",caterpillar,0,0,2,0,https://www.inaturalist.org/observations/89193839,"2023-06-12 09:33:05"
4080,101092,caterpillar,species,"Halysidota harrisii",caterpillar,0,0,3,0,https://www.inaturalist.org/observations/89192917,"2023-06-12 09:33:05"
4081,101090,other,genus,Micromus,Neuroptera,0,0,3,0,https://www.inaturalist.org/observations/89192600,"2023-06-12 09:33:05"
4082,101084,grasshopper,genus,Oecanthus,grasshopper,0,0,3,0,https://www.inaturalist.org/observations/89191480,"2023-06-12 09:36:06"
4083,101081,spider,species,"Paraphidippus aurantius",spider,0,0,2,0,https://www.inaturalist.org/observations/89191162,"2023-06-12 09:36:06"
4084,101075,truebugs,superfamily,Pentatomoidea,truebugs,0,0,2,0,https://www.inaturalist.org/observations/89190487,"2023-06-12 09:36:06"
4085,101071,fly,subclass,Pterygota,Psocodea,0,0,2,1,https://www.inaturalist.org/observations/89189514,"2023-06-12 09:36:06"
4086,101056,beetle,family,Elateridae,beetle,0,0,2,0,https://www.inaturalist.org/observations/89188981,"2023-06-12 09:36:06"
4087,101054,grasshopper,species,"Phyllopalpus pulchellus",grasshopper,0,0,4,0,https://www.inaturalist.org/observations/89188312,"2023-06-12 09:36:06"
4088,101052,leafhopper,species,"Ormenoides venusta",leafhopper,0,0,4,0,https://www.inaturalist.org/observations/89187957,"2023-06-12 09:36:06"
4089,101048,caterpillar,species,"Elaphria versicolor",caterpillar,0,0,3,0,https://www.inaturalist.org/observations/89187370,"2023-06-12 09:36:06"
4090,101027,caterpillar,species,"Parallelia bistriaris",caterpillar,0,0,3,0,https://www.inaturalist.org/observations/89186098,"2023-06-12 09:36:06"
4091,101012,caterpillar,species,"Morrisonia confusa",caterpillar,0,0,2,0,https://www.inaturalist.org/observations/89185043,"2023-06-12 09:36:06"
4092,100994,caterpillar,species,"Hypagyrtis unipunctata",caterpillar,0,0,3,0,https://www.inaturalist.org/observations/89183283,"2023-06-12 09:36:06"
4093,100904,ant,subgenus,Myrmentoma,ant,0,0,2,0,https://www.inaturalist.org/observations/89056244,"2023-06-12 09:36:06"
4094,100882,grasshopper,species,"Phyllopalpus pulchellus",grasshopper,0,0,3,0,https://www.inaturalist.org/observations/89053105,"2023-06-12 09:36:06"
4095,100861,beetle,species,"Harmonia axyridis",beetle,1,0,3,0,https://www.inaturalist.org/observations/88982783,"2023-06-12 09:36:06"
4096,100859,beetle,species,"Calopteron reticulatum",beetle,0,0,3,0,https://www.inaturalist.org/observations/88982515,"2023-06-12 09:36:06"
4097,100856,truebugs,family,Pentatomidae,truebugs,0,0,2,0,https://www.inaturalist.org/observations/88973702,"2023-06-12 09:36:06"
4098,100855,ant,complex,"Formica pallidefulva",ant,0,0,2,0,https://www.inaturalist.org/observations/88973397,"2023-06-12 09:36:06"
4099,100853,bee,species,"Apis mellifera",bee,0,0,3,0,https://www.inaturalist.org/observations/88973048,"2023-06-12 09:36:06"
4100,100834,beetle,species,"Popillia japonica",beetle,0,0,3,0,https://www.inaturalist.org/observations/88971217,"2023-06-12 09:39:05"
4101,100828,beetle,species,"Macrodactylus subspinosus",beetle,0,0,3,0,https://www.inaturalist.org/observations/88969447,"2023-06-12 09:39:05"
4102,100827,caterpillar,species,"Acronicta afflicta",caterpillar,0,0,3,0,https://www.inaturalist.org/observations/88969113,"2023-06-12 09:39:05"
4103,100825,grasshopper,family,Mantidae,Mantodea,0,0,3,1,https://www.inaturalist.org/observations/88968211,"2023-06-12 09:39:05"
4104,100847,ant,subgenus,Crematogaster,ant,0,0,2,0,https://www.inaturalist.org/observations/88963863,"2023-06-12 09:39:05"
4105,100846,bee,tribe,Augochlorini,bee,0,0,2,0,https://www.inaturalist.org/observations/88963564,"2023-06-12 09:39:05"
4106,100844,caterpillar,species,"Harmonia axyridis",beetle,0,0,3,1,https://www.inaturalist.org/observations/88963222,"2023-06-12 09:39:05"
4107,100807,beetle,species,"Strophosoma melanogrammum",beetle,0,0,2,0,https://www.inaturalist.org/observations/88940622,"2023-06-12 09:39:05"
4108,100806,beetle,family,Elateridae,beetle,0,0,3,0,https://www.inaturalist.org/observations/88940005,"2023-06-12 09:39:05"
4109,100801,beetle,family,Lampyridae,beetle,0,0,2,0,https://www.inaturalist.org/observations/88938694,"2023-06-12 09:39:05"
4110,100800,leafhopper,species,"Acanalonia servillei",leafhopper,0,0,4,0,https://www.inaturalist.org/observations/88938440,"2023-06-12 09:39:05"
4111,100799,spider,family,Salticidae,spider,0,0,2,0,https://www.inaturalist.org/observations/88938107,"2023-06-12 09:39:05"
4112,100797,beetle,species,"Harmonia axyridis",beetle,0,0,4,0,https://www.inaturalist.org/observations/88937901,"2023-06-12 09:39:05"
4113,100794,unidentified,species,"Tapinoma sessile",ant,0,0,2,0,https://www.inaturalist.org/observations/88937709,"2023-06-12 09:39:05"
4114,100778,beetle,suborder,Heteroptera,truebugs,0,0,3,1,https://www.inaturalist.org/observations/88936977,"2023-06-12 09:39:05"
4115,100757,truebugs,species,"Halyomorpha halys",truebugs,0,0,3,0,https://www.inaturalist.org/observations/88934524,"2023-06-12 09:39:05"
4116,100755,leafhopper,species,"Acanalonia servillei",leafhopper,0,0,4,0,https://www.inaturalist.org/observations/88934266,"2023-06-12 09:39:05"
4117,100752,other,species,"Sympetrum vicinum",Odonata,0,0,3,0,https://www.inaturalist.org/observations/88933615,"2023-06-12 09:39:05"
4118,100715,beetle,species,"Cyrtepistomus castaneus",beetle,0,0,4,0,https://www.inaturalist.org/observations/88874243,"2023-06-12 09:42:06"
4119,100714,beetle,species,"Cyrtepistomus castaneus",beetle,0,0,3,0,https://www.inaturalist.org/observations/88873974,"2023-06-12 09:42:06"
4120,100713,ant,genus,Myrmica,ant,0,0,2,0,https://www.inaturalist.org/observations/88873694,"2023-06-12 09:42:06"
4121,100663,leafhopper,species,"Metcalfa pruinosa",leafhopper,0,0,3,0,https://www.inaturalist.org/observations/88822694,"2023-06-12 09:42:06"
4122,100660,other,species,"Chrysopa nigricornis",Neuroptera,0,0,2,0,https://www.inaturalist.org/observations/88821958,"2023-06-12 09:42:06"
4123,100659,beetle,species,"Conoderus lividus",beetle,0,0,3,0,https://www.inaturalist.org/observations/88821650,"2023-06-12 09:42:06"
4124,100653,ant,species,"Camponotus pennsylvanicus",ant,0,0,3,0,https://www.inaturalist.org/observations/88821349,"2023-06-12 09:42:06"
4125,100651,beetle,subfamily,Cryptocephalinae,beetle,0,0,2,0,https://www.inaturalist.org/observations/88821014,"2023-06-12 09:42:06"
4126,100650,beetle,species,"Pseudocneorhinus bifasciatus",beetle,0,0,3,0,https://www.inaturalist.org/observations/88820664,"2023-06-12 09:42:06"
4127,100635,other,family,Chrysopidae,Neuroptera,0,0,2,0,https://www.inaturalist.org/observations/88819283,"2023-06-12 09:42:06"
4128,100594,beetle,subfamily,Eumolpinae,beetle,0,0,2,0,https://www.inaturalist.org/observations/88816617,"2023-06-12 09:42:06"
4129,100593,caterpillar,species,"Halysidota tessellaris",caterpillar,0,0,3,0,https://www.inaturalist.org/observations/88816234,"2023-06-12 09:42:06"
4130,100587,leafhopper,species,"Metcalfa pruinosa",leafhopper,0,0,3,0,https://www.inaturalist.org/observations/88815203,"2023-06-12 09:42:06"
4131,100574,caterpillar,genus,Datana,caterpillar,0,0,3,0,https://www.inaturalist.org/observations/88814125,"2023-06-12 09:42:06"
4132,100570,beetle,family,Elateridae,beetle,0,0,2,0,https://www.inaturalist.org/observations/88813496,"2023-06-12 09:42:06"
4133,100565,beetle,subfamily,Eumolpinae,beetle,0,0,2,0,https://www.inaturalist.org/observations/88812491,"2023-06-12 09:42:06"
4134,100562,beetle,species,"Harmonia axyridis",beetle,0,0,3,0,https://www.inaturalist.org/observations/88812193,"2023-06-12 09:42:06"
4135,100512,beetle,species,"Calopteron reticulatum",beetle,0,0,3,0,https://www.inaturalist.org/observations/88704231,"2023-06-12 09:45:06"
4136,100498,ant,species,"Pseudomyrmex gracilis",ant,0,0,3,0,https://www.inaturalist.org/observations/88692684,"2023-06-12 09:45:06"
4137,100477,grasshopper,genus,Scudderia,grasshopper,0,0,2,0,https://www.inaturalist.org/observations/88687621,"2023-06-12 09:45:06"
4138,100439,beetle,subfamily,Eumolpinae,beetle,0,0,2,0,https://www.inaturalist.org/observations/88684862,"2023-06-12 09:45:06"
4139,100435,beetle,order,Psocodea,Psocodea,0,0,3,1,https://www.inaturalist.org/observations/88684551,"2023-06-12 09:45:06"
4140,100290,unidentified,species,"Pseudoedophrys hilleri",beetle,0,0,2,0,https://www.inaturalist.org/observations/88441156,"2023-06-12 09:45:06"
4141,100287,caterpillar,species,"Halysidota tessellaris",caterpillar,0,0,3,0,https://www.inaturalist.org/observations/88440675,"2023-06-12 09:45:06"
4142,100247,caterpillar,species,"Halysidota tessellaris",caterpillar,0,0,3,0,https://www.inaturalist.org/observations/88437097,"2023-06-12 09:45:06"
4143,100182,caterpillar,species,"Halysidota tessellaris",caterpillar,0,0,3,0,https://www.inaturalist.org/observations/88389420,"2023-06-12 09:45:06"
4144,100180,caterpillar,genus,Acronicta,caterpillar,0,0,2,0,https://www.inaturalist.org/observations/88388175,"2023-06-12 09:45:06"
4145,100178,caterpillar,genus,Acronicta,caterpillar,0,0,2,0,https://www.inaturalist.org/observations/88387803,"2023-06-12 09:45:06"
4146,100161,caterpillar,genus,Acronicta,caterpillar,0,0,2,0,https://www.inaturalist.org/observations/88386360,"2023-06-12 09:45:06"
4147,100157,caterpillar,genus,Acronicta,caterpillar,0,0,2,0,https://www.inaturalist.org/observations/88386018,"2023-06-12 09:45:06"
4148,100155,caterpillar,species,"Halysidota tessellaris",caterpillar,0,0,3,0,https://www.inaturalist.org/observations/88385259,"2023-06-12 09:45:06"
4149,100147,caterpillar,genus,Acronicta,caterpillar,0,0,2,0,https://www.inaturalist.org/observations/88384296,"2023-06-12 09:45:06"
4150,100144,caterpillar,species,"Halysidota tessellaris",caterpillar,0,0,3,0,https://www.inaturalist.org/observations/88383967,"2023-06-12 09:45:06"
4151,99201,fly,family,Mordellidae,beetle,0,0,3,1,https://www.inaturalist.org/observations/87994510,"2023-06-12 09:54:05"
4152,99196,beetle,order,Thysanoptera,Thysanoptera,0,0,3,1,https://www.inaturalist.org/observations/87991712,"2023-06-12 09:54:05"
4153,98777,truebugs,order,Coleoptera,beetle,0,0,3,1,https://www.inaturalist.org/observations/87713678,"2023-06-05 09:24:06"
4154,95359,caterpillar,subclass,Pterygota,bee,0,1,2,1,https://www.inaturalist.org/observations/86843270,"2023-06-05 09:45:05"
4155,92792,other,superfamily,Tenthredinoidea,bee,0,1,1,0,https://www.inaturalist.org/observations/84202204,"2023-05-22 09:12:05"
4156,91125,caterpillar,species,"Lymantria dispar",caterpillar,0,0,3,0,https://www.inaturalist.org/observations/83419697,"2023-05-22 09:36:06"
4157,102419,caterpillar,species,"Halysidota tessellaris",caterpillar,0,0,3,0,https://www.inaturalist.org/observations/90257303,"2023-06-19 09:57:06"
4158,102417,caterpillar,species,"Halysidota tessellaris",caterpillar,0,0,3,0,https://www.inaturalist.org/observations/90257041,"2023-06-19 09:57:06"
4159,102416,caterpillar,species,"Halysidota tessellaris",caterpillar,0,0,3,0,https://www.inaturalist.org/observations/90256742,"2023-06-19 09:57:06"
4160,102412,caterpillar,species,"Halysidota tessellaris",caterpillar,0,0,3,0,https://www.inaturalist.org/observations/90255424,"2023-06-19 09:57:06"
4161,102403,caterpillar,species,"Halysidota tessellaris",caterpillar,0,0,3,0,https://www.inaturalist.org/observations/90254597,"2023-06-19 09:57:06"
4162,102399,caterpillar,species,"Halysidota tessellaris",caterpillar,0,0,3,0,https://www.inaturalist.org/observations/90254026,"2023-06-19 09:57:06"
4163,100952,caterpillar,genus,Asterocampa,caterpillar,0,0,3,0,https://www.inaturalist.org/observations/90212785,"2023-06-19 09:57:06"
4164,100973,fly,genus,Rivellia,fly,0,0,2,0,https://www.inaturalist.org/observations/90210349,"2023-06-19 09:57:06"
4165,100964,caterpillar,species,"Apatelodes torrefacta",caterpillar,0,0,3,0,https://www.inaturalist.org/observations/90209539,"2023-06-19 09:57:06"
4166,100960,fly,species,"Toxomerus politus",fly,0,0,4,0,https://www.inaturalist.org/observations/90209191,"2023-06-19 09:57:06"
4167,100953,beetle,species,"Conoderus lividus",beetle,0,0,3,0,https://www.inaturalist.org/observations/90208357,"2023-06-19 09:57:06"
4168,102356,caterpillar,species,"Orgyia definita",caterpillar,0,0,4,0,https://www.inaturalist.org/observations/90184348,"2023-06-19 09:57:06"
4169,102353,caterpillar,species,"Elaphria versicolor",caterpillar,0,0,3,0,https://www.inaturalist.org/observations/90181162,"2023-06-19 09:57:06"
4170,102126,caterpillar,subfamily,Erebinae,caterpillar,0,0,2,0,https://www.inaturalist.org/observations/90033547,"2023-06-12 09:24:06"
4171,102114,beetle,species,"Cyrtepistomus castaneus",beetle,0,0,5,0,https://www.inaturalist.org/observations/89980824,"2023-06-12 09:24:06"
4172,102091,caterpillar,species,"Halysidota tessellaris",caterpillar,0,0,3,0,https://www.inaturalist.org/observations/89935624,"2023-06-12 09:24:06"
4173,102063,beetle,species,"Cyrtepistomus castaneus",beetle,0,0,3,0,https://www.inaturalist.org/observations/89931166,"2023-06-12 09:24:06"
4174,101976,other,genus,Chrysoperla,Neuroptera,0,0,3,0,https://www.inaturalist.org/observations/89912594,"2023-06-12 09:24:06"
4175,101969,truebugs,species,"Zelus luridus",truebugs,0,0,3,0,https://www.inaturalist.org/observations/89911616,"2023-06-12 09:24:06"
4176,101968,truebugs,species,"Zelus luridus",truebugs,0,0,3,0,https://www.inaturalist.org/observations/89911342,"2023-06-12 09:24:06"
4177,101960,leafhopper,order,Psocodea,Psocodea,0,0,3,1,https://www.inaturalist.org/observations/89910331,"2023-06-12 09:24:06"
4178,101958,leafhopper,order,Psocodea,Psocodea,0,0,4,1,https://www.inaturalist.org/observations/89909968,"2023-06-12 09:24:06"
4179,101956,aphid,subclass,Pterygota,Psocodea,0,0,2,1,https://www.inaturalist.org/observations/89909743,"2023-06-12 09:24:06"
4180,101953,truebugs,species,"Zelus luridus",truebugs,0,0,3,0,https://www.inaturalist.org/observations/89908908,"2023-06-12 09:24:06"
4181,101947,ant,genus,Myrmica,ant,0,0,3,0,https://www.inaturalist.org/observations/89908353,"2023-06-12 09:27:06"
4182,101936,leafhopper,genus,Cedusa,leafhopper,0,0,2,0,https://www.inaturalist.org/observations/89906803,"2023-06-12 09:27:06"
4183,101934,beetle,species,"Cyrtepistomus castaneus",beetle,0,0,3,0,https://www.inaturalist.org/observations/89906186,"2023-06-12 09:27:06"
4184,101928,truebugs,species,"Zelus luridus",truebugs,0,0,2,0,https://www.inaturalist.org/observations/89905640,"2023-06-12 09:27:06"
4185,101895,leafhopper,species,"Jikradia olitoria",leafhopper,0,0,2,0,https://www.inaturalist.org/observations/89816901,"2023-06-12 09:27:06"
4186,101888,fly,species,"Delphinia picta",fly,0,0,3,0,https://www.inaturalist.org/observations/89814843,"2023-06-12 09:27:06"
4187,101886,leafhopper,species,"Orientus ishidae",leafhopper,0,0,2,0,https://www.inaturalist.org/observations/89814141,"2023-06-12 09:27:06"
4188,101885,ant,species,"Camponotus nearcticus",ant,0,0,3,0,https://www.inaturalist.org/observations/89813778,"2023-06-12 09:27:06"
4189,101866,caterpillar,species,"Orgyia definita",caterpillar,0,0,4,0,https://www.inaturalist.org/observations/89808284,"2023-06-12 09:27:06"
4190,101772,ant,species,"Camponotus subbarbatus",ant,0,0,3,0,https://www.inaturalist.org/observations/89783795,"2023-06-12 09:27:06"
4191,101770,ant,genus,Myrmica,ant,0,0,2,0,https://www.inaturalist.org/observations/89782130,"2023-06-12 09:27:06"
4192,101768,fly,order,Hemiptera,truebugs,0,0,3,1,https://www.inaturalist.org/observations/89779476,"2023-06-12 09:27:06"
4193,101765,spider,genus,Theridula,spider,0,0,2,0,https://www.inaturalist.org/observations/89670159,"2023-06-12 09:27:06"
4194,101763,spider,species,"Synemosyna formica",spider,0,0,3,0,https://www.inaturalist.org/observations/89669379,"2023-06-12 09:27:06"
4195,101762,beetle,subfamily,Scymninae,beetle,0,0,3,0,https://www.inaturalist.org/observations/89668995,"2023-06-12 09:27:06"
4196,101760,leafhopper,species,"Ormenoides venusta",leafhopper,0,0,3,0,https://www.inaturalist.org/observations/89668253,"2023-06-12 09:27:06"
4197,101759,spider,family,Dictynidae,spider,0,0,2,0,https://www.inaturalist.org/observations/89667902,"2023-06-12 09:27:06"
4198,101756,spider,family,Dictynidae,spider,0,0,2,0,https://www.inaturalist.org/observations/89665389,"2023-06-12 09:30:07"
4199,101755,spider,family,Dictynidae,spider,0,0,2,0,https://www.inaturalist.org/observations/89664927,"2023-06-12 09:30:07"
4200,101754,spider,family,Dictynidae,spider,0,0,2,0,https://www.inaturalist.org/observations/89664478,"2023-06-12 09:30:07"
4201,101750,spider,species,"Hyptiotes cavatus",spider,0,0,2,0,https://www.inaturalist.org/observations/89663199,"2023-06-12 09:30:07"
4202,101748,spider,genus,Anyphaena,spider,0,0,2,0,https://www.inaturalist.org/observations/89662252,"2023-06-12 09:30:07"
4203,101747,spider,family,Dictynidae,spider,0,0,2,0,https://www.inaturalist.org/observations/89661728,"2023-06-12 09:30:07"
4205,101732,caterpillar,species,"Halysidota tessellaris",caterpillar,0,0,3,0,https://www.inaturalist.org/observations/89650601,"2023-06-12 09:30:07"
4206,101728,caterpillar,genus,Halysidota,caterpillar,0,0,2,0,https://www.inaturalist.org/observations/89650131,"2023-06-12 09:30:07"
4207,101725,caterpillar,species,"Halysidota tessellaris",caterpillar,0,0,3,0,https://www.inaturalist.org/observations/89649464,"2023-06-12 09:30:07"
4208,101723,caterpillar,species,"Halysidota tessellaris",caterpillar,0,0,3,0,https://www.inaturalist.org/observations/89649099,"2023-06-12 09:30:07"
4209,101719,caterpillar,species,"Halysidota tessellaris",caterpillar,0,0,3,0,https://www.inaturalist.org/observations/89648389,"2023-06-12 09:30:07"
4210,101715,caterpillar,species,"Halysidota tessellaris",caterpillar,0,0,3,0,https://www.inaturalist.org/observations/89648036,"2023-06-12 09:30:07"
4211,101710,caterpillar,species,"Halysidota tessellaris",caterpillar,0,0,3,0,https://www.inaturalist.org/observations/89647666,"2023-06-12 09:30:07"
4212,101709,caterpillar,species,"Halysidota tessellaris",caterpillar,0,0,3,0,https://www.inaturalist.org/observations/89647189,"2023-06-12 09:30:07"
4213,101708,caterpillar,species,"Halysidota tessellaris",caterpillar,0,0,3,0,https://www.inaturalist.org/observations/89646651,"2023-06-12 09:30:07"
4214,101706,leafhopper,species,"Metcalfa pruinosa",leafhopper,0,0,3,0,https://www.inaturalist.org/observations/89645629,"2023-06-12 09:30:07"
4215,100839,unidentified,suborder,Ensifera,grasshopper,0,0,1,0,https://www.inaturalist.org/observations/88972261,"2023-06-12 09:36:06"
4216,100848,leafhopper,species,"Rugosana querci",leafhopper,0,0,2,0,https://www.inaturalist.org/observations/88964177,"2023-06-12 09:39:05"
4217,100602,caterpillar,species,"Hypsoropha hormos",caterpillar,0,0,3,0,https://www.inaturalist.org/observations/88817176,"2023-06-12 09:42:06"
4218,100596,caterpillar,species,"Hypsoropha hormos",caterpillar,0,0,2,0,https://www.inaturalist.org/observations/88816912,"2023-06-12 09:42:06"
4219,100510,leafhopper,species,"Ormenoides venusta",leafhopper,0,0,3,0,https://www.inaturalist.org/observations/88703817,"2023-06-12 09:45:06"
4220,99219,ant,subgenus,Crematogaster,ant,0,0,3,0,https://www.inaturalist.org/observations/87999041,"2023-06-12 09:51:06"
4221,99212,ant,genus,Lasius,ant,0,0,2,0,https://www.inaturalist.org/observations/87997444,"2023-06-12 09:51:06"
4222,98794,fly,order,Lepidoptera,moths,0,0,3,1,https://www.inaturalist.org/observations/87715518,"2023-06-05 09:24:06"
4223,98767,fly,subclass,Pterygota,Psocodea,0,0,2,1,https://www.inaturalist.org/observations/87710535,"2023-06-05 09:24:06"
4224,97489,beetle,subclass,Pterygota,beetle,0,0,2,1,https://www.inaturalist.org/observations/86882225,"2023-06-05 09:39:05"
4225,96423,fly,subclass,Pterygota,bee,0,1,2,1,https://www.inaturalist.org/observations/86840242,"2023-06-05 09:45:05"
4226,96611,other,complex,"Forficula auricularia",Dermaptera,0,0,3,0,https://www.inaturalist.org/observations/86277342,"2023-06-05 09:51:05"
4227,93448,other,suborder,Hemerobiiformia,Neuroptera,0,0,1,0,https://www.inaturalist.org/observations/84443921,"2023-05-29 09:51:06"
4228,93361,other,suborder,Hemerobiiformia,Neuroptera,0,0,1,0,https://www.inaturalist.org/observations/84440111,"2023-05-29 09:51:06"
4229,93306,other,complex,"Forficula auricularia",Dermaptera,0,0,3,0,https://www.inaturalist.org/observations/84434806,"2023-05-29 09:51:06"
4230,91367,other,species,"Forficula auricularia",Dermaptera,0,0,3,0,https://www.inaturalist.org/observations/83522421,"2023-05-22 09:33:06"
4231,90182,other,species,"Forficula auricularia",Dermaptera,0,0,3,0,https://www.inaturalist.org/observations/83132053,"2023-05-22 09:54:05"
4232,89027,unidentified,tribe,Cynipini,bee,0,0,2,0,https://www.inaturalist.org/observations/82440700,"2023-05-15 09:42:05"
4233,88736,unidentified,infraorder,Culicomorpha,fly,0,0,1,0,https://www.inaturalist.org/observations/82313262,"2023-05-15 09:48:06"
4234,87703,other,species,"Forficula auricularia",Dermaptera,0,0,3,0,https://www.inaturalist.org/observations/81563267,"2023-05-08 09:54:05"
4235,85643,truebugs,species,"Corythucha juglandis",truebugs,0,0,2,0,https://www.inaturalist.org/observations/80266386,"2022-08-29 09:57:06"
4236,84325,other,species,"Forficula auricularia",Dermaptera,0,0,2,0,https://www.inaturalist.org/observations/79267949,"2022-06-13 06:09:06"
4237,75016,other,species,"Forficula auricularia",Dermaptera,0,0,2,0,https://www.inaturalist.org/observations/44478324,"2022-06-13 08:45:07"
4238,42352,unidentified,order,Hemiptera,truebugs,0,0,1,0,https://www.inaturalist.org/observations/17704703,"2022-05-16 09:42:06"
4239,41782,unidentified,suborder,Auchenorrhyncha,leafhopper,0,0,1,0,https://www.inaturalist.org/observations/17704564,"2022-05-16 09:45:07"
4240,103067,beetle,species,"Chauliognathus pensylvanicus",beetle,0,0,3,0,https://www.inaturalist.org/observations/91326730,"2023-06-19 09:48:05"
4241,103063,fly,species,"Rhagoletis suavis",fly,0,0,3,0,https://www.inaturalist.org/observations/91324806,"2023-06-19 09:48:05"
4242,103059,truebugs,family,Reduviidae,truebugs,0,0,2,0,https://www.inaturalist.org/observations/91322764,"2023-06-19 09:48:05"
4243,103035,spider,species,"Verrucosa arenata",spider,0,0,3,0,https://www.inaturalist.org/observations/91253561,"2023-06-19 09:48:05"
4244,103011,caterpillar,species,"Coelodasys unicornis",caterpillar,0,0,3,0,https://www.inaturalist.org/observations/91209515,"2023-06-19 09:48:05"
4245,102854,beetle,subfamily,Lampyrinae,beetle,0,0,3,0,https://www.inaturalist.org/observations/91031303,"2023-06-19 09:48:05"
4246,102848,beetle,species,"Chauliognathus marginatus",beetle,0,0,3,0,https://www.inaturalist.org/observations/91029265,"2023-06-19 09:51:06"
4247,102808,truebugs,species,"Acanthocephala terminalis",truebugs,0,0,4,0,https://www.inaturalist.org/observations/90958768,"2023-06-19 09:51:06"
4248,102782,spider,genus,Colonus,spider,0,0,3,0,https://www.inaturalist.org/observations/90903411,"2023-06-19 09:51:06"
4249,102736,caterpillar,species,"Halysidota tessellaris",caterpillar,0,0,3,0,https://www.inaturalist.org/observations/90894315,"2023-06-19 09:51:06"
4250,102723,beetle,species,"Harmonia axyridis",beetle,0,0,4,1,https://www.inaturalist.org/observations/90811168,"2023-06-19 09:51:06"
4251,102712,bee,species,"Philanthus bilunatus",bee,0,0,4,0,https://www.inaturalist.org/observations/90797815,"2023-06-19 09:51:06"
4252,102707,beetle,family,Coccinellidae,beetle,1,0,2,0,https://www.inaturalist.org/observations/90779639,"2023-06-19 09:51:06"
4253,102701,ant,genus,Temnothorax,ant,0,0,2,0,https://www.inaturalist.org/observations/90778030,"2023-06-19 09:51:06"
4254,102691,caterpillar,subclass,Pterygota,bee,0,1,2,1,https://www.inaturalist.org/observations/90774700,"2023-06-19 09:51:06"
4255,102690,ant,species,"Prenolepis imparis",ant,0,0,3,0,https://www.inaturalist.org/observations/90695790,"2023-06-19 09:51:06"
4256,102679,leafhopper,species,"Graphocephala coccinea",leafhopper,0,0,2,0,https://www.inaturalist.org/observations/90693276,"2023-06-19 09:54:05"
4257,102664,caterpillar,species,"Cepphis armataria",caterpillar,0,0,2,0,https://www.inaturalist.org/observations/90666785,"2023-06-19 09:54:05"
4258,102655,caterpillar,species,"Halysidota tessellaris",caterpillar,0,0,3,0,https://www.inaturalist.org/observations/90666034,"2023-06-19 09:54:05"
4259,102618,caterpillar,species,"Lomographa vestaliata",caterpillar,0,0,2,0,https://www.inaturalist.org/observations/90663647,"2023-06-19 09:54:05"
4260,102608,unidentified,order,Lepidoptera,caterpillar,0,0,1,0,https://www.inaturalist.org/observations/90661571,"2023-06-19 09:54:05"
4261,102585,caterpillar,family,Geometridae,caterpillar,0,0,2,0,https://www.inaturalist.org/observations/90658768,"2023-06-19 09:54:05"
4262,102552,caterpillar,species,"Halysidota tessellaris",caterpillar,0,0,3,0,https://www.inaturalist.org/observations/90657790,"2023-06-19 09:54:05"
4263,102525,caterpillar,species,"Halysidota tessellaris",caterpillar,0,0,3,0,https://www.inaturalist.org/observations/90657239,"2023-06-19 09:54:05"
4264,102497,spider,genus,Larinioides,spider,0,0,2,0,https://www.inaturalist.org/observations/90655757,"2023-06-19 09:54:05"
4265,102440,leafhopper,tribe,Nephesini,leafhopper,0,0,3,0,https://www.inaturalist.org/observations/90564106,"2023-06-19 09:57:06"
4266,102245,unidentified,genus,Zelus,truebugs,0,0,1,0,https://www.inaturalist.org/observations/90158968,"2023-06-12 09:24:06"
4267,101986,caterpillar,family,Geometridae,caterpillar,0,0,2,0,https://www.inaturalist.org/observations/89926639,"2023-06-12 09:24:06"
4268,101515,leafhopper,species,"Clastoptera proteus",leafhopper,0,0,3,0,https://www.inaturalist.org/observations/89391666,"2023-06-12 09:30:07"
4269,101088,spider,species,"Larinioides cornutus",spider,0,0,2,0,https://www.inaturalist.org/observations/89191969,"2023-06-12 09:33:05"
4270,101073,leafhopper,species,"Metcalfa pruinosa",leafhopper,0,0,3,0,https://www.inaturalist.org/observations/89190163,"2023-06-12 09:36:06"
4271,101055,leafhopper,species,"Ormenoides venusta",leafhopper,0,0,3,0,https://www.inaturalist.org/observations/89188610,"2023-06-12 09:36:06"
4272,100890,leafhopper,species,"Ormenoides venusta",leafhopper,0,0,3,0,https://www.inaturalist.org/observations/89053800,"2023-06-12 09:36:06"
4273,100774,leafhopper,species,"Acanalonia servillei",leafhopper,0,0,3,0,https://www.inaturalist.org/observations/88936724,"2023-06-12 09:39:05"
4274,100749,leafhopper,species,"Thionia bullata",leafhopper,0,0,2,0,https://www.inaturalist.org/observations/88933308,"2023-06-12 09:39:05"
4275,100741,leafhopper,species,"Acanalonia conica",leafhopper,0,0,2,0,https://www.inaturalist.org/observations/88932555,"2023-06-12 09:39:05"
4276,100711,grasshopper,species,"Dendrotettix quercus",grasshopper,0,0,4,0,https://www.inaturalist.org/observations/88873028,"2023-06-12 09:42:06"
4277,100646,leafhopper,species,"Ormenoides venusta",leafhopper,0,0,3,0,https://www.inaturalist.org/observations/88819967,"2023-06-12 09:42:06"
4278,100624,leafhopper,species,"Jikradia olitoria",leafhopper,0,0,2,0,https://www.inaturalist.org/observations/88818924,"2023-06-12 09:42:06"
4279,100617,leafhopper,species,"Flatormenis proxima",leafhopper,0,0,3,0,https://www.inaturalist.org/observations/88818058,"2023-06-12 09:42:06"
4280,100616,leafhopper,species,"Ormenoides venusta",leafhopper,0,0,3,0,https://www.inaturalist.org/observations/88817726,"2023-06-12 09:42:06"
4281,100589,leafhopper,species,"Ormenoides venusta",leafhopper,0,0,3,0,https://www.inaturalist.org/observations/88815785,"2023-06-12 09:42:06"
4282,99886,leafhopper,species,"Thionia quinquata",leafhopper,0,0,3,0,https://www.inaturalist.org/observations/88259396,"2023-06-12 09:45:06"
4283,99761,leafhopper,species,"Thionia bullata",leafhopper,0,0,2,0,https://www.inaturalist.org/observations/88252228,"2023-06-12 09:48:05"
4284,99746,leafhopper,genus,Thionia,leafhopper,0,0,2,0,https://www.inaturalist.org/observations/88251314,"2023-06-12 09:48:05"
4285,99741,leafhopper,species,"Thionia bullata",leafhopper,0,0,2,0,https://www.inaturalist.org/observations/88250409,"2023-06-12 09:48:05"
4286,99732,leafhopper,species,"Ormenoides venusta",leafhopper,0,0,3,0,https://www.inaturalist.org/observations/88249565,"2023-06-12 09:48:05"
4287,99132,leafhopper,species,"Metcalfa pruinosa",leafhopper,0,0,3,0,https://www.inaturalist.org/observations/87983895,"2023-06-12 09:54:05"
4288,98964,leafhopper,species,"Thionia quinquata",leafhopper,0,0,3,0,https://www.inaturalist.org/observations/87857002,"2023-06-12 09:57:05"
4289,98922,ant,complex,"Formica fusca",ant,0,0,2,0,https://www.inaturalist.org/observations/87852123,"2023-06-12 09:57:05"
4290,98873,caterpillar,genus,Acronicta,caterpillar,0,0,2,0,https://www.inaturalist.org/observations/87849034,"2023-06-12 09:57:05"
4291,98847,caterpillar,genus,Acronicta,caterpillar,0,0,2,0,https://www.inaturalist.org/observations/87845103,"2023-06-12 09:57:05"
4292,97891,ant,species,"Camponotus castaneus",ant,0,0,4,0,https://www.inaturalist.org/observations/86979387,"2023-06-05 09:36:05"
4293,97403,caterpillar,genus,Schizura,caterpillar,0,0,2,0,https://www.inaturalist.org/observations/86861192,"2023-06-05 09:42:05"
4294,97365,caterpillar,species,"Acronicta americana",caterpillar,0,0,3,0,https://www.inaturalist.org/observations/86857285,"2023-06-05 09:42:05"
4295,97331,caterpillar,species,"Halysidota tessellaris",caterpillar,0,0,2,0,https://www.inaturalist.org/observations/86855236,"2023-06-05 09:42:05"
4296,97315,caterpillar,genus,Schizura,caterpillar,0,0,2,0,https://www.inaturalist.org/observations/86853718,"2023-06-05 09:42:05"
4297,97257,caterpillar,family,Notodontidae,caterpillar,0,0,2,0,https://www.inaturalist.org/observations/86847763,"2023-06-05 09:42:05"
4298,96421,caterpillar,species,"Acronicta rubricoma",caterpillar,0,0,3,0,https://www.inaturalist.org/observations/86845336,"2023-06-05 09:42:05"
4299,95357,caterpillar,species,"Polygonia interrogationis",caterpillar,0,0,3,0,https://www.inaturalist.org/observations/86844328,"2023-06-05 09:42:05"
4300,96420,caterpillar,genus,Asterocampa,caterpillar,0,0,2,0,https://www.inaturalist.org/observations/86842834,"2023-06-05 09:45:05"
4301,96418,caterpillar,species,"Acronicta rubricoma",caterpillar,0,0,3,0,https://www.inaturalist.org/observations/86840461,"2023-06-05 09:45:05"
4302,96790,caterpillar,species,"Halysidota tessellaris",caterpillar,0,0,2,0,https://www.inaturalist.org/observations/86287674,"2023-06-05 09:51:05"
4303,60894,unidentified,order,Lepidoptera,caterpillar,0,0,1,0,https://www.inaturalist.org/observations/27095033,"2022-05-30 09:36:07"
4304,103282,caterpillar,species,"Oedemasia leptinoides",caterpillar,0,0,3,0,https://www.inaturalist.org/observations/92120807,"2023-06-19 09:42:06"
4305,103242,caterpillar,genus,Zale,caterpillar,0,0,4,0,https://www.inaturalist.org/observations/91784873,"2023-06-19 09:42:06"
4306,103241,caterpillar,family,Erebidae,caterpillar,0,0,2,0,https://www.inaturalist.org/observations/91784643,"2023-06-19 09:42:06"
4307,103232,leafhopper,species,"Metcalfa pruinosa",leafhopper,0,0,3,0,https://www.inaturalist.org/observations/91691823,"2023-06-19 09:42:06"
4308,103211,beetle,suborder,Heteroptera,truebugs,0,0,4,1,https://www.inaturalist.org/observations/91638498,"2023-06-19 09:42:06"
4309,103205,bee,family,Braconidae,bee,0,0,2,0,https://www.inaturalist.org/observations/91634573,"2023-06-19 09:42:06"
4310,103199,beetle,family,Coccinellidae,beetle,0,0,2,0,https://www.inaturalist.org/observations/91632030,"2023-06-19 09:42:06"
4311,103191,ant,species,"Dolichoderus plagiatus",ant,0,0,5,0,https://www.inaturalist.org/observations/91630116,"2023-06-19 09:45:06"
4312,103189,leafhopper,species,"Jikradia olitoria",leafhopper,0,0,3,0,https://www.inaturalist.org/observations/91628442,"2023-06-19 09:45:06"
4313,103185,beetle,genus,Pyropyga,beetle,0,0,3,0,https://www.inaturalist.org/observations/91570838,"2023-06-19 09:45:06"
4314,103181,bee,family,Eulophidae,bee,0,0,2,0,https://www.inaturalist.org/observations/91562703,"2023-06-19 09:45:06"
4315,103179,beetle,species,"Harmonia axyridis",beetle,1,0,3,0,https://www.inaturalist.org/observations/91562168,"2023-06-19 09:45:06"
4316,103177,beetle,species,"Harmonia axyridis",beetle,0,0,4,0,https://www.inaturalist.org/observations/91561662,"2023-06-19 09:45:06"
4317,103176,fly,order,Diptera,fly,0,0,2,0,https://www.inaturalist.org/observations/91561384,"2023-06-19 09:45:06"
4318,103118,grasshopper,species,"Oecanthus niveus",grasshopper,0,0,3,0,https://www.inaturalist.org/observations/91431475,"2023-06-19 09:45:06"
4319,103109,ant,suborder,Araneomorphae,spider,0,0,3,1,https://www.inaturalist.org/observations/91428794,"2023-06-19 09:45:06"
4320,103108,beetle,order,Coleoptera,beetle,0,0,5,1,https://www.inaturalist.org/observations/91428530,"2023-06-19 09:45:06"
4321,103107,beetle,family,Elateridae,beetle,0,0,2,0,https://www.inaturalist.org/observations/91428169,"2023-06-19 09:45:06"
4322,103103,ant,subgenus,Crematogaster,ant,0,0,2,0,https://www.inaturalist.org/observations/91420696,"2023-06-19 09:45:06"
4323,103102,spider,family,Dictynidae,spider,0,0,2,0,https://www.inaturalist.org/observations/91420345,"2023-06-19 09:45:06"
4324,103101,beetle,subclass,Pterygota,Neuroptera,0,0,2,1,https://www.inaturalist.org/observations/91419993,"2023-06-19 09:45:06"
4325,103100,beetle,tribe,Cantharini,beetle,0,0,3,0,https://www.inaturalist.org/observations/91419686,"2023-06-19 09:45:06"
4326,103085,ant,species,"Camponotus nearcticus",ant,0,0,2,0,https://www.inaturalist.org/observations/91412587,"2023-06-19 09:45:06"
4327,103083,caterpillar,subclass,Pterygota,bee,0,1,2,1,https://www.inaturalist.org/observations/91398269,"2023-06-19 09:48:05"
4328,103081,leafhopper,species,"Metcalfa pruinosa",leafhopper,0,0,3,0,https://www.inaturalist.org/observations/91397565,"2023-06-19 09:48:05"
4329,103075,leafhopper,species,"Metcalfa pruinosa",leafhopper,0,0,3,0,https://www.inaturalist.org/observations/91329745,"2023-06-19 09:48:05"
4330,103070,truebugs,family,Curculionidae,beetle,0,0,4,1,https://www.inaturalist.org/observations/91327909,"2023-06-19 09:48:05"
4331,103069,fly,subclass,Pterygota,bee,0,0,2,1,https://www.inaturalist.org/observations/91327563,"2023-06-19 09:48:05"
4332,103039,caterpillar,species,"Halysidota tessellaris",caterpillar,0,0,3,0,https://www.inaturalist.org/observations/91254958,"2023-06-19 09:48:05"
4333,103034,caterpillar,species,"Halysidota tessellaris",caterpillar,0,0,3,0,https://www.inaturalist.org/observations/91253243,"2023-06-19 09:48:05"
4334,103032,caterpillar,species,"Lithacodes fasciola",caterpillar,0,0,3,0,https://www.inaturalist.org/observations/91252893,"2023-06-19 09:48:05"
4335,103029,caterpillar,species,"Halysidota tessellaris",caterpillar,0,0,3,0,https://www.inaturalist.org/observations/91252110,"2023-06-19 09:48:05"
4336,103019,caterpillar,genus,Acronicta,caterpillar,0,0,2,0,https://www.inaturalist.org/observations/91250704,"2023-06-19 09:48:05"
4337,102849,beetle,family,Coccinellidae,beetle,1,0,2,0,https://www.inaturalist.org/observations/91029581,"2023-06-19 09:51:06"
4338,102731,other,species,"Oxidus gracilis",Polydesmida,0,0,1,0,https://www.inaturalist.org/observations/90834436,"2023-06-19 09:51:06"
4339,102695,grasshopper,genus,Zelus,truebugs,0,0,3,1,https://www.inaturalist.org/observations/90776356,"2023-06-19 09:51:06"
4340,102687,leafhopper,species,"Jikradia olitoria",leafhopper,0,0,2,0,https://www.inaturalist.org/observations/90694872,"2023-06-19 09:51:06"
4341,102678,leafhopper,subgenus,Graphocephala,leafhopper,0,0,2,0,https://www.inaturalist.org/observations/90692954,"2023-06-19 09:54:05"
4342,102677,leafhopper,species,"Orientus ishidae",leafhopper,0,0,2,0,https://www.inaturalist.org/observations/90692561,"2023-06-19 09:54:05"
4343,102450,grasshopper,genus,Oecanthus,grasshopper,0,0,3,0,https://www.inaturalist.org/observations/90566921,"2023-06-19 09:54:05"
4344,102443,leafhopper,species,"Philaenus spumarius",leafhopper,0,0,2,0,https://www.inaturalist.org/observations/90564882,"2023-06-19 09:57:06"
4345,102438,leafhopper,species,"Jikradia olitoria",leafhopper,0,0,2,0,https://www.inaturalist.org/observations/90563354,"2023-06-19 09:57:06"
4346,102437,grasshopper,genus,Anaxipha,grasshopper,0,0,2,0,https://www.inaturalist.org/observations/90563028,"2023-06-19 09:57:06"
4347,102436,grasshopper,genus,Oecanthus,grasshopper,0,0,3,0,https://www.inaturalist.org/observations/90562709,"2023-06-19 09:57:06"
4348,102432,grasshopper,genus,Oecanthus,grasshopper,0,0,3,0,https://www.inaturalist.org/observations/90560770,"2023-06-19 09:57:06"
4349,100986,leafhopper,species,"Acanalonia conica",leafhopper,0,0,2,0,https://www.inaturalist.org/observations/90211059,"2023-06-19 09:57:06"
4350,100954,leafhopper,species,"Acanalonia conica",leafhopper,0,0,2,0,https://www.inaturalist.org/observations/90208675,"2023-06-19 09:57:06"
4351,102112,leafhopper,genus,Cedusa,leafhopper,0,0,4,0,https://www.inaturalist.org/observations/89980579,"2023-06-12 09:24:06"
4352,101922,leafhopper,genus,Cedusa,leafhopper,0,0,3,0,https://www.inaturalist.org/observations/89904486,"2023-06-12 09:27:06"
4353,101773,leafhopper,species,"Metcalfa pruinosa",leafhopper,0,0,3,0,https://www.inaturalist.org/observations/89785589,"2023-06-12 09:27:06"
4354,101757,grasshopper,genus,Oecanthus,grasshopper,0,0,3,0,https://www.inaturalist.org/observations/89665788,"2023-06-12 09:27:06"
4355,101753,fly,subclass,Pterygota,Neuroptera,0,0,2,1,https://www.inaturalist.org/observations/89664111,"2023-06-12 09:30:07"
4356,100820,leafhopper,species,"Acanalonia conica",leafhopper,0,0,3,0,https://www.inaturalist.org/observations/88967858,"2023-06-12 09:39:05"
4357,100819,leafhopper,species,"Acanalonia conica",leafhopper,0,0,3,0,https://www.inaturalist.org/observations/88967413,"2023-06-12 09:39:05"
4358,100708,leafhopper,species,"Metcalfa pruinosa",leafhopper,0,0,3,0,https://www.inaturalist.org/observations/88871180,"2023-06-12 09:42:06"
4359,99024,beetle,species,"Harmonia axyridis",beetle,0,0,3,0,https://www.inaturalist.org/observations/87862056,"2023-06-12 09:57:05"
4360,98846,leafhopper,subclass,Pterygota,moths,0,0,2,1,https://www.inaturalist.org/observations/87844714,"2023-06-12 09:57:05"
4361,98842,leafhopper,genus,Scaphoideus,leafhopper,0,0,2,0,https://www.inaturalist.org/observations/87843858,"2023-06-05 09:21:05"
4362,98817,leafhopper,subgenus,Graphocephala,leafhopper,0,0,2,0,https://www.inaturalist.org/observations/87838409,"2023-06-05 09:24:06"
4363,98336,leafhopper,species,"Acanalonia conica",leafhopper,0,0,2,0,https://www.inaturalist.org/observations/87284261,"2023-06-05 09:27:06"
4364,98538,other,order,Hemiptera,truebugs,0,0,1,0,https://www.inaturalist.org/observations/87274231,"2023-06-05 09:27:06"
4365,91073,leafhopper,genus,Paraphlepsius,leafhopper,0,0,2,0,https://www.inaturalist.org/observations/86912383,"2023-06-05 09:39:05"
4366,97448,leafhopper,species,"Jikradia olitoria",leafhopper,0,0,2,0,https://www.inaturalist.org/observations/86879180,"2023-06-05 09:39:05"
4367,96397,leafhopper,species,"Graphocephala coccinea",leafhopper,0,0,2,0,https://www.inaturalist.org/observations/86852240,"2023-06-05 09:42:05"
4368,95366,leafhopper,infraorder,Fulgoromorpha,leafhopper,0,0,2,0,https://www.inaturalist.org/observations/86845094,"2023-06-05 09:42:05"
4369,95358,leafhopper,subclass,Pterygota,beetle,0,0,2,1,https://www.inaturalist.org/observations/86844532,"2023-06-05 09:42:05"
4370,95376,leafhopper,subclass,Pterygota,moths,0,0,2,1,https://www.inaturalist.org/observations/86841690,"2023-06-05 09:45:05"
4371,96426,leafhopper,species,"Oncometopia orbona",leafhopper,0,0,3,0,https://www.inaturalist.org/observations/86840024,"2023-06-05 09:45:05"
4372,96977,caterpillar,genus,Acronicta,caterpillar,0,0,2,0,https://www.inaturalist.org/observations/86406925,"2023-06-05 09:48:05"
4373,96975,caterpillar,genus,Acronicta,caterpillar,0,0,2,0,https://www.inaturalist.org/observations/86405989,"2023-06-05 09:48:05"
4374,96969,caterpillar,genus,Acronicta,caterpillar,0,0,2,0,https://www.inaturalist.org/observations/86405244,"2023-06-05 09:48:05"
4375,96935,caterpillar,species,"Halysidota tessellaris",caterpillar,0,0,2,0,https://www.inaturalist.org/observations/86401307,"2023-06-05 09:48:05"
4377,96763,caterpillar,species,"Cecrita guttivitta",caterpillar,0,0,3,0,https://www.inaturalist.org/observations/86285779,"2023-06-05 09:51:05"
4378,96535,caterpillar,species,"Cecrita biundata",caterpillar,0,0,3,0,https://www.inaturalist.org/observations/86272809,"2023-06-05 09:54:06"
4379,95960,leafhopper,species,"Orientus ishidae",leafhopper,0,0,2,0,https://www.inaturalist.org/observations/85941885,"2023-06-05 09:57:05"
4380,95947,leafhopper,species,"Orientus ishidae",leafhopper,0,0,2,0,https://www.inaturalist.org/observations/85939065,"2023-06-05 09:57:05"
4381,95700,leafhopper,genus,Cyrtolobus,leafhopper,0,0,2,0,https://www.inaturalist.org/observations/85852489,"2023-05-29 09:33:06"
4382,95695,leafhopper,tribe,Erythroneurini,leafhopper,0,0,2,0,https://www.inaturalist.org/observations/85851473,"2023-05-29 09:33:06"
4383,95681,leafhopper,species,"Jikradia olitoria",leafhopper,0,0,2,0,https://www.inaturalist.org/observations/85838006,"2023-05-29 09:33:06"
4384,95671,leafhopper,species,"Metcalfa pruinosa",leafhopper,0,0,3,0,https://www.inaturalist.org/observations/85834234,"2023-05-29 09:33:06"
4385,95650,leafhopper,complex,"Enchenopa binotata",leafhopper,0,0,2,0,https://www.inaturalist.org/observations/85779016,"2023-05-29 09:33:06"
4386,95622,leafhopper,species,"Graphocephala coccinea",leafhopper,0,0,2,0,https://www.inaturalist.org/observations/85772375,"2023-05-29 09:33:06"
4387,95586,leafhopper,subclass,Pterygota,Psocodea,0,0,2,1,https://www.inaturalist.org/observations/85766300,"2023-05-29 09:36:05"
4388,94970,leafhopper,genus,Scaphoideus,leafhopper,0,0,2,0,https://www.inaturalist.org/observations/85234687,"2023-05-29 09:39:06"
4389,94922,leafhopper,genus,Cyrtolobus,leafhopper,0,0,2,0,https://www.inaturalist.org/observations/85229974,"2023-05-29 09:39:06"
4390,94657,leafhopper,species,"Otiocerus coquebertii",leafhopper,0,0,3,0,https://www.inaturalist.org/observations/85085378,"2023-05-29 09:42:05"
4391,94187,other,order,Neuroptera,Neuroptera,0,0,1,0,https://www.inaturalist.org/observations/84888025,"2023-05-29 09:45:06"
4392,94165,other,family,Hemerobiidae,Neuroptera,0,0,1,0,https://www.inaturalist.org/observations/84883849,"2023-05-29 09:45:06"
4393,93542,leafhopper,genus,Thionia,leafhopper,0,0,2,0,https://www.inaturalist.org/observations/84469242,"2023-05-29 09:48:05"
4394,93541,leafhopper,genus,Thionia,leafhopper,0,0,2,0,https://www.inaturalist.org/observations/84468944,"2023-05-29 09:48:05"
4395,92670,leafhopper,genus,Acanalonia,leafhopper,0,0,2,0,https://www.inaturalist.org/observations/84183620,"2023-05-22 09:12:05"
4396,92511,leafhopper,genus,Cedusa,leafhopper,0,0,2,0,https://www.inaturalist.org/observations/84113038,"2023-05-22 09:18:05"
4397,92464,leafhopper,genus,Cedusa,leafhopper,0,0,3,0,https://www.inaturalist.org/observations/84105904,"2023-05-22 09:18:05"
4398,92453,leafhopper,genus,Cedusa,leafhopper,0,0,3,0,https://www.inaturalist.org/observations/84103479,"2023-05-22 09:18:05"
4399,92430,leafhopper,species,"Colladonus clitellarius",leafhopper,0,0,3,0,https://www.inaturalist.org/observations/84098065,"2023-05-22 09:18:05"
4400,91697,leafhopper,genus,Cedusa,leafhopper,0,0,3,0,https://www.inaturalist.org/observations/83936251,"2023-05-22 09:27:06"
4401,91664,leafhopper,subclass,Pterygota,moths,0,0,2,1,https://www.inaturalist.org/observations/83932448,"2023-05-22 09:27:06"
4402,91206,leafhopper,tribe,Nephesini,leafhopper,0,0,2,0,https://www.inaturalist.org/observations/83502763,"2023-05-22 09:36:06"
4403,90895,leafhopper,genus,Agallia,leafhopper,0,0,2,0,https://www.inaturalist.org/observations/83292229,"2023-05-22 09:39:06"
4404,90823,leafhopper,species,"Acanalonia conica",leafhopper,0,0,2,0,https://www.inaturalist.org/observations/83275931,"2023-05-22 09:42:05"
4405,90615,leafhopper,species,"Jikradia olitoria",leafhopper,0,0,2,0,https://www.inaturalist.org/observations/83173403,"2023-05-22 09:45:05"
4406,90633,leafhopper,subgenus,Empoa,leafhopper,0,0,2,0,https://www.inaturalist.org/observations/83169106,"2023-05-22 09:48:05"
4407,88733,leafhopper,tribe,Nephesini,leafhopper,0,0,2,0,https://www.inaturalist.org/observations/82311946,"2023-05-15 09:48:06"
4408,88731,leafhopper,species,"Otiocerus wolfii",leafhopper,0,0,2,0,https://www.inaturalist.org/observations/82311072,"2023-05-15 09:48:06"
4409,88728,leafhopper,species,"Jikradia olitoria",leafhopper,0,0,2,0,https://www.inaturalist.org/observations/82309742,"2023-05-15 09:48:06"
4410,88725,leafhopper,tribe,Nephesini,leafhopper,0,0,2,0,https://www.inaturalist.org/observations/82308638,"2023-05-15 09:48:06"
4411,88601,leafhopper,tribe,Empoascini,leafhopper,0,0,2,0,https://www.inaturalist.org/observations/82283975,"2023-05-15 09:51:05"
4412,88239,fly,subclass,Pterygota,Trichoptera,0,0,2,1,https://www.inaturalist.org/observations/82046738,"2023-05-15 09:57:05"
4413,86744,leafhopper,tribe,Smiliini,leafhopper,0,0,2,0,https://www.inaturalist.org/observations/81087640,"2023-05-01 09:54:13"
4414,86627,leafhopper,order,Phasmida,Phasmida,0,0,3,1,https://www.inaturalist.org/observations/80815492,"2023-05-01 09:57:06"
4415,82705,leafhopper,tribe,Erythroneurini,leafhopper,0,0,2,0,https://www.inaturalist.org/observations/58311869,"2022-06-13 06:42:07"
4416,82158,leafhopper,class,Insecta,leafhopper,0,0,1,0,https://www.inaturalist.org/observations/55384247,"2022-06-13 06:57:07"
4417,82156,leafhopper,class,Insecta,leafhopper,0,0,1,0,https://www.inaturalist.org/observations/55383758,"2022-06-13 06:57:07"
4418,81879,leafhopper,class,Insecta,leafhopper,0,0,1,0,https://www.inaturalist.org/observations/54730609,"2022-06-13 07:03:07"
4419,81855,leafhopper,class,Insecta,leafhopper,0,0,1,0,https://www.inaturalist.org/observations/54661677,"2022-06-13 07:03:07"
4420,81708,leafhopper,class,Insecta,leafhopper,0,0,1,0,https://www.inaturalist.org/observations/54438853,"2022-06-13 07:09:06"
4421,81386,leafhopper,class,Insecta,leafhopper,0,0,1,0,https://www.inaturalist.org/observations/53875963,"2022-06-13 07:12:07"
4422,81240,leafhopper,tribe,Nephesini,leafhopper,0,0,2,0,https://www.inaturalist.org/observations/53751223,"2022-06-13 07:15:07"
4423,79978,leafhopper,species,"Jikradia olitoria",leafhopper,0,0,2,0,https://www.inaturalist.org/observations/52248541,"2022-06-13 07:36:07"
4424,79487,leafhopper,genus,Idiocerus,leafhopper,0,0,2,0,https://www.inaturalist.org/observations/51719134,"2022-06-13 07:45:06"
4425,79480,leafhopper,genus,Acanalonia,leafhopper,0,0,2,0,https://www.inaturalist.org/observations/51717721,"2022-06-13 07:45:06"
4426,103566,moths,species,"Halysidota tessellaris",moths,0,0,3,0,https://www.inaturalist.org/observations/92614916,"2023-06-19 09:39:05"
4427,103542,caterpillar,species,"Apatelodes torrefacta",caterpillar,0,0,4,0,https://www.inaturalist.org/observations/92578349,"2023-06-19 09:39:05"
4428,103516,spider,genus,Tutelina,spider,0,0,2,0,https://www.inaturalist.org/observations/92489467,"2023-06-19 09:39:05"
4429,103513,spider,subtribe,Dendryphantina,spider,0,0,2,0,https://www.inaturalist.org/observations/92489077,"2023-06-19 09:39:05"
4430,103511,beetle,species,"Harmonia axyridis",beetle,1,0,4,0,https://www.inaturalist.org/observations/92486543,"2023-06-19 09:39:05"
4431,103510,ant,complex,"Formica pallidefulva",ant,0,0,2,0,https://www.inaturalist.org/observations/92486185,"2023-06-19 09:39:05"
4432,103509,spider,family,Dictynidae,spider,0,0,2,0,https://www.inaturalist.org/observations/92485890,"2023-06-19 09:39:05"
4433,103506,other,subfamily,Mantispinae,Neuroptera,0,0,3,0,https://www.inaturalist.org/observations/92485083,"2023-06-19 09:39:05"
4434,103505,spider,family,Dictynidae,spider,0,0,2,0,https://www.inaturalist.org/observations/92484712,"2023-06-19 09:39:05"
4435,103502,ant,subfamily,Formicinae,ant,0,0,2,0,https://www.inaturalist.org/observations/92484026,"2023-06-19 09:39:05"
4436,103450,beetle,family,Coccinellidae,beetle,0,0,2,0,https://www.inaturalist.org/observations/92391654,"2023-06-19 09:39:05"
4437,103449,beetle,species,"Harmonia axyridis",beetle,0,0,4,0,https://www.inaturalist.org/observations/92391392,"2023-06-19 09:39:05"
4438,103446,fly,family,Calliphoridae,fly,0,0,2,0,https://www.inaturalist.org/observations/92390550,"2023-06-19 09:39:05"
4439,103445,beetle,species,"Propylea quatuordecimpunctata",beetle,1,0,3,0,https://www.inaturalist.org/observations/92390027,"2023-06-19 09:39:05"
4440,103443,beetle,species,"Harmonia axyridis",beetle,1,0,4,0,https://www.inaturalist.org/observations/92389596,"2023-06-19 09:39:05"
4441,103441,beetle,species,"Harmonia axyridis",beetle,1,0,4,0,https://www.inaturalist.org/observations/92389091,"2023-06-19 09:39:05"
4442,103440,ant,species,"Prenolepis imparis",ant,0,0,3,0,https://www.inaturalist.org/observations/92388731,"2023-06-19 09:39:05"
4443,103430,ant,species,"Nylanderia flavipes",ant,0,0,3,0,https://www.inaturalist.org/observations/92387619,"2023-06-19 09:39:05"
4444,103429,ant,species,"Prenolepis imparis",ant,0,0,3,0,https://www.inaturalist.org/observations/92387170,"2023-06-19 09:39:05"
4445,103417,spider,species,"Salticus scenicus",spider,0,0,3,0,https://www.inaturalist.org/observations/92385376,"2023-06-19 09:39:05"
4446,103405,truebugs,species,"Chinavia hilaris",truebugs,0,0,4,0,https://www.inaturalist.org/observations/92356551,"2023-06-19 09:39:05"
4447,103400,spider,species,"Synemosyna formica",spider,0,0,3,0,https://www.inaturalist.org/observations/92271841,"2023-06-19 09:39:05"
4448,103398,spider,species,"Synemosyna formica",spider,0,0,3,0,https://www.inaturalist.org/observations/92271078,"2023-06-19 09:42:06"
4449,103396,other,tribe,Chrysopini,Neuroptera,0,0,2,0,https://www.inaturalist.org/observations/92270780,"2023-06-19 09:42:06"
4450,103394,spider,species,"Synemosyna formica",spider,0,0,3,0,https://www.inaturalist.org/observations/92270503,"2023-06-19 09:42:06"
4451,103391,bee,family,Encyrtidae,bee,0,0,2,0,https://www.inaturalist.org/observations/92269783,"2023-06-19 09:42:06"
4452,103390,bee,subfamily,Platygastrinae,bee,0,0,2,0,https://www.inaturalist.org/observations/92269324,"2023-06-19 09:42:06"
4453,103387,other,species,"Ectobius pallidus",Blattodea,0,0,2,0,https://www.inaturalist.org/observations/92268532,"2023-06-19 09:42:06"
4454,103385,beetle,genus,Hyperaspis,beetle,0,0,3,0,https://www.inaturalist.org/observations/92267631,"2023-06-19 09:42:06"
4455,103383,spider,species,"Araniella displicata",spider,0,0,3,0,https://www.inaturalist.org/observations/92267335,"2023-06-19 09:42:06"
4456,103378,spider,species,"Synemosyna formica",spider,0,0,3,0,https://www.inaturalist.org/observations/92265440,"2023-06-19 09:42:06"
4457,103375,beetle,species,"Psyllobora vigintimaculata",beetle,0,0,4,0,https://www.inaturalist.org/observations/92263977,"2023-06-19 09:42:06"
4458,103371,beetle,species,"Helocassis clavata",beetle,0,0,4,0,https://www.inaturalist.org/observations/92262844,"2023-06-19 09:42:06"
4459,103365,bee,order,Hymenoptera,bee,0,0,3,0,https://www.inaturalist.org/observations/92261451,"2023-06-19 09:42:06"
4460,103281,caterpillar,family,Geometridae,caterpillar,0,0,2,0,https://www.inaturalist.org/observations/91990567,"2023-06-19 09:42:06"
4461,103058,truebugs,order,Entomobryomorpha,Entomobryomorpha,0,0,3,1,https://www.inaturalist.org/observations/91322311,"2023-06-19 09:48:05"
4462,101836,other,order,Thysanoptera,Thysanoptera,0,0,1,0,https://www.inaturalist.org/observations/89805467,"2023-06-12 09:27:06"
4463,101684,caterpillar,species,"Hyphantria cunea",caterpillar,0,0,2,0,https://www.inaturalist.org/observations/89429867,"2023-06-12 09:30:07"
4464,101681,caterpillar,species,"Hyphantria cunea",caterpillar,0,0,3,0,https://www.inaturalist.org/observations/89428475,"2022-06-13 02:42:07"
4465,101623,other,genus,Hemerobius,Neuroptera,0,0,2,0,https://www.inaturalist.org/observations/89395175,"2023-06-12 09:30:07"
4466,100947,unidentified,family,Chrysopidae,Neuroptera,0,0,1,0,https://www.inaturalist.org/observations/89099927,"2023-06-12 09:36:06"
4467,94200,caterpillar,species,"Lymantria dispar",caterpillar,0,0,3,0,https://www.inaturalist.org/observations/84901000,"2023-05-29 09:45:06"
4468,92307,caterpillar,species,"Lymantria dispar",caterpillar,0,0,3,0,https://www.inaturalist.org/observations/84072594,"2023-05-22 09:21:05"
4469,89326,fly,subclass,Pterygota,bee,0,0,2,1,https://www.inaturalist.org/observations/82549600,"2023-05-15 09:39:06"
4470,104097,ant,subclass,Pterygota,beetle,0,0,2,1,https://www.inaturalist.org/observations/93473271,"2023-06-19 09:36:06"
4471,104057,caterpillar,species,"Hyphantria cunea",caterpillar,0,0,3,0,https://www.inaturalist.org/observations/93464573,"2023-06-19 09:36:06"
4472,104055,other,order,Mantodea,Mantodea,0,0,3,1,https://www.inaturalist.org/observations/93431736,"2023-06-19 09:36:06"
4473,104053,beetle,species,"Cyrtepistomus castaneus",beetle,0,0,4,0,https://www.inaturalist.org/observations/93429556,"2023-06-19 09:36:06"
4474,104047,ant,subgenus,Crematogaster,ant,0,0,2,0,https://www.inaturalist.org/observations/93414302,"2023-06-19 09:36:06"
4476,103764,beetle,species,"Harmonia axyridis",beetle,0,0,3,0,https://www.inaturalist.org/observations/93078253,"2023-06-19 09:36:06"
4477,103760,grasshopper,genus,Oecanthus,grasshopper,0,0,4,0,https://www.inaturalist.org/observations/93067453,"2023-06-19 09:36:06"
4478,103759,grasshopper,species,"Neoxabea bipunctata",grasshopper,0,0,5,0,https://www.inaturalist.org/observations/93067195,"2023-06-19 09:36:06"
4479,103758,fly,subfamily,Chrysopinae,Neuroptera,0,0,4,1,https://www.inaturalist.org/observations/93066935,"2023-06-19 09:36:06"
4480,103751,caterpillar,species,"Macrurocampa marthesia",caterpillar,0,0,3,0,https://www.inaturalist.org/observations/93065623,"2023-06-19 09:36:06"
4481,103737,other,species,"Porcellio scaber",Isopoda,0,0,3,0,https://www.inaturalist.org/observations/93063010,"2023-06-19 09:36:06"
4482,103736,beetle,species,"Strophosoma melanogrammum",beetle,0,0,3,0,https://www.inaturalist.org/observations/93062626,"2023-06-19 09:36:06"
4483,103732,fly,family,Culicidae,fly,0,0,3,1,https://www.inaturalist.org/observations/93045680,"2023-06-19 09:39:05"
4484,103600,grasshopper,species,"Phyllopalpus pulchellus",grasshopper,0,0,3,0,https://www.inaturalist.org/observations/92773057,"2023-06-19 09:39:05"
4485,102703,beetle,family,Elateridae,beetle,0,0,2,0,https://www.inaturalist.org/observations/90778610,"2023-06-19 09:51:06"
4486,102682,beetle,species,"Harmonia axyridis",beetle,0,0,3,0,https://www.inaturalist.org/observations/90693619,"2023-06-19 09:54:05"
4487,102387,daddylonglegs,order,Opiliones,daddylonglegs,0,0,2,0,https://www.inaturalist.org/observations/90252135,"2023-06-19 09:57:06"
4488,91389,unidentified,species,"Mordella marginata",beetle,0,0,2,0,https://www.inaturalist.org/observations/83527021,"2023-05-22 09:33:06"
4489,90856,fly,family,Chironomidae,fly,0,0,2,0,https://www.inaturalist.org/observations/83285936,"2023-05-22 09:42:05"
4490,89677,fly,order,Coleoptera,beetle,0,0,3,1,https://www.inaturalist.org/observations/82861797,"2023-05-15 09:36:07"
4491,88290,caterpillar,species,"Lymantria dispar",caterpillar,0,0,3,0,https://www.inaturalist.org/observations/82068482,"2023-05-15 09:54:05"
4492,88263,caterpillar,species,"Lymantria dispar",caterpillar,0,0,3,0,https://www.inaturalist.org/observations/82054082,"2023-05-15 09:54:05"
4493,104403,beetle,species,"Harmonia axyridis",beetle,0,0,3,0,https://www.inaturalist.org/observations/94131168,"2023-06-19 09:33:07"
4494,104384,ant,subgenus,Crematogaster,ant,0,0,2,0,https://www.inaturalist.org/observations/94124830,"2023-06-19 09:33:07"
4495,104383,beetle,genus,Ellychnia,beetle,0,0,3,0,https://www.inaturalist.org/observations/94124532,"2023-06-19 09:33:07"
4496,104360,grasshopper,genus,Oecanthus,grasshopper,0,0,3,0,https://www.inaturalist.org/observations/94109942,"2023-06-19 09:33:07"
4497,104352,beetle,species,"Pseudoedophrys hilleri",beetle,0,0,2,0,https://www.inaturalist.org/observations/94033977,"2023-06-19 09:33:07"
4498,104350,ant,species,"Nylanderia flavipes",ant,0,0,3,0,https://www.inaturalist.org/observations/94033363,"2023-06-19 09:33:07"
4499,104348,beetle,species,"Harmonia axyridis",beetle,0,0,3,0,https://www.inaturalist.org/observations/94032170,"2023-06-19 09:33:07"
4500,104278,beetle,species,"Psyllobora vigintimaculata",beetle,0,0,4,0,https://www.inaturalist.org/observations/93885029,"2023-06-19 09:33:07"
4501,104277,grasshopper,genus,Anaxipha,grasshopper,0,0,2,0,https://www.inaturalist.org/observations/93884610,"2023-06-19 09:33:07"
4502,104275,beetle,species,"Cryptolaemus montrouzieri",beetle,0,0,2,0,https://www.inaturalist.org/observations/93883506,"2023-06-19 09:33:07"
4503,104274,grasshopper,species,"Oecanthus niveus",grasshopper,0,0,3,0,https://www.inaturalist.org/observations/93883059,"2023-06-19 09:33:07"
4504,104272,beetle,genus,Triplax,beetle,0,0,2,0,https://www.inaturalist.org/observations/93881471,"2023-06-19 09:33:07"
4505,102035,beetle,species,"Harmonia axyridis",beetle,1,0,4,0,https://www.inaturalist.org/observations/89929699,"2023-06-12 09:24:06"
4506,95887,caterpillar,species,"Hyphantria cunea",caterpillar,0,0,3,0,https://www.inaturalist.org/observations/85917605,"2023-06-05 09:57:05"
4507,95841,caterpillar,species,"Morrisonia confusa",caterpillar,0,0,2,0,https://www.inaturalist.org/observations/85914287,"2023-05-29 09:30:27"
4508,95839,caterpillar,species,"Acronicta americana",caterpillar,0,0,3,0,https://www.inaturalist.org/observations/85913603,"2023-05-29 09:30:27"
4509,95803,caterpillar,species,"Natada nasoni",caterpillar,0,0,3,0,https://www.inaturalist.org/observations/85911555,"2023-05-29 09:30:27"
4510,95778,caterpillar,species,"Hypsoropha hormos",caterpillar,0,0,2,0,https://www.inaturalist.org/observations/85909714,"2023-05-29 09:30:27"
4511,72271,other,species,"Zelus luridus",truebugs,0,0,2,0,https://www.inaturalist.org/observations/30756490,"2022-06-13 09:09:06"
4512,72049,other,species,"Zelus luridus",truebugs,0,0,2,0,https://www.inaturalist.org/observations/30493795,"2022-06-13 09:09:06"
4513,66191,other,genus,Arion,Stylommatophora,0,0,2,0,https://www.inaturalist.org/observations/28244343,"2022-06-13 09:48:06"
4514,104653,other,species,"Brochymena quadripustulata",truebugs,0,0,2,0,https://www.inaturalist.org/observations/95178017,"2023-06-19 09:30:07"
4515,104573,spider,family,Salticidae,spider,0,0,2,0,https://www.inaturalist.org/observations/94929739,"2023-06-19 09:30:07"
4516,104563,ant,complex,"Formica pallidefulva",ant,0,0,3,0,https://www.inaturalist.org/observations/94925753,"2023-06-19 09:30:07"
4517,104558,ant,complex,"Formica pallidefulva",ant,0,0,3,0,https://www.inaturalist.org/observations/94923988,"2023-06-19 09:30:07"
4518,104557,ant,species,"Camponotus americanus",ant,0,0,4,0,https://www.inaturalist.org/observations/94923762,"2023-06-19 09:30:07"
4519,104556,beetle,family,Coccinellidae,beetle,0,0,2,0,https://www.inaturalist.org/observations/94923259,"2023-06-19 09:30:07"
4520,104555,ant,subgenus,Crematogaster,ant,0,0,3,0,https://www.inaturalist.org/observations/94922759,"2023-06-19 09:30:07"
4521,104504,grasshopper,species,"Phaneroptera nana",grasshopper,0,0,3,0,https://www.inaturalist.org/observations/94855859,"2023-06-19 09:30:07"
4522,104442,grasshopper,species,"Oecanthus niveus",grasshopper,0,0,3,0,https://www.inaturalist.org/observations/94734087,"2023-06-19 09:33:06"
4523,104440,other,order,Psocodea,Psocodea,0,0,2,0,https://www.inaturalist.org/observations/94733492,"2023-06-19 09:33:07"
4524,104437,leafhopper,suborder,Auchenorrhyncha,leafhopper,0,0,1,0,https://www.inaturalist.org/observations/94732713,"2023-06-19 09:33:07"
4525,104424,ant,species,"Tetramorium immigrans",ant,0,0,2,0,https://www.inaturalist.org/observations/94730978,"2023-06-19 09:33:07"
4526,104419,ant,species,"Camponotus pennsylvanicus",ant,0,0,2,0,https://www.inaturalist.org/observations/94728314,"2023-06-19 09:33:07"
4527,101948,beetle,species,"Cyrtepistomus castaneus",beetle,0,0,3,0,https://www.inaturalist.org/observations/89908619,"2023-06-12 09:24:06"
4528,100131,unidentified,family,Geometridae,moths,0,0,1,0,https://www.inaturalist.org/observations/88378001,"2023-06-12 09:45:06"
4529,92197,fly,family,Lauxaniidae,fly,0,0,2,0,https://www.inaturalist.org/observations/84062033,"2023-05-22 09:21:05"
4530,61745,beetle,subfamily,Eumolpinae,beetle,0,0,2,0,https://www.inaturalist.org/observations/27228592,"2022-06-06 09:57:07"
4531,104786,truebugs,family,Tingidae,truebugs,0,0,2,0,https://www.inaturalist.org/observations/95963380,"2023-06-19 09:27:05"
4532,104784,ant,complex,"Formica fusca",ant,0,0,3,0,https://www.inaturalist.org/observations/95963030,"2023-06-19 09:27:05"
4533,104742,leafhopper,genus,Scaphytopius,leafhopper,0,0,2,0,https://www.inaturalist.org/observations/95752111,"2023-06-19 09:27:05"
4534,104740,ant,genus,Formica,ant,0,0,3,0,https://www.inaturalist.org/observations/95751694,"2023-06-19 09:27:05"
4535,104705,spider,species,"Misumena vatia",spider,0,0,3,0,https://www.inaturalist.org/observations/95563414,"2023-06-19 09:30:07"
4536,104642,beetle,species,"Harmonia axyridis",beetle,0,0,3,0,https://www.inaturalist.org/observations/95175428,"2022-06-13 02:06:07"
4537,104564,beetle,order,Thysanoptera,Thysanoptera,0,0,3,1,https://www.inaturalist.org/observations/94926030,"2023-06-19 09:30:07"
4538,104524,leafhopper,species,"Jikradia olitoria",leafhopper,0,0,2,0,https://www.inaturalist.org/observations/94860510,"2023-06-19 09:30:07"
4539,95955,caterpillar,species,"Harmonia axyridis",beetle,0,0,4,1,https://www.inaturalist.org/observations/85940874,"2023-06-05 09:57:05"
4540,91889,fly,order,Ephemeroptera,Ephemeroptera,0,0,3,1,https://www.inaturalist.org/observations/83959222,"2023-05-22 09:24:05"
4541,104903,ant,species,"Prenolepis imparis",ant,0,0,3,0,https://www.inaturalist.org/observations/96600421,"2023-06-19 09:27:05"
4542,104902,ant,species,"Prenolepis imparis",ant,0,0,3,0,https://www.inaturalist.org/observations/96598432,"2023-06-19 09:27:05"
4543,104883,beetle,species,"Cyrtepistomus castaneus",beetle,0,0,3,0,https://www.inaturalist.org/observations/96572313,"2023-06-19 09:27:05"
4544,104879,spider,family,Salticidae,spider,0,0,2,0,https://www.inaturalist.org/observations/96524294,"2023-06-19 09:27:05"
4545,104810,grasshopper,species,"Oecanthus niveus",grasshopper,0,0,3,0,https://www.inaturalist.org/observations/96386102,"2023-06-19 09:27:05"
4546,104808,grasshopper,genus,Anaxipha,grasshopper,0,0,2,0,https://www.inaturalist.org/observations/96385807,"2023-06-19 09:27:05"
4547,104807,grasshopper,species,"Oecanthus niveus",grasshopper,0,0,3,0,https://www.inaturalist.org/observations/96385535,"2023-06-19 09:27:05"
4548,104794,ant,species,"Camponotus pennsylvanicus",ant,0,0,3,0,https://www.inaturalist.org/observations/96383532,"2023-06-19 09:27:05"
4549,104792,other,genus,Ectobius,Blattodea,0,0,2,0,https://www.inaturalist.org/observations/96382860,"2023-06-19 09:27:05"
4550,103380,bee,subclass,Pterygota,bee,0,0,2,1,https://www.inaturalist.org/observations/92266236,"2023-06-19 09:42:06"
4551,102386,unidentified,superfamily,Coccoidea,aphid,0,0,1,0,https://www.inaturalist.org/observations/90211473,"2021-10-04 00:30:10"
4552,63507,beetle,suborder,Heteroptera,truebugs,0,0,3,1,https://www.inaturalist.org/observations/27644543,"2022-06-06 09:42:07"
4553,105010,fly,suborder,Heteroptera,truebugs,0,0,3,1,https://www.inaturalist.org/observations/97291986,"2023-06-19 09:24:06"
4554,102385,unidentified,superfamily,Coccoidea,aphid,0,0,1,0,https://www.inaturalist.org/observations/90211298,"2023-06-19 09:57:06"
4555,73183,beetle,subclass,Pterygota,leafhopper,0,0,2,1,https://www.inaturalist.org/observations/32424665,"2022-06-13 08:57:07"
4556,73084,other,family,Chrysopidae,Neuroptera,0,0,1,0,https://www.inaturalist.org/observations/32108572,"2022-06-13 08:57:07"
4557,73081,other,family,Chrysopidae,Neuroptera,0,0,1,0,https://www.inaturalist.org/observations/32108148,"2022-06-13 08:57:07"
4558,66177,unidentified,order,Hemiptera,truebugs,0,0,1,0,https://www.inaturalist.org/observations/28242987,"2022-06-13 09:48:06"
4559,65848,unidentified,order,Coleoptera,beetle,0,0,1,0,https://www.inaturalist.org/observations/28129909,"2022-06-13 09:51:05"
4560,65840,unidentified,superfamily,Fulgoroidea,leafhopper,0,0,1,0,https://www.inaturalist.org/observations/28129121,"2022-06-13 09:51:05"
4561,65340,unidentified,order,Hymenoptera,bee,0,0,1,0,https://www.inaturalist.org/observations/28056690,"2022-06-13 09:57:05"
4562,91179,fly,complex,"Condylostylus comatus",fly,0,0,3,0,https://www.inaturalist.org/observations/87171419,"2023-06-05 09:33:06"
4563,94747,grasshopper,species,"Melanoplus viridipes",grasshopper,0,0,4,0,https://www.inaturalist.org/observations/85120088,"2023-05-29 09:39:06"
4564,85812,bee,genus,Acordulecera,bee,0,1,2,1,https://www.inaturalist.org/observations/80357876,"2022-08-29 09:54:05"
4565,83738,other,suborder,Nematocera,fly,0,0,1,0,https://www.inaturalist.org/observations/78128848,"2022-06-13 06:15:07"
4566,82093,other,species,"Mystacides sepulchralis",Trichoptera,0,0,2,0,https://www.inaturalist.org/observations/55299109,"2022-06-13 06:57:07"
4567,81803,other,order,Psocodea,Psocodea,0,0,1,0,https://www.inaturalist.org/observations/54554124,"2022-06-13 07:06:07"
4568,63896,caterpillar,subclass,Pterygota,moths,0,0,2,1,https://www.inaturalist.org/observations/27697174,"2022-06-06 09:39:09"
4569,59292,grasshopper,subclass,Pterygota,truebugs,0,0,2,1,https://www.inaturalist.org/observations/26761980,"2022-05-30 09:54:07"
4570,57481,caterpillar,subclass,Pterygota,beetle,0,0,2,1,https://www.inaturalist.org/observations/26332910,"2022-05-23 09:30:09"
4571,54081,unidentified,superfamily,Chironomoidea,fly,0,0,1,0,https://www.inaturalist.org/observations/25159087,"2022-05-23 09:48:07"
4572,103524,other,order,Polydesmida,Polydesmida,0,0,1,0,https://www.inaturalist.org/observations/92571255,"2023-06-19 09:39:05"
4573,90679,other,subclass,Pterygota,Neuroptera,0,0,2,1,https://www.inaturalist.org/observations/83256218,"2023-05-22 09:45:05"
4574,250,ant,order,Coleoptera,beetle,0,0,3,1,https://www.inaturalist.org/observations/17848294,"2022-05-16 09:39:08"
4575,196,fly,subclass,Pterygota,Psocodea,0,0,2,1,https://www.inaturalist.org/observations/17848238,"2022-05-16 09:42:06"
4576,41779,fly,subclass,Pterygota,Psocodea,0,0,2,1,https://www.inaturalist.org/observations/17704562,"2022-05-16 09:45:07"
4577,105030,beetle,family,Coccinellidae,beetle,0,0,2,0,https://www.inaturalist.org/observations/98412170,"2023-06-19 09:24:06"
4578,103010,truebugs,family,Cercopidae,leafhopper,0,0,3,1,https://www.inaturalist.org/observations/91208779,"2023-06-19 09:48:05"
4579,98879,other,genus,Chrysoperla,Neuroptera,0,0,2,0,https://www.inaturalist.org/observations/87849940,"2023-06-12 09:57:05"
4580,98870,other,genus,Chrysoperla,Neuroptera,0,0,2,0,https://www.inaturalist.org/observations/87848655,"2023-06-12 09:57:05"
4582,91387,spider,species,"Lyssomanes viridis",spider,0,0,3,0,https://www.inaturalist.org/observations/83526318,"2023-05-22 09:33:06"
4583,86593,spider,genus,Philodromus,spider,0,0,2,0,https://www.inaturalist.org/observations/80805371,"2022-09-26 09:57:05"
4584,100675,grasshopper,suborder,Ensifera,grasshopper,0,0,2,0,https://www.inaturalist.org/observations/88823049,"2023-06-12 09:42:06"
4585,91689,moths,family,Pterophoridae,moths,0,0,2,0,https://www.inaturalist.org/observations/83935309,"2023-05-22 09:27:06"
4586,90366,fly,suborder,Brachycera,fly,0,0,2,0,https://www.inaturalist.org/observations/83154671,"2023-05-22 09:48:05"
4587,88966,beetle,species,"Harmonia axyridis",beetle,1,0,3,0,https://www.inaturalist.org/observations/82428555,"2023-05-15 09:45:05"
4588,88246,beetle,genus,Harmonia,beetle,1,0,2,0,https://www.inaturalist.org/observations/82048617,"2023-05-15 09:54:05"
4589,83172,fly,suborder,Nematocera,fly,0,0,2,0,https://www.inaturalist.org/observations/60118194,"2022-06-13 06:24:07"
4590,80345,fly,zoosubsection,Calyptratae,fly,0,0,3,0,https://www.inaturalist.org/observations/52591939,"2022-06-13 07:30:07"
4591,80322,fly,superfamily,Oestroidea,fly,0,0,3,0,https://www.inaturalist.org/observations/52588188,"2022-06-13 07:30:07"
4592,80311,fly,superfamily,Oestroidea,fly,0,0,3,0,https://www.inaturalist.org/observations/52585346,"2022-06-13 07:30:07"
4593,80306,fly,zoosubsection,Calyptratae,fly,0,0,3,0,https://www.inaturalist.org/observations/52583969,"2022-06-13 07:30:07"
4594,78848,fly,genus,Scaptomyza,fly,0,0,4,0,https://www.inaturalist.org/observations/51010781,"2022-06-13 07:54:06"
4595,78840,fly,family,Dolichopodidae,fly,0,0,2,0,https://www.inaturalist.org/observations/51009275,"2022-06-13 07:54:06"
4596,78839,fly,family,Dolichopodidae,fly,0,0,2,0,https://www.inaturalist.org/observations/51008990,"2022-06-13 07:54:06"
4597,78820,fly,species,"Toxomerus marginatus",fly,0,0,3,0,https://www.inaturalist.org/observations/51005625,"2022-06-13 07:54:06"
4598,78819,fly,zoosubsection,Acalyptratae,fly,0,0,3,0,https://www.inaturalist.org/observations/51005327,"2022-06-13 07:54:06"
4599,76210,fly,suborder,Nematocera,fly,0,0,2,0,https://www.inaturalist.org/observations/47659092,"2022-06-13 08:27:06"
4600,72829,fly,suborder,Nematocera,fly,0,0,2,0,https://www.inaturalist.org/observations/31457338,"2022-06-13 09:03:07"
4601,104739,ant,tribe,Lasiini,ant,0,0,3,0,https://www.inaturalist.org/observations/95688986,"2023-06-19 09:27:05"
4602,104706,ant,genus,Camponotus,ant,0,0,2,0,https://www.inaturalist.org/observations/95563789,"2023-06-19 09:30:07"
4603,100830,fly,genus,Condylostylus,fly,0,0,3,0,https://www.inaturalist.org/observations/88970172,"2023-06-12 09:39:05"
4604,98775,leafhopper,subclass,Collembola,Entomobryomorpha,0,0,2,1,https://www.inaturalist.org/observations/87712934,"2023-06-05 09:24:06"
4605,95607,other,family,Leptoceridae,Trichoptera,0,0,2,0,https://www.inaturalist.org/observations/85768858,"2023-05-29 09:36:05"
4606,84250,truebugs,order,Hemiptera,truebugs,0,0,1,0,https://www.inaturalist.org/observations/79172629,"2022-06-13 06:09:06"
4607,83260,grasshopper,subclass,Pterygota,Phasmida,0,0,2,1,https://www.inaturalist.org/observations/61601718,"2022-06-13 06:21:08"
4608,82646,caterpillar,species,"Natada nasoni",caterpillar,0,0,3,0,https://www.inaturalist.org/observations/58310267,"2022-06-13 06:42:07"
4609,61420,caterpillar,species,"Actias luna",caterpillar,0,0,4,0,https://www.inaturalist.org/observations/27210150,"2022-05-30 09:33:08"
4610,104901,leafhopper,species,"Jikradia olitoria",leafhopper,0,0,2,0,https://www.inaturalist.org/observations/96597777,"2023-06-19 09:27:05"
4611,104891,leafhopper,species,"Otiocerus amyotii",leafhopper,0,0,3,0,https://www.inaturalist.org/observations/96575118,"2023-06-19 09:27:05"
4612,104626,ant,genus,Crematogaster,ant,0,0,2,0,https://www.inaturalist.org/observations/95142053,"2023-06-19 09:30:07"
4613,104505,ant,subgenus,Lasius,ant,0,0,3,0,https://www.inaturalist.org/observations/94857818,"2023-06-19 09:30:07"
4614,104418,ant,species,"Prenolepis imparis",ant,0,0,3,0,https://www.inaturalist.org/observations/94478950,"2023-06-19 09:33:07"
4615,104357,ant,genus,Crematogaster,ant,0,0,2,0,https://www.inaturalist.org/observations/94106660,"2023-06-19 09:33:07"
4616,103818,ant,genus,Crematogaster,ant,0,0,2,0,https://www.inaturalist.org/observations/93252153,"2023-06-19 09:36:06"
4617,103734,ant,species,"Camponotus pennsylvanicus",ant,0,0,2,0,https://www.inaturalist.org/observations/93046334,"2023-06-19 09:39:05"
4618,103184,ant,species,"Prenolepis imparis",ant,0,0,3,0,https://www.inaturalist.org/observations/91564048,"2023-06-19 09:45:06"
4619,102720,ant,complex,"Formica pallidefulva",ant,0,0,2,0,https://www.inaturalist.org/observations/90801416,"2023-06-19 09:51:06"
4620,95974,spider,species,"Enoplognatha ovata",spider,0,0,3,0,https://www.inaturalist.org/observations/85944479,"2023-06-05 09:57:05"
4621,95937,spider,family,Theridiidae,spider,0,0,2,0,https://www.inaturalist.org/observations/85936808,"2023-06-05 09:57:05"
4622,92276,spider,superfamily,Araneoidea,spider,0,0,2,0,https://www.inaturalist.org/observations/84067181,"2023-05-22 09:21:05"
4623,76884,fly,suborder,Nematocera,fly,0,0,2,0,https://www.inaturalist.org/observations/48463487,"2022-06-13 08:18:08"
4624,76866,fly,suborder,Nematocera,fly,0,0,2,0,https://www.inaturalist.org/observations/48447558,"2022-06-13 08:18:08"
4625,76860,fly,zoosubsection,Calyptratae,fly,0,0,2,0,https://www.inaturalist.org/observations/48446652,"2022-06-13 08:18:08"
4626,56643,bee,species,"Caliroa liturata",bee,0,1,2,1,https://www.inaturalist.org/observations/26017701,"2022-05-23 09:33:08"
4627,104647,leafhopper,species,"Acanalonia conica",leafhopper,0,0,3,0,https://www.inaturalist.org/observations/95176528,"2023-06-19 09:30:07"
4628,101887,other,family,Chrysopidae,Neuroptera,0,0,2,0,https://www.inaturalist.org/observations/89814498,"2023-06-12 09:27:06"
4629,98793,unidentified,family,Reduviidae,truebugs,0,0,1,0,https://www.inaturalist.org/observations/87715136,"2023-06-05 09:24:06"
4630,98788,unidentified,species,"Rugosana querci",leafhopper,0,0,3,0,https://www.inaturalist.org/observations/87714797,"2023-06-05 09:24:06"
4631,83782,beetle,species,"Propylea quatuordecimpunctata",beetle,0,0,3,0,https://www.inaturalist.org/observations/78255619,"2022-06-13 06:15:07"
4632,82696,caterpillar,family,Sphingidae,caterpillar,0,0,2,0,https://www.inaturalist.org/observations/58311076,"2022-06-13 06:42:07"
4633,80313,caterpillar,tribe,Eupitheciini,caterpillar,0,0,2,0,https://www.inaturalist.org/observations/52585924,"2022-06-13 07:30:07"
4634,79150,beetle,order,Psocodea,Psocodea,0,0,3,1,https://www.inaturalist.org/observations/51279910,"2022-06-13 07:51:06"
4635,72831,fly,subclass,Pterygota,leafhopper,0,0,2,1,https://www.inaturalist.org/observations/31457295,"2022-06-13 09:03:07"
4636,104435,aphid,family,Aphididae,aphid,0,0,2,0,https://www.inaturalist.org/observations/94732123,"2023-06-19 09:33:07"
4637,104270,ant,species,"Camponotus pennsylvanicus",ant,0,0,3,0,https://www.inaturalist.org/observations/93877183,"2023-06-19 09:33:07"
4638,104269,ant,species,"Camponotus pennsylvanicus",ant,0,0,3,0,https://www.inaturalist.org/observations/93876754,"2023-06-19 09:33:07"
4639,88149,beetle,family,Elateridae,beetle,0,0,2,0,https://www.inaturalist.org/observations/82018495,"2023-05-15 09:57:05"
4640,80150,fly,subclass,Pterygota,Neuroptera,0,0,2,1,https://www.inaturalist.org/observations/52369138,"2022-06-13 07:33:06"
4641,79831,beetle,subclass,Pterygota,truebugs,0,0,2,1,https://www.inaturalist.org/observations/52051036,"2022-06-13 07:39:07"
4642,68960,grasshopper,family,Tettigoniidae,grasshopper,0,0,2,0,https://www.inaturalist.org/observations/29152761,"2022-06-13 09:30:06"
4643,103280,other,phylum,Arthropoda,spider,0,0,1,0,https://www.inaturalist.org/observations/91990159,"2023-06-19 09:42:06"
4644,103160,bee,superfamily,Tenthredinoidea,bee,0,1,1,0,https://www.inaturalist.org/observations/91555877,"2023-06-19 09:45:06"
4645,102728,fly,infraorder,Tipulomorpha,fly,0,0,2,0,https://www.inaturalist.org/observations/90833921,"2023-06-19 09:51:06"
4646,102727,truebugs,species,"Prosapia bicincta",leafhopper,0,0,3,1,https://www.inaturalist.org/observations/90833690,"2023-06-19 09:51:06"
4647,102713,fly,family,Chironomidae,fly,0,0,2,0,https://www.inaturalist.org/observations/90798088,"2023-06-19 09:51:06"
4648,102685,fly,complex,"Condylostylus sipho",fly,0,0,3,0,https://www.inaturalist.org/observations/90694606,"2023-06-19 09:54:05"
4649,102445,fly,family,Culicidae,fly,0,0,2,0,https://www.inaturalist.org/observations/90565205,"2023-06-19 09:57:06"
4650,102215,bee,genus,Macremphytus,bee,0,1,3,0,https://www.inaturalist.org/observations/90105566,"2023-06-12 09:24:06"
4651,98363,fly,complex,"Condylostylus comatus",fly,0,0,4,0,https://www.inaturalist.org/observations/87289310,"2023-06-05 09:27:06"
4652,90062,other,order,Ephemeroptera,Ephemeroptera,0,0,1,0,https://www.inaturalist.org/observations/83036327,"2023-05-22 09:54:05"
4653,87325,unidentified,order,Hymenoptera,bee,0,0,1,0,https://www.inaturalist.org/observations/81297861,"2023-05-01 09:51:06"
4654,87152,unidentified,suborder,Heteroptera,truebugs,0,0,1,0,https://www.inaturalist.org/observations/81206011,"2023-05-01 09:51:06"
4655,82149,fly,superfamily,Muscoidea,fly,0,0,3,0,https://www.inaturalist.org/observations/55380513,"2022-06-13 06:57:07"
4656,104141,unidentified,genus,Contarinia,fly,0,0,1,0,https://www.inaturalist.org/observations/93609273,"2023-06-19 09:36:06"
4657,103499,ant,species,"Camponotus nearcticus",ant,0,0,2,0,https://www.inaturalist.org/observations/92464606,"2023-06-19 09:39:05"
4658,103492,ant,subgenus,Crematogaster,ant,0,0,2,0,https://www.inaturalist.org/observations/92459965,"2023-06-19 09:39:05"
4659,103416,ant,species,"Nylanderia flavipes",ant,0,0,3,0,https://www.inaturalist.org/observations/92384983,"2023-06-19 09:39:05"
4660,103386,ant,species,"Camponotus pennsylvanicus",ant,0,0,2,0,https://www.inaturalist.org/observations/92268196,"2023-06-19 09:42:06"
4661,103382,ant,species,"Camponotus pennsylvanicus",ant,0,0,2,0,https://www.inaturalist.org/observations/92266989,"2023-06-19 09:42:06"
4662,103216,ant,genus,Camponotus,ant,0,0,2,0,https://www.inaturalist.org/observations/91641040,"2023-06-19 09:42:06"
4663,103178,ant,species,"Tapinoma sessile",ant,0,0,2,0,https://www.inaturalist.org/observations/91561917,"2023-06-19 09:45:06"
4664,103175,ant,species,"Camponotus nearcticus",ant,0,0,2,0,https://www.inaturalist.org/observations/91561094,"2023-06-19 09:45:06"
4665,102852,fly,genus,Condylostylus,fly,0,0,3,0,https://www.inaturalist.org/observations/91030444,"2023-06-19 09:48:05"
4666,102717,ant,complex,"Formica fusca",ant,0,0,2,0,https://www.inaturalist.org/observations/90800053,"2023-06-19 09:51:06"
4667,102699,ant,complex,"Formica fusca",ant,0,0,2,0,https://www.inaturalist.org/observations/90777339,"2023-06-19 09:51:06"
4668,102689,ant,genus,Nylanderia,ant,0,0,2,0,https://www.inaturalist.org/observations/90695471,"2023-06-19 09:51:06"
4669,102688,ant,species,"Tapinoma sessile",ant,0,0,2,0,https://www.inaturalist.org/observations/90695217,"2023-06-19 09:51:06"
4670,102082,ant,complex,"Formica pallidefulva",ant,0,0,2,0,https://www.inaturalist.org/observations/89935204,"2023-06-12 09:24:06"
4671,102062,ant,complex,"Formica pallidefulva",ant,0,0,2,0,https://www.inaturalist.org/observations/89930756,"2023-06-12 09:24:06"
4672,102032,ant,complex,"Formica fusca",ant,0,0,2,0,https://www.inaturalist.org/observations/89929011,"2023-06-12 09:24:06"
4673,101975,other,family,Chrysopidae,Neuroptera,0,0,2,0,https://www.inaturalist.org/observations/89912325,"2023-06-12 09:24:06"
4674,101912,ant,subgenus,Crematogaster,ant,0,0,3,0,https://www.inaturalist.org/observations/89903557,"2023-06-12 09:27:06"
4675,101489,bee,superfamily,Tenthredinoidea,bee,0,1,1,0,https://www.inaturalist.org/observations/89390358,"2023-06-12 09:30:07"
4676,101488,bee,superfamily,Tenthredinoidea,bee,0,1,1,0,https://www.inaturalist.org/observations/89389854,"2023-06-12 09:30:07"
4677,100851,ant,complex,"Formica pallidefulva",ant,0,0,2,0,https://www.inaturalist.org/observations/88964825,"2023-06-12 09:39:05"
4678,100744,ant,subgenus,Crematogaster,ant,0,0,2,0,https://www.inaturalist.org/observations/88932778,"2023-06-12 09:39:05"
4679,100719,other,genus,Chrysoperla,Neuroptera,0,0,2,0,https://www.inaturalist.org/observations/88930789,"2023-06-12 09:39:05"
4680,100712,ant,species,"Tapinoma sessile",ant,0,0,2,0,https://www.inaturalist.org/observations/88873367,"2023-06-12 09:42:06"
4681,99260,ant,complex,"Formica pallidefulva",ant,0,0,3,0,https://www.inaturalist.org/observations/88003760,"2023-06-12 09:51:06"
4682,99213,ant,subgenus,Crematogaster,ant,0,0,2,0,https://www.inaturalist.org/observations/87997836,"2023-06-12 09:51:06"
4683,99211,ant,species,"Camponotus pennsylvanicus",ant,0,0,3,0,https://www.inaturalist.org/observations/87997062,"2023-06-12 09:51:06"
4684,99192,ant,family,Formicidae,ant,0,0,2,0,https://www.inaturalist.org/observations/87991024,"2023-06-12 09:54:05"
4685,99069,ant,species,"Nylanderia flavipes",ant,0,0,3,0,https://www.inaturalist.org/observations/87900040,"2023-06-12 09:54:05"
4686,99058,ant,species,"Nylanderia flavipes",ant,0,0,3,0,https://www.inaturalist.org/observations/87899001,"2023-06-12 09:54:05"
4687,99045,ant,species,"Lasius neoniger",ant,0,0,3,0,https://www.inaturalist.org/observations/87896606,"2023-06-12 09:54:05"
4688,99040,ant,tribe,Lasiini,ant,0,0,3,0,https://www.inaturalist.org/observations/87896251,"2023-06-12 09:54:05"
4689,99033,ant,species,"Nylanderia flavipes",ant,0,0,3,0,https://www.inaturalist.org/observations/87894640,"2023-06-12 09:57:05"
4690,98127,ant,complex,"Formica pallidefulva",ant,0,0,3,0,https://www.inaturalist.org/observations/87014853,"2023-06-05 09:33:06"
4691,98114,ant,species,"Camponotus pennsylvanicus",ant,0,0,2,0,https://www.inaturalist.org/observations/87008465,"2023-06-05 09:33:06"
4692,98111,ant,subgenus,Crematogaster,ant,0,0,2,0,https://www.inaturalist.org/observations/87007728,"2023-06-05 09:33:06"
4693,97991,ant,species,"Camponotus pennsylvanicus",ant,0,0,2,0,https://www.inaturalist.org/observations/86989198,"2023-06-05 09:33:06"
4694,97990,ant,species,"Camponotus nearcticus",ant,0,0,2,0,https://www.inaturalist.org/observations/86988709,"2023-06-05 09:33:06"
4695,97940,ant,subgenus,Crematogaster,ant,0,0,2,0,https://www.inaturalist.org/observations/86986323,"2023-06-05 09:36:05"
4696,97931,ant,complex,"Formica fusca",ant,0,0,2,0,https://www.inaturalist.org/observations/86984322,"2023-06-05 09:36:05"
4697,97926,ant,subgenus,Crematogaster,ant,0,0,2,0,https://www.inaturalist.org/observations/86983650,"2023-06-05 09:36:05"
4698,97491,ant,genus,Myrmica,ant,0,0,2,0,https://www.inaturalist.org/observations/86882583,"2023-06-05 09:39:05"
4699,97446,ant,tribe,Lasiini,ant,0,0,3,0,https://www.inaturalist.org/observations/86878147,"2023-06-05 09:39:05"
4700,97393,ant,species,"Tapinoma sessile",ant,0,0,2,0,https://www.inaturalist.org/observations/86859733,"2023-06-05 09:42:05"
4701,96327,ant,species,"Camponotus pennsylvanicus",ant,0,0,2,0,https://www.inaturalist.org/observations/86037844,"2023-06-05 09:54:06"
4702,96321,ant,species,"Camponotus nearcticus",ant,0,0,2,0,https://www.inaturalist.org/observations/86037303,"2023-06-05 09:54:06"
4703,96268,ant,subgenus,Crematogaster,ant,0,0,2,0,https://www.inaturalist.org/observations/86032830,"2023-06-05 09:54:06"
4704,95956,ant,species,"Nylanderia flavipes",ant,0,0,3,0,https://www.inaturalist.org/observations/85941221,"2023-06-05 09:57:05"
4705,94071,ant,subgenus,Crematogaster,ant,0,0,3,0,https://www.inaturalist.org/observations/84865389,"2023-05-29 09:45:06"
4706,92330,ant,species,"Prenolepis imparis",ant,0,0,6,0,https://www.inaturalist.org/observations/84079920,"2023-05-22 09:21:05"
4707,91928,ant,species,"Nylanderia flavipes",ant,0,0,3,0,https://www.inaturalist.org/observations/83962830,"2023-05-22 09:24:05"
4708,90914,ant,species,"Nylanderia flavipes",ant,0,0,3,0,https://www.inaturalist.org/observations/83293640,"2023-05-22 09:39:06"
4709,90849,ant,complex,"Formica fusca",ant,0,0,2,0,https://www.inaturalist.org/observations/83283499,"2023-05-22 09:42:05"
4710,90759,ant,species,"Camponotus pennsylvanicus",ant,0,0,3,0,https://www.inaturalist.org/observations/83269408,"2023-05-22 09:42:05"
4711,90700,ant,subgenus,Crematogaster,ant,0,0,2,0,https://www.inaturalist.org/observations/83259865,"2023-05-22 09:45:05"
4712,90629,ant,species,"Nylanderia flavipes",ant,0,0,3,0,https://www.inaturalist.org/observations/83175848,"2023-05-22 09:45:05"
4713,90626,ant,species,"Nylanderia flavipes",ant,0,0,3,0,https://www.inaturalist.org/observations/83174624,"2023-05-22 09:45:05"
4714,89665,ant,species,"Tapinoma sessile",ant,0,0,2,0,https://www.inaturalist.org/observations/82724920,"2023-05-15 09:39:06"
4715,88755,ant,complex,"Formica pallidefulva",ant,0,0,2,0,https://www.inaturalist.org/observations/82327075,"2023-05-15 09:48:06"
4716,88743,ant,subgenus,Crematogaster,ant,0,0,3,0,https://www.inaturalist.org/observations/82318158,"2023-05-15 09:48:06"
4717,88723,ant,family,Formicidae,ant,0,0,2,0,https://www.inaturalist.org/observations/82295932,"2023-05-15 09:48:06"
4718,88716,ant,species,"Camponotus nearcticus",ant,0,0,2,0,https://www.inaturalist.org/observations/82293335,"2023-05-15 09:48:06"
4719,88667,ant,species,"Camponotus pennsylvanicus",ant,0,0,2,0,https://www.inaturalist.org/observations/82289471,"2023-05-15 09:51:05"
4720,88658,ant,genus,Camponotus,ant,0,0,2,0,https://www.inaturalist.org/observations/82288911,"2023-05-15 09:51:05"
4721,88641,ant,species,"Temnothorax curvispinosus",ant,0,0,2,0,https://www.inaturalist.org/observations/82287333,"2023-05-15 09:51:05"
4722,88624,ant,family,Formicidae,ant,0,0,2,0,https://www.inaturalist.org/observations/82286445,"2023-05-15 09:51:05"
4723,87770,other,family,Julidae,Julida,0,0,1,0,https://www.inaturalist.org/observations/81584274,"2023-05-08 09:54:05"
4724,87682,ant,family,Formicidae,ant,0,0,2,0,https://www.inaturalist.org/observations/81561610,"2023-05-08 09:54:05"
4725,87408,ant,genus,Formica,ant,0,0,2,0,https://www.inaturalist.org/observations/81322897,"2023-05-08 09:57:05"
4726,87400,ant,species,"Camponotus nearcticus",ant,0,0,2,0,https://www.inaturalist.org/observations/81316564,"2023-05-08 09:57:05"
4727,87344,ant,species,"Camponotus pennsylvanicus",ant,0,0,2,0,https://www.inaturalist.org/observations/81300509,"2023-05-01 09:48:06"
4728,87230,ant,species,"Temnothorax curvispinosus",ant,0,0,2,0,https://www.inaturalist.org/observations/81214730,"2023-05-01 09:51:06"
4729,87147,ant,species,"Nylanderia flavipes",ant,0,0,3,0,https://www.inaturalist.org/observations/81205371,"2023-05-01 09:51:06"
4730,87059,ant,genus,Lasius,ant,0,0,2,0,https://www.inaturalist.org/observations/81200879,"2023-05-01 09:51:06"
4731,85852,ant,species,"Camponotus pennsylvanicus",ant,0,0,2,0,https://www.inaturalist.org/observations/80366790,"2022-08-29 09:54:05"
4732,85820,ant,species,"Camponotus pennsylvanicus",ant,0,0,2,0,https://www.inaturalist.org/observations/80359276,"2022-08-29 09:54:05"
4733,85798,ant,species,"Camponotus pennsylvanicus",ant,0,0,2,0,https://www.inaturalist.org/observations/80356266,"2022-08-29 09:54:05"
4734,85594,ant,species,"Camponotus pennsylvanicus",ant,0,0,2,0,https://www.inaturalist.org/observations/80262641,"2022-08-29 09:57:06"
4735,85452,ant,species,"Nylanderia flavipes",ant,0,0,2,0,https://www.inaturalist.org/observations/80237578,"2022-08-29 09:57:06"
4736,85355,ant,species,"Camponotus nearcticus",ant,0,0,2,0,https://www.inaturalist.org/observations/80130577,"2022-08-29 09:57:06"
4737,85022,ant,species,"Camponotus nearcticus",ant,0,0,2,0,https://www.inaturalist.org/observations/79675973,"2022-06-13 06:03:07"
4738,85018,ant,species,"Camponotus nearcticus",ant,0,0,2,0,https://www.inaturalist.org/observations/79675548,"2022-06-13 06:03:07"
4739,84615,ant,complex,"Formica fusca",ant,0,0,2,0,https://www.inaturalist.org/observations/79422151,"2022-06-13 06:06:14"
4740,84610,ant,species,"Camponotus nearcticus",ant,0,0,2,0,https://www.inaturalist.org/observations/79419663,"2022-06-13 06:06:14"
4741,84259,ant,species,"Camponotus nearcticus",ant,0,0,2,0,https://www.inaturalist.org/observations/79176314,"2022-06-13 06:09:06"
4742,84067,ant,species,"Camponotus pennsylvanicus",ant,0,0,2,0,https://www.inaturalist.org/observations/78830941,"2022-06-13 06:12:06"
4743,104687,fly,family,Chironomidae,fly,0,0,2,0,https://www.inaturalist.org/observations/95216904,"2023-06-19 09:30:07"
4744,103096,fly,genus,Gymnopternus,fly,0,0,3,0,https://www.inaturalist.org/observations/91418164,"2023-06-19 09:45:06"
4745,101109,beetle,superfamily,Elateroidea,beetle,0,0,3,0,https://www.inaturalist.org/observations/89194875,"2023-06-12 09:33:05"
4746,99475,other,family,Chironomidae,fly,0,0,1,0,https://www.inaturalist.org/observations/88127567,"2023-06-12 09:48:05"
4747,96740,beetle,superfamily,Elateroidea,beetle,0,0,3,0,https://www.inaturalist.org/observations/86284875,"2023-06-05 09:51:05"
4748,95597,unidentified,species,"Campyloneura virgula",truebugs,0,0,3,0,https://www.inaturalist.org/observations/85767013,"2023-05-29 09:36:05"
4749,91217,beetle,superfamily,Elateroidea,beetle,0,0,3,0,https://www.inaturalist.org/observations/83504293,"2023-05-22 09:36:06"
4750,88047,leafhopper,family,Cicadidae,leafhopper,0,0,2,0,https://www.inaturalist.org/observations/81855876,"2023-05-08 09:51:05"
4751,83826,beetle,infraorder,Elateriformia,beetle,0,0,2,0,https://www.inaturalist.org/observations/78362105,"2022-06-13 06:15:07"
4752,83670,ant,species,"Prenolepis imparis",ant,0,0,2,0,https://www.inaturalist.org/observations/77939864,"2022-06-13 06:15:07"
4753,83633,ant,species,"Prenolepis imparis",ant,0,0,3,0,https://www.inaturalist.org/observations/76648148,"2022-06-13 06:18:07"
4754,77421,beetle,infraorder,Elateriformia,beetle,0,0,2,0,https://www.inaturalist.org/observations/49119203,"2022-06-13 08:12:06"
4755,63886,fly,suborder,Brachycera,fly,0,0,2,0,https://www.inaturalist.org/observations/27697529,"2022-06-06 09:39:09"
4756,55012,fly,family,Chironomidae,fly,0,0,2,0,https://www.inaturalist.org/observations/25499196,"2022-05-23 09:42:07"
4757,53425,fly,family,Sarcophagidae,fly,0,0,2,0,https://www.inaturalist.org/observations/24523815,"2022-05-23 09:48:07"
4758,104447,leafhopper,tribe,Typhlocybini,leafhopper,0,0,3,0,https://www.inaturalist.org/observations/94735529,"2023-06-19 09:30:07"
4759,104441,leafhopper,genus,Populicerus,leafhopper,0,0,3,0,https://www.inaturalist.org/observations/94733747,"2023-06-19 09:33:07"
4760,104351,leafhopper,species,"Jikradia olitoria",leafhopper,0,0,3,0,https://www.inaturalist.org/observations/94033692,"2023-06-19 09:33:07"
4761,104036,leafhopper,species,"Neotibicen tibicen",leafhopper,0,0,3,0,https://www.inaturalist.org/observations/93391905,"2023-06-19 09:36:06"
4762,103192,fly,superfamily,Tephritoidea,fly,0,0,2,0,https://www.inaturalist.org/observations/91630323,"2023-06-19 09:45:06"
4763,103088,fly,family,Tipulidae,fly,0,0,2,0,https://www.inaturalist.org/observations/91413547,"2023-06-19 09:45:06"
4764,98567,unidentified,genus,Zelus,truebugs,0,0,1,0,https://www.inaturalist.org/observations/87277739,"2023-06-05 09:27:06"
4765,98564,unidentified,genus,Zelus,truebugs,0,0,1,0,https://www.inaturalist.org/observations/87276983,"2023-06-05 09:27:06"
4766,98287,fly,subfamily,Myrmicinae,ant,0,0,2,0,https://www.inaturalist.org/observations/87144758,"2023-06-05 09:33:06"
4767,97591,other,superfamily,Grylloidea,grasshopper,0,0,1,0,https://www.inaturalist.org/observations/86892438,"2023-06-05 09:39:05"
4768,95416,other,order,Ephemeroptera,Ephemeroptera,0,0,1,0,https://www.inaturalist.org/observations/85497068,"2023-05-29 09:36:05"
4769,85382,fly,family,Chironomidae,fly,0,0,2,0,https://www.inaturalist.org/observations/80232832,"2022-08-29 09:57:06"
4770,77877,other,suborder,Helicina,Stylommatophora,0,0,1,0,https://www.inaturalist.org/observations/49897678,"2022-06-13 08:03:07"
4771,72456,leafhopper,genus,Neaethus,leafhopper,0,0,2,0,https://www.inaturalist.org/observations/31452516,"2022-06-13 09:06:07"
4772,65845,other,superfamily,Helicoidea,Stylommatophora,0,0,1,0,https://www.inaturalist.org/observations/28129627,"2022-06-13 09:51:05"
4773,4760,moths,family,Geometridae,moths,0,0,2,0,https://www.inaturalist.org/observations/17848503,"2022-05-16 09:36:06"
4774,104919,spider,genus,Philodromus,spider,0,0,2,0,https://www.inaturalist.org/observations/96696340,"2023-06-19 09:27:05"
4775,101910,other,genus,Zelus,truebugs,0,0,1,0,https://www.inaturalist.org/observations/89899846,"2023-06-12 09:27:06"
4776,98798,other,superfamily,Pentatomoidea,truebugs,0,0,1,0,https://www.inaturalist.org/observations/87836834,"2023-06-05 09:24:06"
4777,97406,spider,phylum,Arthropoda,spider,0,0,2,1,https://www.inaturalist.org/observations/86861924,"2023-06-05 09:39:05"
4778,92811,caterpillar,order,Lepidoptera,caterpillar,0,0,1,0,https://www.inaturalist.org/observations/84203455,"2023-05-22 09:12:05"
4779,92631,other,family,Chrysopidae,Neuroptera,0,0,1,0,https://www.inaturalist.org/observations/84175886,"2023-05-22 09:15:05"
4780,92625,unidentified,tribe,Orthotylini,truebugs,0,0,2,0,https://www.inaturalist.org/observations/84174819,"2023-05-22 09:15:05"
4781,92451,other,family,Braconidae,bee,0,0,2,0,https://www.inaturalist.org/observations/84102801,"2023-05-22 09:18:05"
4782,92084,other,family,Chrysopidae,Neuroptera,0,0,1,0,https://www.inaturalist.org/observations/84051459,"2023-05-22 09:24:05"
4783,91743,other,suborder,Heteroptera,truebugs,0,0,1,0,https://www.inaturalist.org/observations/83941531,"2023-05-22 09:27:06"
4784,91696,other,order,Lepidoptera,moths,0,0,1,0,https://www.inaturalist.org/observations/83935912,"2023-05-22 09:27:06"
4785,91660,other,family,Pterophoridae,moths,0,0,1,0,https://www.inaturalist.org/observations/83931854,"2023-05-22 09:30:06"
4786,91604,other,superfamily,Pentatomoidea,truebugs,0,0,1,0,https://www.inaturalist.org/observations/83926841,"2023-05-22 09:30:07"
4787,91595,other,order,Lepidoptera,moths,0,0,1,0,https://www.inaturalist.org/observations/83926308,"2023-05-22 09:30:07"
4788,91140,other,order,Psocodea,Psocodea,0,0,1,0,https://www.inaturalist.org/observations/83420756,"2023-05-22 09:36:06"
4789,90597,other,genus,Caliroa,bee,0,1,1,0,https://www.inaturalist.org/observations/83170942,"2023-05-22 09:45:05"
4790,90561,other,order,Lepidoptera,moths,0,0,1,0,https://www.inaturalist.org/observations/83166308,"2023-05-22 09:48:05"
4791,90538,other,order,Lepidoptera,moths,0,0,1,0,https://www.inaturalist.org/observations/83165556,"2023-05-22 09:48:05"
4792,90516,caterpillar,order,Lepidoptera,caterpillar,0,0,1,0,https://www.inaturalist.org/observations/83163630,"2023-05-22 09:48:05"
4793,90493,moths,order,Lepidoptera,moths,0,0,1,0,https://www.inaturalist.org/observations/83160101,"2023-05-22 09:48:05"
4794,90365,moths,order,Lepidoptera,moths,0,0,1,0,https://www.inaturalist.org/observations/83154282,"2023-05-22 09:48:05"
4795,90353,moths,order,Lepidoptera,moths,0,0,1,0,https://www.inaturalist.org/observations/83153935,"2023-05-22 09:48:05"
4796,90348,moths,order,Lepidoptera,moths,0,0,1,0,https://www.inaturalist.org/observations/83152103,"2023-05-22 09:48:05"
4797,90312,moths,order,Lepidoptera,caterpillar,0,0,1,0,https://www.inaturalist.org/observations/83148452,"2023-05-22 09:51:06"
4798,90021,other,order,Ephemeroptera,Ephemeroptera,0,0,1,0,https://www.inaturalist.org/observations/83032331,"2023-05-22 09:54:05"
4799,89124,unidentified,suborder,Apocrita,bee,0,0,1,0,https://www.inaturalist.org/observations/82472600,"2023-05-15 09:42:05"
4800,89043,other,order,Lepidoptera,moths,0,0,1,0,https://www.inaturalist.org/observations/82442674,"2023-05-15 09:42:05"
4801,88831,leafhopper,family,Cicadidae,leafhopper,0,0,2,0,https://www.inaturalist.org/observations/82415951,"2023-05-15 09:45:05"
4802,88242,leafhopper,family,Cicadellidae,leafhopper,0,0,2,0,https://www.inaturalist.org/observations/82047415,"2023-05-15 09:54:05"
4803,87856,other,order,Psocodea,Psocodea,0,0,1,0,https://www.inaturalist.org/observations/81603247,"2023-05-08 09:54:05"
4804,87775,other,order,Psocodea,Psocodea,0,0,1,0,https://www.inaturalist.org/observations/81585304,"2023-05-08 09:54:05"
4805,87757,other,family,Chironomidae,fly,0,0,1,0,https://www.inaturalist.org/observations/81578626,"2023-05-08 09:54:05"
4806,54757,fly,family,Dolichopodidae,fly,0,0,2,0,https://www.inaturalist.org/observations/25403868,"2022-05-23 09:45:07"
4807,104718,leafhopper,subfamily,Typhlocybinae,leafhopper,0,0,2,0,https://www.inaturalist.org/observations/95652853,"2023-06-19 09:30:07"
4808,104709,spider,genus,Hentzia,spider,0,0,2,0,https://www.inaturalist.org/observations/95565679,"2023-06-19 09:30:07"
4809,104445,leafhopper,species,"Microcentrus perditus",leafhopper,0,0,2,0,https://www.inaturalist.org/observations/94735009,"2023-06-19 09:30:07"
4810,104359,spider,family,Dictynidae,spider,0,0,2,0,https://www.inaturalist.org/observations/94107124,"2023-06-19 09:33:07"
4811,104142,leafhopper,species,"Graphocephala fennahi",leafhopper,0,0,2,0,https://www.inaturalist.org/observations/93610075,"2023-06-19 09:36:06"
4812,103399,leafhopper,species,"Acanalonia conica",leafhopper,0,0,3,0,https://www.inaturalist.org/observations/92271497,"2023-06-19 09:39:05"
4813,103379,leafhopper,species,"Ormenoides venusta",leafhopper,0,0,3,0,https://www.inaturalist.org/observations/92265870,"2023-06-19 09:42:06"
4814,103377,leafhopper,species,"Jikradia olitoria",leafhopper,0,0,2,0,https://www.inaturalist.org/observations/92265049,"2023-06-19 09:42:06"
4815,103376,leafhopper,species,"Jikradia olitoria",leafhopper,0,0,2,0,https://www.inaturalist.org/observations/92264522,"2023-06-19 09:42:06"
4816,103370,leafhopper,species,"Ormenoides venusta",leafhopper,0,0,3,0,https://www.inaturalist.org/observations/92262555,"2023-06-19 09:42:06"
4817,103369,leafhopper,tribe,Typhlocybini,leafhopper,0,0,2,0,https://www.inaturalist.org/observations/92262165,"2023-06-19 09:42:06"
4818,103364,leafhopper,species,"Ormenoides venusta",leafhopper,0,0,3,0,https://www.inaturalist.org/observations/92261008,"2023-06-19 09:42:06"
4819,103062,leafhopper,order,Hemiptera,aphid,0,0,2,1,https://www.inaturalist.org/observations/91324185,"2023-06-19 09:48:05"
4820,102061,spider,genus,Tutelina,spider,0,0,2,0,https://www.inaturalist.org/observations/89930401,"2023-06-12 09:24:06"
4821,101954,leafhopper,family,Tingidae,truebugs,0,0,3,1,https://www.inaturalist.org/observations/89909222,"2023-06-12 09:24:06"
4822,101915,spider,family,Dictynidae,spider,0,0,2,0,https://www.inaturalist.org/observations/89904196,"2023-06-12 09:27:06"
4823,101189,spider,genus,Araneus,spider,0,0,2,0,https://www.inaturalist.org/observations/89199783,"2023-06-12 09:33:05"
4824,100858,leafhopper,superfamily,Cercopoidea,leafhopper,0,0,2,0,https://www.inaturalist.org/observations/88974407,"2023-06-12 09:36:06"
4825,100514,spider,family,Dictynidae,spider,0,0,2,0,https://www.inaturalist.org/observations/88704615,"2023-06-12 09:45:06"
4826,100503,spider,family,Theridiidae,spider,0,0,2,0,https://www.inaturalist.org/observations/88699512,"2023-06-12 09:45:06"
4827,100499,spider,genus,Rhomphaea,spider,0,0,2,0,https://www.inaturalist.org/observations/88693084,"2023-06-12 09:45:06"
4828,100496,spider,species,"Lyssomanes viridis",spider,0,0,4,0,https://www.inaturalist.org/observations/88691627,"2023-06-12 09:45:06"
4829,98867,spider,species,"Paraphidippus aurantius",spider,0,0,2,0,https://www.inaturalist.org/observations/87848424,"2023-06-12 09:57:05"
4830,98629,leafhopper,tribe,Gyponini,leafhopper,0,0,2,0,https://www.inaturalist.org/observations/87420733,"2023-06-05 09:27:06"
4831,96795,spider,species,"Mecynogea lemniscata",spider,0,0,3,0,https://www.inaturalist.org/observations/86288379,"2023-06-05 09:51:05"
4832,96734,spider,genus,Araneus,spider,0,0,2,0,https://www.inaturalist.org/observations/86282904,"2023-06-05 09:51:05"
4833,95832,spider,species,"Verrucosa arenata",spider,0,0,3,0,https://www.inaturalist.org/observations/85913171,"2023-05-29 09:30:27"
4834,95017,spider,class,Arachnida,spider,0,0,1,0,https://www.inaturalist.org/observations/85266187,"2023-05-29 09:36:05"
4835,93460,spider,family,Theridiidae,spider,0,0,2,0,https://www.inaturalist.org/observations/84444821,"2023-05-29 09:51:06"
4836,93295,spider,genus,Wulfila,spider,0,0,2,0,https://www.inaturalist.org/observations/84434481,"2023-05-29 09:51:06"
4837,92885,spider,genus,Tetragnatha,spider,0,0,2,0,https://www.inaturalist.org/observations/84295043,"2023-05-29 09:57:05"
4838,90869,spider,family,Thomisidae,spider,0,0,2,0,https://www.inaturalist.org/observations/83289237,"2023-05-22 09:39:06"
4839,89877,spider,species,"Verrucosa arenata",spider,0,0,3,0,https://www.inaturalist.org/observations/83018744,"2023-05-22 09:57:06"
4840,88724,spider,family,Dictynidae,spider,0,0,2,0,https://www.inaturalist.org/observations/82308219,"2023-05-15 09:48:06"
4841,88473,spider,species,"Paraphidippus aurantius",spider,0,0,2,0,https://www.inaturalist.org/observations/82162729,"2023-05-15 09:51:05"
4842,88216,spider,genus,Tetragnatha,spider,0,0,2,0,https://www.inaturalist.org/observations/82030772,"2023-05-15 09:57:05"
4843,87366,aphid,order,Psocodea,Psocodea,0,0,1,0,https://www.inaturalist.org/observations/81303091,"2023-05-08 09:57:05"
4844,86066,spider,tribe,Dendryphantini,spider,0,0,2,0,https://www.inaturalist.org/observations/80480192,"2022-09-05 09:57:06"
4845,85912,spider,species,"Hentzia palmarum",spider,0,0,2,0,https://www.inaturalist.org/observations/80380745,"2022-09-05 09:57:06"
4846,85297,spider,species,"Mangora placida",spider,0,0,2,0,https://www.inaturalist.org/observations/80105470,"2022-06-13 06:00:08"
4847,85083,spider,genus,Hentzia,spider,0,0,2,0,https://www.inaturalist.org/observations/79839153,"2022-06-13 06:03:07"
4848,84141,spider,species,"Lyssomanes viridis",spider,0,0,3,0,https://www.inaturalist.org/observations/79044920,"2022-06-13 06:12:06"
4849,83893,spider,family,Salticidae,spider,0,0,2,0,https://www.inaturalist.org/observations/78391860,"2022-06-13 06:12:06"
4850,77157,fly,family,Dolichopodidae,fly,0,0,2,0,https://www.inaturalist.org/observations/48938346,"2022-06-13 08:15:06"
4851,61427,fly,family,Sciomyzidae,fly,0,0,2,0,https://www.inaturalist.org/observations/27210406,"2022-05-30 09:33:08"
4852,104756,spider,family,Salticidae,spider,0,0,2,0,https://www.inaturalist.org/observations/95756687,"2023-06-19 09:27:05"
4853,104439,spider,family,Dictynidae,spider,0,0,2,0,https://www.inaturalist.org/observations/94733059,"2023-06-19 09:33:07"
4854,102684,other,genus,Cepaea,Stylommatophora,0,0,1,0,https://www.inaturalist.org/observations/90694294,"2023-06-19 09:54:05"
4855,101042,spider,genus,Hentzia,spider,0,0,2,0,https://www.inaturalist.org/observations/89186762,"2023-06-12 09:36:06"
4856,100621,spider,species,"Verrucosa arenata",spider,0,0,3,0,https://www.inaturalist.org/observations/88818360,"2023-06-12 09:42:06"
4857,99787,unidentified,order,Psocodea,Psocodea,0,0,1,0,https://www.inaturalist.org/observations/88254262,"2023-06-12 09:48:05"
4858,99143,spider,genus,Hentzia,spider,0,0,2,0,https://www.inaturalist.org/observations/87985792,"2023-06-12 09:54:05"
4859,93612,spider,family,Dictynidae,spider,0,0,2,0,https://www.inaturalist.org/observations/84545772,"2023-05-29 09:48:05"
4860,93201,spider,species,"Lyssomanes viridis",spider,0,0,4,0,https://www.inaturalist.org/observations/84425072,"2023-05-29 09:54:06"
4861,92533,fly,genus,Rivellia,fly,0,0,3,0,https://www.inaturalist.org/observations/84115165,"2023-05-22 09:18:05"
4862,90861,spider,family,Anyphaenidae,spider,0,0,2,0,https://www.inaturalist.org/observations/83287750,"2023-05-22 09:42:05"
4863,90275,spider,genus,Tetragnatha,spider,0,0,2,0,https://www.inaturalist.org/observations/83144410,"2023-05-22 09:51:06"
4864,88185,spider,species,"Lyssomanes viridis",spider,0,0,4,0,https://www.inaturalist.org/observations/82023123,"2023-05-15 09:57:05"
4865,85855,spider,genus,Tutelina,spider,0,0,2,0,https://www.inaturalist.org/observations/80367414,"2022-08-29 09:54:05"
4866,84888,spider,genus,Philodromus,spider,0,0,2,0,https://www.inaturalist.org/observations/79645472,"2022-06-13 06:03:07"
4867,83784,spider,family,Dictynidae,spider,0,0,2,0,https://www.inaturalist.org/observations/78256371,"2022-06-13 06:15:07"
4868,83577,ant,species,"Prenolepis imparis",ant,0,0,2,0,https://www.inaturalist.org/observations/75234563,"2022-06-13 06:18:07"
4869,71092,fly,subfamily,Sciapodinae,fly,0,0,2,0,https://www.inaturalist.org/observations/29852539,"2022-06-13 09:18:06"
4870,69639,fly,family,Acroceridae,fly,0,0,2,0,https://www.inaturalist.org/observations/29284869,"2022-06-13 09:24:07"
4871,63256,fly,subfamily,Sciapodinae,fly,0,0,2,0,https://www.inaturalist.org/observations/27632044,"2022-06-06 09:42:07"
4872,59192,fly,family,Dolichopodidae,fly,0,0,2,0,https://www.inaturalist.org/observations/26745939,"2022-05-30 09:54:07"
4873,57264,fly,subtribe,Xylotina,fly,0,0,2,0,https://www.inaturalist.org/observations/26254519,"2022-05-23 09:30:09"
4874,103489,spider,family,Dictynidae,spider,0,0,2,0,https://www.inaturalist.org/observations/92459191,"2023-06-19 09:39:05"
4875,103188,spider,family,Dictynidae,spider,0,0,2,0,https://www.inaturalist.org/observations/91628235,"2023-06-19 09:45:06"
4876,103112,spider,family,Thomisidae,spider,0,0,2,0,https://www.inaturalist.org/observations/91429111,"2023-06-19 09:45:06"
4877,103094,spider,family,Dictynidae,spider,0,0,2,0,https://www.inaturalist.org/observations/91417524,"2023-06-19 09:45:06"
4878,102702,spider,family,Dictynidae,spider,0,0,2,0,https://www.inaturalist.org/observations/90778336,"2023-06-19 09:51:06"
4879,101157,spider,genus,Trachelas,spider,0,0,2,0,https://www.inaturalist.org/observations/89197631,"2023-06-12 09:33:05"
4880,100771,spider,genus,Hentzia,spider,0,0,2,0,https://www.inaturalist.org/observations/88935368,"2023-06-12 09:39:05"
4881,99214,beetle,species,"Calopteron reticulatum",beetle,0,0,3,0,https://www.inaturalist.org/observations/87998130,"2023-06-12 09:51:06"
4882,95713,unidentified,species,"Philonix fulvicollis",bee,0,0,2,0,https://www.inaturalist.org/observations/85853630,"2023-05-29 09:33:06"
4883,95585,fly,species,"Toxomerus geminatus",fly,0,0,3,0,https://www.inaturalist.org/observations/85765915,"2023-05-29 09:36:05"
4884,94797,beetle,species,"Photinus pyralis",beetle,0,0,2,0,https://www.inaturalist.org/observations/85137798,"2023-05-29 09:39:06"
4885,94051,spider,family,Thomisidae,spider,0,0,2,0,https://www.inaturalist.org/observations/84851295,"2023-05-29 09:45:06"
4886,93006,spider,genus,Mangora,spider,0,0,3,0,https://www.inaturalist.org/observations/84307282,"2023-05-29 09:57:05"
4887,90257,spider,species,"Verrucosa arenata",spider,0,0,3,0,https://www.inaturalist.org/observations/83140655,"2023-05-22 09:51:06"
4888,88428,spider,species,"Lyssomanes viridis",spider,0,0,4,0,https://www.inaturalist.org/observations/82158513,"2023-05-15 09:51:05"
4889,87237,beetle,superfamily,Elateroidea,beetle,0,0,2,0,https://www.inaturalist.org/observations/81216630,"2023-05-01 09:51:06"
4890,86557,spider,family,Theridiidae,spider,0,0,2,0,https://www.inaturalist.org/observations/80775694,"2022-09-19 09:57:05"
4891,85073,spider,genus,Zygoballus,spider,0,0,2,0,https://www.inaturalist.org/observations/79836717,"2022-06-13 06:03:07"
4892,84522,fly,suborder,Nematocera,fly,0,0,2,0,https://www.inaturalist.org/observations/79299906,"2022-06-13 06:06:14"
4893,82732,beetle,species,"Scirtes orbiculatus",beetle,0,0,2,0,https://www.inaturalist.org/observations/58313566,"2022-06-13 06:39:08"
4894,101089,spider,species,"Verrucosa arenata",spider,0,0,3,0,https://www.inaturalist.org/observations/89192287,"2023-06-12 09:33:05"
4895,99258,beetle,family,Buprestidae,beetle,0,0,2,0,https://www.inaturalist.org/observations/88003459,"2023-06-12 09:51:06"
4896,96735,beetle,species,"Macrodactylus subspinosus",beetle,0,0,2,0,https://www.inaturalist.org/observations/86283251,"2023-06-05 09:51:05"
4897,95965,other,family,Chironomidae,fly,0,0,1,0,https://www.inaturalist.org/observations/85942637,"2023-06-05 09:57:05"
4898,87643,unidentified,order,Entomobryomorpha,Entomobryomorpha,0,0,1,0,https://www.inaturalist.org/observations/81557442,"2023-05-08 09:54:05"
4899,86504,other,tribe,Syrphini,fly,0,0,2,0,https://www.inaturalist.org/observations/80726189,"2022-09-12 09:54:06"
4900,86440,unidentified,genus,Toxomerus,fly,0,0,3,0,https://www.inaturalist.org/observations/80644016,"2022-09-12 09:57:05"
4901,75240,fly,family,Asilidae,fly,0,0,2,0,https://www.inaturalist.org/observations/45500011,"2022-06-13 08:39:08"
4902,61492,fly,subfamily,Sciapodinae,fly,0,0,2,0,https://www.inaturalist.org/observations/27211337,"2022-05-30 09:33:08"
4903,104918,spider,species,"Eris militaris",spider,0,0,2,0,https://www.inaturalist.org/observations/96695993,"2023-06-19 09:27:05"
4904,104713,spider,family,Dictynidae,spider,0,0,2,0,https://www.inaturalist.org/observations/95567140,"2023-06-19 09:30:07"
4905,102700,spider,family,Dictynidae,spider,0,0,2,0,https://www.inaturalist.org/observations/90777690,"2023-06-19 09:51:06"
4906,98935,spider,species,"Verrucosa arenata",spider,0,0,3,0,https://www.inaturalist.org/observations/87853525,"2023-06-12 09:57:05"
4907,96256,beetle,family,Elateridae,beetle,0,0,2,0,https://www.inaturalist.org/observations/86032179,"2023-06-05 09:54:06"
4908,95957,beetle,species,"Harmonia axyridis",beetle,1,0,4,0,https://www.inaturalist.org/observations/85941589,"2023-06-05 09:57:05"
4909,95885,beetle,family,Elateridae,beetle,0,0,2,0,https://www.inaturalist.org/observations/85917279,"2023-06-05 09:57:05"
4910,88289,spider,family,Philodromidae,spider,0,0,2,0,https://www.inaturalist.org/observations/82068116,"2023-05-15 09:54:05"
4911,56652,fly,family,Tipulidae,fly,0,0,2,0,https://www.inaturalist.org/observations/26018197,"2022-05-23 09:33:08"
4912,102449,other,family,Chrysopidae,Neuroptera,0,0,2,0,https://www.inaturalist.org/observations/90566585,"2023-06-19 09:54:05"
4913,102240,unidentified,suborder,Heteroptera,truebugs,0,0,1,0,https://www.inaturalist.org/observations/90158290,"2023-06-12 09:24:06"
4914,95693,beetle,class,Insecta,truebugs,0,0,2,0,https://www.inaturalist.org/observations/85850640,"2023-05-29 09:33:06"
4915,88887,other,family,Philomycidae,Stylommatophora,0,0,1,0,https://www.inaturalist.org/observations/82419210,"2023-05-15 09:45:05"
4916,88838,other,genus,Pallifera,Stylommatophora,0,0,1,0,https://www.inaturalist.org/observations/82416235,"2023-05-15 09:45:05"
4917,78153,other,species,"Limax maximus",Stylommatophora,0,0,1,0,https://www.inaturalist.org/observations/50162890,"2022-06-13 08:03:07"
4918,62267,ant,subgenus,Myrmentoma,ant,0,0,3,0,https://www.inaturalist.org/observations/27320374,"2022-06-06 09:51:09"
4919,100640,beetle,family,Elateridae,beetle,0,0,2,0,https://www.inaturalist.org/observations/88819656,"2023-06-12 09:42:06"
4920,79358,beetle,family,Chrysomelidae,beetle,0,0,2,0,https://www.inaturalist.org/observations/51579477,"2022-06-13 07:48:07"
4921,882,fly,species,"Chrysopilus thoracicus",fly,0,0,3,0,https://www.inaturalist.org/observations/17848385,"2022-05-16 09:39:08"
4922,97526,beetle,species,"Chilocorus stigma",beetle,0,0,3,0,https://www.inaturalist.org/observations/86885224,"2023-06-05 09:39:05"
4923,96390,beetle,species,"Macrodactylus subspinosus",beetle,0,0,2,0,https://www.inaturalist.org/observations/86653382,"2023-06-05 09:45:05"
4924,95605,beetle,species,"Harmonia axyridis",beetle,0,0,4,0,https://www.inaturalist.org/observations/85768141,"2023-05-29 09:36:05"
4925,43697,ant,species,"Camponotus chromaiodes",ant,0,0,3,0,https://www.inaturalist.org/observations/22585676,"2022-05-23 09:54:07"
4926,41991,ant,complex,"Formica fusca",ant,0,0,2,0,https://www.inaturalist.org/observations/17704608,"2022-05-16 09:45:07"
4927,76023,truebugs,subclass,Pterygota,beetle,0,0,2,1,https://www.inaturalist.org/observations/47396902,"2022-06-13 08:30:07"
4928,104904,bee,tribe,Augochlorini,bee,0,0,3,0,https://www.inaturalist.org/observations/96600698,"2023-06-19 09:27:05"
4929,103159,bee,species,"Bombus pensylvanicus",bee,0,0,4,0,https://www.inaturalist.org/observations/91555629,"2023-06-19 09:45:06"
4930,102148,beetle,family,Cantharidae,beetle,0,0,2,0,https://www.inaturalist.org/observations/90038341,"2023-06-12 09:24:06"
4931,85591,fly,superfamily,Tipuloidea,fly,0,0,2,0,https://www.inaturalist.org/observations/80261567,"2022-08-29 09:57:06"
4932,78468,fly,subclass,Pterygota,bee,0,0,2,1,https://www.inaturalist.org/observations/50578338,"2022-06-13 08:00:07"
4933,41600,other,order,Stylommatophora,Stylommatophora,0,0,1,0,https://www.inaturalist.org/observations/17704471,"2022-05-16 09:48:07"
4934,13444,other,species,"Macremphytus testaceus",bee,0,1,1,0,https://www.inaturalist.org/observations/17704109,"2022-05-16 09:54:08"
4935,104724,aphid,family,Aphididae,aphid,0,0,2,0,https://www.inaturalist.org/observations/95686432,"2023-06-19 09:30:07"
4936,104630,truebugs,family,Tingidae,truebugs,0,0,2,0,https://www.inaturalist.org/observations/95147302,"2023-06-19 09:30:07"
4937,98910,beetle,family,Elateridae,beetle,0,0,2,0,https://www.inaturalist.org/observations/87851221,"2023-06-12 09:57:05"
4938,98115,beetle,family,Elateridae,beetle,0,0,2,0,https://www.inaturalist.org/observations/87008913,"2023-06-05 09:33:06"
4939,98004,beetle,family,Cantharidae,beetle,0,0,2,0,https://www.inaturalist.org/observations/86991049,"2023-06-05 09:33:06"
4940,97930,beetle,family,Elateridae,beetle,0,0,2,0,https://www.inaturalist.org/observations/86983994,"2023-06-05 09:36:05"
4941,104355,bee,species,"Polistes fuscatus",bee,0,0,4,0,https://www.inaturalist.org/observations/94106338,"2023-06-19 09:33:07"
4942,100691,fly,genus,Strauzia,fly,0,0,3,0,https://www.inaturalist.org/observations/88856182,"2023-06-12 09:42:06"
4943,94313,beetle,family,Elateridae,beetle,0,0,2,0,https://www.inaturalist.org/observations/85006553,"2023-05-29 09:42:05"
4944,88935,beetle,genus,Strangalepta,beetle,0,0,2,0,https://www.inaturalist.org/observations/82427232,"2023-05-15 09:45:05"
4945,86813,fly,subclass,Pterygota,bee,0,0,2,1,https://www.inaturalist.org/observations/81111312,"2023-05-01 09:51:06"
4946,79565,beetle,family,Elateridae,beetle,0,0,2,0,https://www.inaturalist.org/observations/51794861,"2022-06-13 07:42:07"
4947,79559,beetle,family,Elateridae,beetle,0,0,2,0,https://www.inaturalist.org/observations/51793288,"2022-06-13 07:42:07"
4948,78174,other,order,Stylommatophora,Stylommatophora,0,0,1,0,https://www.inaturalist.org/observations/50168818,"2022-06-13 08:03:07"
4949,75959,other,infraorder,Limacoidei,Stylommatophora,0,0,1,0,https://www.inaturalist.org/observations/47261775,"2022-06-13 08:33:07"
4950,71115,other,subclass,Pterygota,truebugs,0,0,2,1,https://www.inaturalist.org/observations/29911281,"2022-06-13 09:15:06"
4951,66061,unidentified,order,Lepidoptera,moths,0,0,1,0,https://www.inaturalist.org/observations/28228842,"2022-06-13 09:48:06"
4952,64513,truebugs,infraorder,Pentatomomorpha,truebugs,0,0,2,0,https://www.inaturalist.org/observations/27807926,"2022-06-06 09:33:09"
4953,59189,other,order,Stylommatophora,Stylommatophora,0,0,1,0,https://www.inaturalist.org/observations/26745840,"2022-05-30 09:54:07"
4954,58543,spider,order,Opiliones,daddylonglegs,0,0,3,1,https://www.inaturalist.org/observations/26544745,"2022-05-23 09:24:07"
4955,58198,unidentified,order,Lepidoptera,moths,0,0,1,0,https://www.inaturalist.org/observations/26443524,"2022-05-23 09:24:07"
4956,54436,fly,tribe,Syrphini,fly,0,0,2,0,https://www.inaturalist.org/observations/25213545,"2022-05-23 09:45:08"
4957,96731,other,suborder,Heteroptera,truebugs,0,0,3,1,https://www.inaturalist.org/observations/86282540,"2023-06-05 09:51:05"
4958,89744,beetle,subfamily,Eumolpinae,beetle,0,0,2,0,https://www.inaturalist.org/observations/82993771,"2023-05-15 09:36:07"
4959,87345,caterpillar,genus,Pyreferra,caterpillar,0,0,3,0,https://www.inaturalist.org/observations/81300888,"2023-05-01 09:48:06"
4960,81412,caterpillar,genus,Anisota,caterpillar,0,0,2,0,https://www.inaturalist.org/observations/54015847,"2022-06-13 07:09:06"
4961,71110,other,genus,Zelus,truebugs,0,0,1,0,https://www.inaturalist.org/observations/29910867,"2022-06-13 09:18:06"
4962,100588,other,species,"Reticulitermes hageni",Blattodea,0,0,2,0,https://www.inaturalist.org/observations/88815477,"2023-06-12 09:42:06"
4963,100586,other,species,"Reticulitermes hageni",Blattodea,0,0,2,0,https://www.inaturalist.org/observations/88814951,"2023-06-12 09:42:06"
4964,82909,caterpillar,family,Erebidae,caterpillar,0,0,2,0,https://www.inaturalist.org/observations/58320734,"2022-06-13 06:36:07"
4965,99442,other,order,Stylommatophora,Stylommatophora,0,0,1,0,https://www.inaturalist.org/observations/88122419,"2023-06-12 09:51:06"
4966,83142,beetle,species,"Harmonia axyridis",beetle,0,0,3,0,https://www.inaturalist.org/observations/59673073,"2022-06-13 06:27:07"
4967,83057,beetle,species,"Harmonia axyridis",beetle,0,0,3,0,https://www.inaturalist.org/observations/58863567,"2022-06-13 06:30:08"
4968,81694,beetle,species,"Psyllobora vigintimaculata",beetle,0,0,2,0,https://www.inaturalist.org/observations/54427422,"2022-06-13 07:09:06"
4969,79949,beetle,tribe,Coccinellini,beetle,0,0,2,0,https://www.inaturalist.org/observations/52177389,"2022-06-13 07:36:07"
4970,78473,beetle,species,"Scirtes orbiculatus",beetle,0,0,3,0,https://www.inaturalist.org/observations/50580418,"2022-06-13 08:00:07"
4971,77750,beetle,genus,Harmonia,beetle,1,0,2,0,https://www.inaturalist.org/observations/49742744,"2022-06-13 08:09:07"
4972,76065,beetle,species,"Harmonia axyridis",beetle,1,0,3,0,https://www.inaturalist.org/observations/47403666,"2022-06-13 08:30:06"
4973,73471,beetle,species,"Harmonia axyridis",beetle,1,0,3,0,https://www.inaturalist.org/observations/32894506,"2022-06-13 08:54:06"
4974,69244,beetle,species,"Axion tripustulatum",beetle,0,0,2,0,https://www.inaturalist.org/observations/29155669,"2022-06-13 09:27:06"
4975,60696,beetle,species,"Synolabus bipustulatus",beetle,0,0,2,0,https://www.inaturalist.org/observations/26972082,"2022-05-30 09:39:06"
4976,57123,beetle,species,"Harmonia axyridis",beetle,0,0,3,0,https://www.inaturalist.org/observations/26131857,"2022-05-23 09:30:09"
4977,82524,leafhopper,order,Araneae,spider,0,0,3,1,https://www.inaturalist.org/observations/58304799,"2022-06-13 06:45:08"
4978,43680,ant,subgenus,Camponotus,ant,0,0,2,0,https://www.inaturalist.org/observations/58245779,"2022-06-13 06:48:07"
4979,270,ant,complex,"Formica fusca",ant,0,0,2,0,https://www.inaturalist.org/observations/58225608,"2022-06-13 06:51:07"
4980,80721,ant,species,"Camponotus subbarbatus",ant,0,0,2,0,https://www.inaturalist.org/observations/53045246,"2022-06-13 07:24:07"
4981,80003,ant,species,"Camponotus castaneus",ant,0,0,3,0,https://www.inaturalist.org/observations/52253184,"2022-06-13 07:36:07"
4982,78886,ant,species,"Camponotus castaneus",ant,0,0,3,0,https://www.inaturalist.org/observations/51014184,"2022-06-13 07:51:06"
4983,69214,ant,subgenus,Myrmentoma,ant,0,0,2,0,https://www.inaturalist.org/observations/29155257,"2022-06-13 09:30:06"
4984,66927,ant,subgenus,Myrmentoma,ant,0,0,2,0,https://www.inaturalist.org/observations/28499856,"2022-06-13 09:42:06"
4985,66926,ant,complex,"Formica pallidefulva",ant,0,0,2,0,https://www.inaturalist.org/observations/28499687,"2022-06-13 09:42:06"
4986,103770,truebugs,species,"Leptoglossus fulvicornis",truebugs,0,0,3,0,https://www.inaturalist.org/observations/93146843,"2023-06-19 09:36:06"
4987,100569,truebugs,species,"Acanthocephala declivis",truebugs,0,0,3,0,https://www.inaturalist.org/observations/88813209,"2023-06-12 09:42:06"
4988,94793,bee,genus,Bombus,bee,0,0,4,0,https://www.inaturalist.org/observations/85137563,"2023-05-29 09:39:06"
4989,90627,truebugs,species,"Campyloneura virgula",truebugs,0,0,3,0,https://www.inaturalist.org/observations/83175046,"2023-05-22 09:45:05"
4990,88317,truebugs,genus,Lopidea,truebugs,0,0,3,0,https://www.inaturalist.org/observations/82150076,"2023-05-15 09:54:05"
4991,84932,truebugs,genus,Lopidea,truebugs,0,0,3,0,https://www.inaturalist.org/observations/79649387,"2022-06-13 06:03:07"
4992,84854,spider,species,"Lyssomanes viridis",spider,0,0,3,0,https://www.inaturalist.org/observations/79642329,"2022-06-13 06:03:07"
4993,84496,truebugs,species,"Leptoglossus oppositus",truebugs,0,0,3,0,https://www.inaturalist.org/observations/79283102,"2022-06-13 06:09:06"
4994,84480,truebugs,species,"Acanthocephala terminalis",truebugs,0,0,3,0,https://www.inaturalist.org/observations/79280861,"2022-06-13 06:09:06"
4995,82749,truebugs,genus,Lygaeus,truebugs,0,0,3,0,https://www.inaturalist.org/observations/58314646,"2022-06-13 06:39:08"
4996,81064,truebugs,order,Hemiptera,truebugs,0,0,2,0,https://www.inaturalist.org/observations/53510558,"2022-06-13 07:21:06"
4997,81046,truebugs,superfamily,Curculionoidea,beetle,0,0,3,1,https://www.inaturalist.org/observations/53483033,"2022-06-13 07:21:06"
4998,72833,truebugs,species,"Acanthocephala terminalis",truebugs,0,0,4,0,https://www.inaturalist.org/observations/31457396,"2022-06-13 09:03:07"
4999,67760,truebugs,species,"Arilus cristatus",truebugs,0,0,3,0,https://www.inaturalist.org/observations/28672002,"2022-06-13 09:36:06"
5000,67701,truebugs,species,"Acanthocephala terminalis",truebugs,0,0,3,0,https://www.inaturalist.org/observations/28670778,"2022-06-13 09:39:06"
5001,66934,truebugs,genus,Zelus,truebugs,0,0,2,0,https://www.inaturalist.org/observations/28500479,"2022-06-13 09:42:06"
5002,66352,truebugs,species,"Acanthocephala terminalis",truebugs,0,0,3,0,https://www.inaturalist.org/observations/28432429,"2022-06-13 09:45:07"
5003,63230,truebugs,species,"Arilus cristatus",truebugs,0,0,3,0,https://www.inaturalist.org/observations/27630529,"2022-06-06 09:42:07"
5004,60510,truebugs,species,"Arilus cristatus",truebugs,0,0,3,0,https://www.inaturalist.org/observations/26965578,"2022-05-30 09:42:08"
5005,59606,truebugs,species,"Arilus cristatus",truebugs,0,0,3,0,https://www.inaturalist.org/observations/26805162,"2022-05-30 09:51:08"
5006,57752,truebugs,species,"Arilus cristatus",truebugs,0,0,3,0,https://www.inaturalist.org/observations/26383817,"2022-05-23 09:27:08"
5007,43809,ant,complex,"Formica fusca",ant,0,0,2,0,https://www.inaturalist.org/observations/22665480,"2022-05-23 09:51:07"
5008,43810,ant,complex,"Formica fusca",ant,0,0,2,0,https://www.inaturalist.org/observations/22665462,"2022-05-23 09:51:07"
5009,43794,ant,complex,"Formica fusca",ant,0,0,2,0,https://www.inaturalist.org/observations/22660345,"2022-05-23 09:51:07"
5010,43793,bee,genus,Camponotus,ant,0,0,2,1,https://www.inaturalist.org/observations/22660120,"2022-05-23 09:51:07"
5011,43746,ant,complex,"Formica fusca",ant,0,0,2,0,https://www.inaturalist.org/observations/22625566,"2022-05-23 09:51:07"
5012,43717,ant,subgenus,Myrmentoma,ant,0,0,2,0,https://www.inaturalist.org/observations/22621764,"2022-05-23 09:54:07"
5013,43715,ant,species,"Camponotus pennsylvanicus",ant,0,0,2,0,https://www.inaturalist.org/observations/22621729,"2022-05-23 09:54:07"
5014,43714,ant,complex,"Formica fusca",ant,0,0,2,0,https://www.inaturalist.org/observations/22621719,"2022-05-23 09:54:07"
5015,43713,ant,subgenus,Myrmentoma,ant,0,0,2,0,https://www.inaturalist.org/observations/22621692,"2022-05-23 09:54:07"
5016,43630,ant,subgenus,Myrmentoma,ant,0,0,2,0,https://www.inaturalist.org/observations/22568061,"2022-05-23 09:54:07"
5017,43626,ant,species,"Camponotus americanus",ant,0,0,2,0,https://www.inaturalist.org/observations/22567173,"2022-05-23 09:54:07"
5018,43603,ant,species,"Camponotus pennsylvanicus",ant,0,0,2,0,https://www.inaturalist.org/observations/22560983,"2022-05-23 09:54:07"
5019,43518,ant,species,"Camponotus pennsylvanicus",ant,0,0,2,0,https://www.inaturalist.org/observations/22531392,"2022-05-23 09:54:07"
5020,43418,ant,complex,"Formica fusca",ant,0,0,2,0,https://www.inaturalist.org/observations/22521690,"2022-05-23 09:57:07"
5021,43408,ant,class,Insecta,ant,0,0,1,0,https://www.inaturalist.org/observations/22518378,"2022-05-23 09:57:07"
5022,232,ant,complex,"Formica fusca",ant,0,0,2,0,https://www.inaturalist.org/observations/17848292,"2022-05-16 09:39:08"
5023,41993,ant,species,"Prenolepis imparis",ant,0,0,2,0,https://www.inaturalist.org/observations/17704609,"2022-05-16 09:45:07"
5024,41554,ant,complex,"Formica fusca",ant,0,0,2,0,https://www.inaturalist.org/observations/17704442,"2022-05-16 09:48:07"
5025,41536,ant,species,"Brachyponera chinensis",ant,0,0,2,0,https://www.inaturalist.org/observations/17704436,"2022-05-16 09:48:07"
5026,106801,fly,suborder,Nematocera,fly,0,0,2,0,https://www.inaturalist.org/observations/118290824,"2023-06-26 09:42:06"
5027,106757,spider,family,Araneidae,spider,0,0,3,0,https://www.inaturalist.org/observations/118285487,"2023-06-26 09:45:06"
5028,106742,bee,subgenus,Dialictus,bee,0,0,4,0,https://www.inaturalist.org/observations/118280369,"2023-06-26 09:45:06"
5029,106681,ant,complex,"Formica fusca",ant,0,0,3,0,https://www.inaturalist.org/observations/118272967,"2023-06-26 09:45:06"
5030,106664,beetle,species,"Harmonia axyridis",beetle,1,0,3,0,https://www.inaturalist.org/observations/118270859,"2023-06-26 09:45:06"
5031,106661,beetle,species,"Harmonia axyridis",beetle,1,0,3,0,https://www.inaturalist.org/observations/118270351,"2023-06-26 09:45:06"
5032,106597,ant,species,"Tapinoma sessile",ant,0,0,2,0,https://www.inaturalist.org/observations/118262812,"2023-06-26 09:48:05"
5033,106595,ant,species,"Prenolepis imparis",ant,0,0,3,0,https://www.inaturalist.org/observations/118261655,"2023-06-26 09:48:05"
5034,106454,spider,species,"Lyssomanes viridis",spider,0,0,4,0,https://www.inaturalist.org/observations/118256314,"2023-06-26 09:48:05"
5035,106402,caterpillar,species,"Lymantria dispar",caterpillar,0,0,3,0,https://www.inaturalist.org/observations/118249592,"2023-06-26 09:48:05"
5036,106361,beetle,species,"Harmonia axyridis",beetle,0,0,3,0,https://www.inaturalist.org/observations/118247186,"2023-06-26 09:48:05"
5037,106360,ant,species,"Camponotus pennsylvanicus",ant,0,0,3,0,https://www.inaturalist.org/observations/118246501,"2023-06-26 09:48:05"
5038,106356,beetle,tribe,Coccinellini,beetle,0,0,3,0,https://www.inaturalist.org/observations/118245908,"2023-06-26 09:48:05"
5039,106342,spider,family,Thomisidae,spider,0,0,2,0,https://www.inaturalist.org/observations/118244189,"2023-06-26 09:48:05"
5040,106312,leafhopper,tribe,Gyponini,leafhopper,0,0,2,0,https://www.inaturalist.org/observations/118242537,"2023-06-26 09:48:05"
5041,106278,beetle,family,Elateridae,beetle,0,0,2,0,https://www.inaturalist.org/observations/118238566,"2023-06-26 09:48:05"
5042,106271,spider,order,Araneae,spider,0,0,2,0,https://www.inaturalist.org/observations/118237452,"2023-06-26 09:48:05"
5043,106223,fly,family,Chironomidae,fly,0,0,2,0,https://www.inaturalist.org/observations/118231356,"2023-06-26 09:51:05"
5044,106219,ant,species,"Tapinoma sessile",ant,0,0,3,0,https://www.inaturalist.org/observations/118229532,"2023-06-26 09:51:05"
5045,106202,ant,family,Formicidae,ant,0,0,3,0,https://www.inaturalist.org/observations/118225829,"2023-06-26 09:51:05"
5046,106079,ant,subgenus,Crematogaster,ant,0,0,4,0,https://www.inaturalist.org/observations/118212390,"2023-06-26 09:51:05"
5047,106006,ant,species,"Prenolepis imparis",ant,0,0,3,0,https://www.inaturalist.org/observations/118207272,"2023-06-26 09:51:05"
5048,105938,spider,genus,Phidippus,spider,0,0,4,0,https://www.inaturalist.org/observations/118202205,"2023-06-26 09:54:05"
5049,105910,ant,genus,Camponotus,ant,0,0,2,0,https://www.inaturalist.org/observations/118198344,"2023-06-26 09:54:05"
5050,105909,ant,subgenus,Camponotus,ant,0,0,2,0,https://www.inaturalist.org/observations/118197796,"2023-06-26 09:54:05"
5051,105715,spider,family,Thomisidae,spider,0,0,2,0,https://www.inaturalist.org/observations/118181885,"2023-06-26 09:54:05"
5052,105681,truebugs,species,"Zelus luridus",truebugs,0,0,3,0,https://www.inaturalist.org/observations/118174407,"2023-06-26 09:57:06"
5053,105630,spider,genus,Leucauge,spider,0,0,2,0,https://www.inaturalist.org/observations/118173309,"2023-06-26 09:57:06"
5054,105610,ant,complex,"Formica fusca",ant,0,0,3,0,https://www.inaturalist.org/observations/118170783,"2023-06-26 09:57:06"
5055,105609,ant,tribe,Lasiini,ant,0,0,2,0,https://www.inaturalist.org/observations/118170374,"2023-06-26 09:57:06"
5056,105607,truebugs,species,"Zelus luridus",truebugs,0,0,2,0,https://www.inaturalist.org/observations/118169881,"2023-06-26 09:57:06"
5057,105593,spider,genus,Colonus,spider,0,0,2,0,https://www.inaturalist.org/observations/118168603,"2023-06-26 09:57:06"
5058,105573,fly,order,Ephemeroptera,Ephemeroptera,0,0,3,1,https://www.inaturalist.org/observations/118167798,"2023-06-26 09:57:06"
5059,105572,spider,genus,Tetragnatha,spider,0,0,2,0,https://www.inaturalist.org/observations/118167451,"2023-06-26 09:57:06"
5060,105568,spider,family,Thomisidae,spider,0,0,2,0,https://www.inaturalist.org/observations/118166341,"2023-06-26 09:57:06"
5061,105564,spider,family,Thomisidae,spider,0,0,2,0,https://www.inaturalist.org/observations/118166050,"2023-06-26 09:57:06"
5062,105563,spider,genus,Philodromus,spider,0,0,3,0,https://www.inaturalist.org/observations/118165691,"2023-06-26 09:57:06"
5063,105421,other,genus,Brochymena,truebugs,0,0,2,0,https://www.inaturalist.org/observations/118154783,"2023-06-19 09:24:06"
5064,105388,ant,genus,Colobopsis,ant,0,0,5,0,https://www.inaturalist.org/observations/118153463,"2023-06-19 09:24:06"
5065,105376,spider,genus,Pelegrina,spider,0,0,3,0,https://www.inaturalist.org/observations/118152388,"2023-06-19 09:24:06"
5066,105370,ant,species,"Prenolepis imparis",ant,0,0,3,0,https://www.inaturalist.org/observations/118151747,"2023-06-19 09:24:06"
5067,105369,truebugs,genus,Kleidocerys,truebugs,0,0,2,0,https://www.inaturalist.org/observations/118151427,"2023-06-19 09:24:06"
5068,105367,ant,species,"Prenolepis imparis",ant,0,0,3,0,https://www.inaturalist.org/observations/118151014,"2023-06-19 09:24:06"
5069,105364,spider,genus,Wulfila,spider,0,0,2,0,https://www.inaturalist.org/observations/118150381,"2023-06-19 09:24:06"
5070,105363,ant,species,"Prenolepis imparis",ant,0,0,3,0,https://www.inaturalist.org/observations/118150024,"2023-06-19 09:24:06"
5071,105360,ant,species,"Prenolepis imparis",ant,0,0,3,0,https://www.inaturalist.org/observations/118149724,"2023-06-19 09:24:06"
5072,105359,ant,species,"Prenolepis imparis",ant,0,0,3,0,https://www.inaturalist.org/observations/118149431,"2023-06-19 09:24:06"
5073,105301,fly,infraorder,Tipulomorpha,fly,0,0,2,0,https://www.inaturalist.org/observations/118148315,"2023-06-19 09:24:06"
5074,76868,truebugs,genus,Lopidea,truebugs,0,0,3,0,https://www.inaturalist.org/observations/48448159,"2022-06-13 08:18:08"
5075,76156,beetle,order,Coleoptera,beetle,0,0,1,0,https://www.inaturalist.org/observations/47631839,"2022-06-13 08:27:06"
5076,74668,truebugs,species,"Kleidocerys resedae",truebugs,0,0,3,0,https://www.inaturalist.org/observations/46382949,"2022-06-13 08:36:07"
5077,74311,truebugs,order,Araneae,spider,0,0,2,0,https://www.inaturalist.org/observations/34508265,"2022-06-13 08:48:06"
5078,72458,truebugs,species,"Arilus cristatus",truebugs,0,0,4,0,https://www.inaturalist.org/observations/31452633,"2022-06-13 09:06:07"
5079,68409,truebugs,species,"Zelus luridus",truebugs,0,0,2,0,https://www.inaturalist.org/observations/28933891,"2022-06-13 09:33:07"
5080,68401,truebugs,species,"Pselliopus barberi",truebugs,0,0,3,0,https://www.inaturalist.org/observations/28933596,"2022-06-13 09:33:07"
5081,68057,moths,species,"Homaledra octagonella",caterpillar,0,0,2,0,https://www.inaturalist.org/observations/28816936,"2022-06-13 09:36:06"
5082,67517,truebugs,species,"Leptoglossus oppositus",truebugs,0,0,2,0,https://www.inaturalist.org/observations/28611234,"2022-06-13 09:39:06"
5083,66016,truebugs,genus,Acanthocephala,truebugs,0,0,2,0,https://www.inaturalist.org/observations/28226752,"2022-06-13 09:48:06"
5084,63275,truebugs,suborder,Heteroptera,truebugs,0,0,2,0,https://www.inaturalist.org/observations/27633355,"2022-06-06 09:42:07"
5085,62569,truebugs,species,"Paraxenetus guttulatus",truebugs,0,0,2,0,https://www.inaturalist.org/observations/27378420,"2022-06-06 09:48:08"
5086,58612,truebugs,species,"Arilus cristatus",truebugs,0,0,3,0,https://www.inaturalist.org/observations/26547441,"2022-05-30 09:57:07"
5087,111051,beetle,family,Elateridae,beetle,0,0,2,0,https://www.inaturalist.org/observations/119236835,"2023-07-10 09:54:05"
5088,110950,spider,species,"Leucauge venusta",spider,0,0,3,0,https://www.inaturalist.org/observations/119055893,"2023-07-10 09:54:05"
5089,110939,truebugs,species,"Zelus luridus",truebugs,0,0,2,0,https://www.inaturalist.org/observations/119053542,"2023-07-10 09:54:05"
5090,110907,caterpillar,order,Lepidoptera,caterpillar,0,0,2,0,https://www.inaturalist.org/observations/118964699,"2023-07-10 09:54:05"
5091,110899,caterpillar,order,Lepidoptera,caterpillar,0,0,2,0,https://www.inaturalist.org/observations/118963581,"2023-07-10 09:54:05"
5092,110875,spider,subfamily,Salticinae,spider,0,0,2,0,https://www.inaturalist.org/observations/118962923,"2023-07-10 09:54:05"
5093,110856,truebugs,order,Diptera,fly,0,0,4,1,https://www.inaturalist.org/observations/118961340,"2023-07-10 09:54:05"
5094,110846,beetle,family,Elateridae,beetle,0,0,2,0,https://www.inaturalist.org/observations/118960210,"2023-07-10 09:54:05"
5095,110827,beetle,order,Lepidoptera,moths,0,0,3,1,https://www.inaturalist.org/observations/118957982,"2023-07-10 09:54:05"
5096,110815,fly,order,Lepidoptera,moths,0,0,3,1,https://www.inaturalist.org/observations/118957280,"2023-07-10 09:54:05"
5097,110742,caterpillar,superfamily,Tenthredinoidea,bee,0,1,3,1,https://www.inaturalist.org/observations/118948071,"2023-07-10 09:57:05"
5098,110671,caterpillar,family,Lycaenidae,caterpillar,0,0,3,0,https://www.inaturalist.org/observations/118939770,"2023-07-10 09:57:05"
5099,110643,caterpillar,superfamily,Noctuoidea,caterpillar,0,0,2,0,https://www.inaturalist.org/observations/118939448,"2023-07-10 09:57:05"
5100,110628,ant,subgenus,Myrmentoma,ant,0,0,3,0,https://www.inaturalist.org/observations/118938680,"2023-07-10 09:57:05"
5101,110606,bee,genus,Acordulecera,bee,0,1,2,0,https://www.inaturalist.org/observations/118936679,"2023-07-10 09:57:05"
5102,110604,beetle,genus,Agrilus,beetle,0,0,2,0,https://www.inaturalist.org/observations/118935914,"2023-07-10 09:57:05"
5103,110602,ant,complex,"Formica fusca",ant,0,0,2,0,https://www.inaturalist.org/observations/118935490,"2023-07-10 09:57:05"
5104,110592,bee,class,Insecta,bee,0,0,1,0,https://www.inaturalist.org/observations/118935100,"2023-07-10 09:57:05"
5105,110588,caterpillar,order,Lepidoptera,caterpillar,0,0,2,0,https://www.inaturalist.org/observations/118934206,"2023-07-10 09:57:05"
5106,110584,ant,species,"Camponotus pennsylvanicus",ant,0,0,3,0,https://www.inaturalist.org/observations/118933047,"2023-07-10 09:57:05"
5107,110580,fly,subfamily,Bibioninae,fly,0,0,3,0,https://www.inaturalist.org/observations/118932649,"2023-07-10 09:57:05"
5108,110561,bee,class,Insecta,bee,0,0,1,0,https://www.inaturalist.org/observations/118930820,"2023-07-10 09:57:05"
5109,110544,caterpillar,species,"Alsophila pometaria",caterpillar,0,0,3,0,https://www.inaturalist.org/observations/118929295,"2023-07-10 09:57:05"
5110,110510,caterpillar,order,Lepidoptera,caterpillar,0,0,2,0,https://www.inaturalist.org/observations/118926483,"2023-07-10 09:57:05"
5111,110454,caterpillar,species,"Lymantria dispar",caterpillar,0,0,3,0,https://www.inaturalist.org/observations/118923127,"2023-07-03 09:33:07"
5112,110453,caterpillar,order,Lepidoptera,caterpillar,0,0,2,0,https://www.inaturalist.org/observations/118922725,"2023-07-03 09:33:07"
5113,110436,caterpillar,species,"Malacosoma disstria",caterpillar,0,0,4,0,https://www.inaturalist.org/observations/118920312,"2023-07-03 09:33:07"
5114,110429,caterpillar,order,Lepidoptera,caterpillar,0,0,2,0,https://www.inaturalist.org/observations/118919969,"2023-07-03 09:33:07"
5115,110422,caterpillar,order,Lepidoptera,caterpillar,0,0,2,0,https://www.inaturalist.org/observations/118919324,"2023-07-03 09:33:07"
5116,110409,leafhopper,tribe,Nephesini,leafhopper,0,0,2,0,https://www.inaturalist.org/observations/118918727,"2023-07-03 09:33:07"
5117,110391,spider,subfamily,Salticinae,spider,0,0,2,0,https://www.inaturalist.org/observations/118917168,"2023-07-03 09:33:07"
5118,110376,truebugs,species,"Banasa euchlora",truebugs,0,0,4,0,https://www.inaturalist.org/observations/118916132,"2023-07-03 09:33:07"
5119,110372,ant,species,"Camponotus pennsylvanicus",ant,0,0,3,0,https://www.inaturalist.org/observations/118915159,"2023-07-03 09:33:07"
5120,110371,truebugs,order,Coleoptera,beetle,0,0,3,1,https://www.inaturalist.org/observations/118914889,"2023-07-03 09:33:07"
5121,110348,truebugs,genus,Hyaliodes,truebugs,0,0,3,0,https://www.inaturalist.org/observations/118913667,"2023-07-03 09:33:07"
5122,110324,truebugs,subfamily,Asopinae,truebugs,0,0,2,0,https://www.inaturalist.org/observations/118913031,"2023-07-03 09:33:07"
5123,110308,truebugs,genus,Empicoris,truebugs,0,0,2,0,https://www.inaturalist.org/observations/118912761,"2023-07-03 09:33:07"
5124,110307,beetle,subfamily,Lepturinae,beetle,0,0,2,0,https://www.inaturalist.org/observations/118912458,"2023-07-03 09:33:07"
5125,110272,caterpillar,family,Noctuidae,caterpillar,0,0,2,0,https://www.inaturalist.org/observations/118849180,"2023-07-03 09:33:07"
5126,110263,caterpillar,family,Noctuidae,caterpillar,0,0,2,0,https://www.inaturalist.org/observations/118846861,"2023-07-03 09:33:07"
5127,110236,caterpillar,family,Noctuidae,caterpillar,0,0,2,0,https://www.inaturalist.org/observations/118839214,"2023-07-03 09:33:07"
5128,110173,caterpillar,family,Noctuidae,caterpillar,0,0,2,0,https://www.inaturalist.org/observations/118824716,"2023-07-03 09:33:07"
5129,110172,caterpillar,family,Lycaenidae,caterpillar,0,0,3,0,https://www.inaturalist.org/observations/118824348,"2023-07-03 09:33:07"
5130,110160,truebugs,species,"Zelus luridus",truebugs,0,0,4,0,https://www.inaturalist.org/observations/118818765,"2023-07-03 09:33:07"
5131,110159,ant,species,"Prenolepis imparis",ant,0,0,3,0,https://www.inaturalist.org/observations/118818385,"2023-07-03 09:33:07"
5132,110153,fly,species,"Chrysopilus thoracicus",fly,0,0,3,0,https://www.inaturalist.org/observations/118817278,"2023-07-03 09:36:06"
5133,110149,ant,species,"Prenolepis imparis",ant,0,0,3,0,https://www.inaturalist.org/observations/118816474,"2023-07-03 09:36:06"
5134,110139,spider,species,"Leucauge venusta",spider,0,0,4,0,https://www.inaturalist.org/observations/118815313,"2023-07-03 09:36:06"
5135,110129,ant,species,"Nylanderia flavipes",ant,0,0,4,0,https://www.inaturalist.org/observations/118813419,"2023-07-03 09:36:06"
5136,110123,beetle,species,"Sacodes pulchella",beetle,0,0,3,0,https://www.inaturalist.org/observations/118812578,"2023-07-03 09:36:06"
5137,110122,ant,species,"Prenolepis imparis",ant,0,0,4,0,https://www.inaturalist.org/observations/118812161,"2023-07-03 09:36:06"
5138,110116,ant,genus,Temnothorax,ant,0,0,4,0,https://www.inaturalist.org/observations/118810648,"2023-07-03 09:36:06"
5139,110114,spider,superfamily,Pentatomoidea,truebugs,0,0,5,1,https://www.inaturalist.org/observations/118810249,"2023-07-03 09:36:06"
5140,110103,caterpillar,species,"Phigalia strigataria",caterpillar,0,0,2,0,https://www.inaturalist.org/observations/118809300,"2023-07-03 09:36:06"
5141,110087,caterpillar,species,"Lymantria dispar",caterpillar,0,0,3,0,https://www.inaturalist.org/observations/118803957,"2023-07-03 09:36:06"
5142,110086,caterpillar,species,"Lymantria dispar",caterpillar,0,0,3,0,https://www.inaturalist.org/observations/118803559,"2023-07-03 09:36:06"
5143,110085,truebugs,species,"Chinavia hilaris",truebugs,0,0,5,0,https://www.inaturalist.org/observations/118803064,"2023-07-03 09:36:06"
5144,110084,spider,subfamily,Salticinae,spider,0,0,3,0,https://www.inaturalist.org/observations/118802685,"2023-07-03 09:36:06"
5145,110083,caterpillar,order,Lepidoptera,caterpillar,0,0,2,0,https://www.inaturalist.org/observations/118802234,"2023-07-03 09:36:06"
5146,110082,caterpillar,order,Lepidoptera,caterpillar,0,0,2,0,https://www.inaturalist.org/observations/118801869,"2023-07-03 09:36:06"
5147,110078,beetle,genus,Rhagonycha,beetle,0,0,3,0,https://www.inaturalist.org/observations/118801028,"2023-07-03 09:36:06"
5148,110075,spider,tribe,Dendryphantini,spider,0,0,3,0,https://www.inaturalist.org/observations/118800688,"2023-07-03 09:36:06"
5149,110059,beetle,order,Thysanoptera,Thysanoptera,0,0,3,1,https://www.inaturalist.org/observations/118799901,"2023-07-03 09:36:06"
5150,110057,ant,species,"Camponotus pennsylvanicus",ant,0,0,3,0,https://www.inaturalist.org/observations/118799088,"2023-07-03 09:36:06"
5151,110045,caterpillar,superfamily,Tenthredinoidea,bee,0,1,3,1,https://www.inaturalist.org/observations/118796533,"2023-07-03 09:36:06"
5152,110044,bee,superfamily,Cynipoidea,bee,0,0,2,0,https://www.inaturalist.org/observations/118796032,"2023-07-03 09:36:06"
5153,110027,bee,genus,Craterocercus,bee,0,1,2,0,https://www.inaturalist.org/observations/118794881,"2023-07-03 09:36:06"
5154,110026,fly,subfamily,Orthocladiinae,fly,0,0,2,0,https://www.inaturalist.org/observations/118794508,"2023-07-03 09:36:06"
5155,110024,bee,superfamily,Tenthredinoidea,bee,0,1,1,0,https://www.inaturalist.org/observations/118793761,"2023-07-03 09:39:05"
5156,109987,bee,genus,Acordulecera,bee,0,1,2,0,https://www.inaturalist.org/observations/118792715,"2023-07-03 09:39:05"
5157,109983,caterpillar,order,Lepidoptera,caterpillar,0,0,2,0,https://www.inaturalist.org/observations/118791489,"2023-07-03 09:39:05"
5158,109969,bee,genus,Craterocercus,bee,0,1,2,0,https://www.inaturalist.org/observations/118791085,"2023-07-03 09:39:05"
5159,109968,bee,genus,Acordulecera,bee,0,1,2,0,https://www.inaturalist.org/observations/118790633,"2023-07-03 09:39:05"
5160,109967,bee,genus,Acordulecera,bee,0,1,2,0,https://www.inaturalist.org/observations/118790336,"2023-07-03 09:39:05"
5161,109952,bee,family,Ichneumonidae,bee,0,0,2,0,https://www.inaturalist.org/observations/118788015,"2023-07-03 09:39:05"
5162,109950,bee,genus,Craterocercus,bee,0,1,2,0,https://www.inaturalist.org/observations/118787275,"2023-07-03 09:39:05"
5163,109920,caterpillar,order,Lepidoptera,caterpillar,0,0,2,0,https://www.inaturalist.org/observations/118785755,"2023-07-03 09:39:05"
5164,109915,ant,subgenus,Myrmentoma,ant,0,0,2,0,https://www.inaturalist.org/observations/118783937,"2023-07-03 09:39:05"
5165,109875,ant,subgenus,Myrmentoma,ant,0,0,2,0,https://www.inaturalist.org/observations/118781565,"2023-07-03 09:39:05"
5166,109873,fly,species,"Rhagio mystaceus",fly,0,0,3,0,https://www.inaturalist.org/observations/118781243,"2023-07-03 09:39:05"
5167,109872,bee,superfamily,Tenthredinoidea,bee,0,1,1,0,https://www.inaturalist.org/observations/118780930,"2022-11-28 05:27:05"
5168,109871,bee,genus,Craterocercus,bee,0,1,2,0,https://www.inaturalist.org/observations/118780588,"2023-07-03 09:39:05"
5169,109821,spider,species,"Micrathena sagittata",spider,0,0,4,0,https://www.inaturalist.org/observations/118776180,"2023-07-03 09:39:05"
5170,109802,unidentified,order,Psocodea,Psocodea,0,0,1,0,https://www.inaturalist.org/observations/118734362,"2023-07-03 09:39:05"
5171,109800,unidentified,order,Psocodea,Psocodea,0,0,1,0,https://www.inaturalist.org/observations/118733651,"2023-07-03 09:39:05"
5172,109799,unidentified,order,Psocodea,Psocodea,0,0,1,0,https://www.inaturalist.org/observations/118733383,"2023-07-03 09:39:05"
5173,109780,unidentified,order,Psocodea,Psocodea,0,0,1,0,https://www.inaturalist.org/observations/118705148,"2023-07-03 09:39:05"
5174,109768,spider,genus,Colonus,spider,0,0,2,0,https://www.inaturalist.org/observations/118701595,"2023-07-03 09:42:06"
5175,109762,beetle,genus,Anthonomus,beetle,0,0,2,0,https://www.inaturalist.org/observations/118701262,"2023-07-03 09:42:06"
5176,109752,bee,species,"Pristiphora chlorea",bee,0,1,3,0,https://www.inaturalist.org/observations/118698743,"2023-07-03 09:42:06"
5177,109750,bee,family,Xyelidae,bee,0,1,2,1,https://www.inaturalist.org/observations/118697791,"2023-07-03 09:42:06"
5178,109747,bee,family,Braconidae,bee,0,0,2,0,https://www.inaturalist.org/observations/118695845,"2023-07-03 09:42:06"
5179,109643,truebugs,family,Tingidae,truebugs,0,0,2,0,https://www.inaturalist.org/observations/118665636,"2023-07-03 09:42:06"
5180,109642,bee,epifamily,Anthophila,bee,0,0,2,0,https://www.inaturalist.org/observations/118665328,"2023-07-03 09:42:06"
5181,109630,fly,genus,Condylostylus,fly,0,0,3,0,https://www.inaturalist.org/observations/118660716,"2023-07-03 09:42:06"
5182,109624,ant,genus,Camponotus,ant,0,0,2,0,https://www.inaturalist.org/observations/118658543,"2023-07-03 09:42:06"
5184,109620,fly,infraorder,Tipulomorpha,fly,0,0,2,0,https://www.inaturalist.org/observations/118657278,"2023-07-03 09:42:06"
5185,109618,ant,subgenus,Crematogaster,ant,0,0,2,0,https://www.inaturalist.org/observations/118656500,"2023-07-03 09:42:06"
5186,109615,grasshopper,genus,Scudderia,grasshopper,0,0,2,0,https://www.inaturalist.org/observations/118655518,"2023-07-03 09:42:06"
5187,109557,beetle,subfamily,Lepturinae,beetle,0,0,3,0,https://www.inaturalist.org/observations/118586905,"2023-07-03 09:42:06"
5188,109554,beetle,subfamily,Lepturinae,beetle,0,0,2,0,https://www.inaturalist.org/observations/118585902,"2023-07-03 09:42:06"
5189,109552,spider,subfamily,Salticinae,spider,0,0,2,0,https://www.inaturalist.org/observations/118585598,"2023-07-03 09:45:06"
5190,109546,beetle,genus,Paria,beetle,0,0,2,0,https://www.inaturalist.org/observations/118584671,"2023-07-03 09:45:06"
5191,109544,ant,species,"Tapinoma sessile",ant,0,0,3,0,https://www.inaturalist.org/observations/118584090,"2023-07-03 09:45:06"
5192,109543,beetle,genus,Paria,beetle,0,0,2,0,https://www.inaturalist.org/observations/118583155,"2023-07-03 09:45:06"
5193,109542,fly,family,Aphididae,aphid,0,0,3,1,https://www.inaturalist.org/observations/118582824,"2023-07-03 09:45:06"
5194,109538,beetle,species,"Pseudocneorhinus obesus",beetle,0,0,3,0,https://www.inaturalist.org/observations/118580761,"2023-07-03 09:45:06"
5195,109535,caterpillar,order,Lepidoptera,caterpillar,0,0,1,0,https://www.inaturalist.org/observations/118578033,"2023-07-03 09:45:06"
5196,109517,caterpillar,species,"Lymantria dispar",caterpillar,0,0,2,0,https://www.inaturalist.org/observations/118576025,"2023-07-03 09:45:06"
5197,109512,caterpillar,family,Noctuidae,caterpillar,0,0,2,0,https://www.inaturalist.org/observations/118574248,"2023-07-03 09:45:06"
5198,109511,caterpillar,order,Lepidoptera,caterpillar,0,0,2,0,https://www.inaturalist.org/observations/118573944,"2023-07-03 09:45:06"
5199,109487,caterpillar,family,Noctuidae,caterpillar,0,0,2,0,https://www.inaturalist.org/observations/118567525,"2023-07-03 09:45:06"
5200,109481,caterpillar,superfamily,Tenthredinoidea,bee,0,1,3,1,https://www.inaturalist.org/observations/118566885,"2023-07-03 09:45:06"
5201,109475,caterpillar,family,Geometridae,caterpillar,0,0,2,0,https://www.inaturalist.org/observations/118565430,"2023-07-03 09:45:06"
5202,109472,caterpillar,species,"Achatia distincta",caterpillar,0,0,2,0,https://www.inaturalist.org/observations/118565053,"2023-07-03 09:45:06"
5203,109471,caterpillar,family,Tortricidae,caterpillar,0,0,2,0,https://www.inaturalist.org/observations/118564638,"2023-07-03 09:45:06"
5204,109470,caterpillar,species,"Lymantria dispar",caterpillar,0,0,3,0,https://www.inaturalist.org/observations/118564293,"2023-07-03 09:45:06"
5205,109467,daddylonglegs,infraorder,Tipulomorpha,fly,0,0,4,1,https://www.inaturalist.org/observations/118563965,"2023-07-03 09:45:06"
5206,109466,spider,subfamily,Salticinae,spider,0,0,3,0,https://www.inaturalist.org/observations/118563632,"2023-07-03 09:45:06"
5207,109461,beetle,species,"Polydrusus formosus",beetle,0,0,2,0,https://www.inaturalist.org/observations/118562515,"2023-07-03 09:45:06"
5208,109459,ant,species,"Prenolepis imparis",ant,0,0,3,0,https://www.inaturalist.org/observations/118562137,"2023-07-03 09:45:06"
5209,109458,ant,genus,Nylanderia,ant,0,0,2,0,https://www.inaturalist.org/observations/118561749,"2023-07-03 09:45:06"
5210,109434,aphid,family,Aphididae,aphid,0,0,2,0,https://www.inaturalist.org/observations/118560237,"2023-07-03 09:45:06"
5211,109433,beetle,family,Coccinellidae,beetle,1,0,2,0,https://www.inaturalist.org/observations/118559902,"2023-07-03 09:45:06"
5212,109425,beetle,family,Coccinellidae,beetle,1,0,2,0,https://www.inaturalist.org/observations/118558275,"2023-07-03 09:45:06"
5213,109424,aphid,family,Aphididae,aphid,0,0,2,0,https://www.inaturalist.org/observations/118557822,"2023-07-03 09:45:06"
5214,109411,beetle,species,"Phyllobius oblongus",beetle,0,0,3,0,https://www.inaturalist.org/observations/118556338,"2023-07-03 09:45:06"
5215,109408,beetle,species,"Phyllobius oblongus",beetle,0,0,2,0,https://www.inaturalist.org/observations/118555951,"2023-07-03 09:45:06"
5216,109380,caterpillar,species,"Lymantria dispar",caterpillar,0,0,3,0,https://www.inaturalist.org/observations/118553749,"2023-07-03 09:45:06"
5217,109377,beetle,species,"Phyllobius oblongus",beetle,0,0,2,0,https://www.inaturalist.org/observations/118552782,"2023-07-03 09:45:06"
5218,109366,bee,genus,Ancistrocerus,bee,0,0,4,0,https://www.inaturalist.org/observations/118551891,"2023-07-03 09:45:06"
5219,109362,bee,genus,Andrena,bee,0,0,3,0,https://www.inaturalist.org/observations/118551335,"2023-07-03 09:48:06"
5220,109359,beetle,species,"Phyllobius oblongus",beetle,0,0,2,0,https://www.inaturalist.org/observations/118550958,"2023-07-03 09:48:06"
5221,109353,caterpillar,family,Tortricidae,caterpillar,0,0,2,0,https://www.inaturalist.org/observations/118550555,"2023-07-03 09:48:06"
5222,109351,caterpillar,family,Tortricidae,caterpillar,0,0,2,0,https://www.inaturalist.org/observations/118550178,"2023-07-03 09:48:06"
5223,109343,beetle,subfamily,Eumolpinae,beetle,0,0,2,0,https://www.inaturalist.org/observations/118549707,"2023-07-03 09:48:06"
5224,109342,beetle,species,"Phyllobius oblongus",beetle,0,0,2,0,https://www.inaturalist.org/observations/118549325,"2023-07-03 09:48:06"
5225,109318,beetle,genus,Lebia,beetle,0,0,3,0,https://www.inaturalist.org/observations/118548561,"2023-07-03 09:48:06"
5226,109313,beetle,species,"Phyllobius oblongus",beetle,0,0,2,0,https://www.inaturalist.org/observations/118548243,"2023-07-03 09:48:06"
5227,109286,caterpillar,genus,Pyreferra,caterpillar,0,0,3,0,https://www.inaturalist.org/observations/118546479,"2023-07-03 09:48:06"
5228,109248,caterpillar,superfamily,Tortricoidea,caterpillar,0,0,2,0,https://www.inaturalist.org/observations/118543975,"2023-07-03 09:48:06"
5229,109223,fly,species,"Bibio articulatus",fly,0,0,4,0,https://www.inaturalist.org/observations/118540059,"2023-07-03 09:48:06"
5230,109197,caterpillar,family,Geometridae,caterpillar,0,0,2,0,https://www.inaturalist.org/observations/118538013,"2023-07-03 09:48:06"
5231,109182,beetle,species,"Phyllobius oblongus",beetle,0,0,2,0,https://www.inaturalist.org/observations/118534870,"2023-07-03 09:48:06"
5232,109175,beetle,species,"Phyllobius oblongus",beetle,0,0,2,0,https://www.inaturalist.org/observations/118533851,"2023-07-03 09:48:06"
5233,109168,beetle,species,"Phyllobius oblongus",beetle,0,0,2,0,https://www.inaturalist.org/observations/118531871,"2023-07-03 09:48:06"
5234,109164,beetle,species,"Phyllobius oblongus",beetle,0,0,2,0,https://www.inaturalist.org/observations/118530921,"2023-07-03 09:48:06"
5235,109163,fly,order,Hymenoptera,bee,0,0,5,1,https://www.inaturalist.org/observations/118530466,"2023-07-03 09:48:06"
5236,109151,caterpillar,order,Lepidoptera,caterpillar,0,0,2,0,https://www.inaturalist.org/observations/118528022,"2023-07-03 09:48:06"
5237,109141,caterpillar,family,Geometridae,caterpillar,0,0,2,0,https://www.inaturalist.org/observations/118527633,"2023-07-03 09:48:06"
5238,109131,caterpillar,family,Noctuidae,caterpillar,0,0,2,0,https://www.inaturalist.org/observations/118527228,"2023-07-03 09:48:06"
5239,109127,caterpillar,species,"Lymantria dispar",caterpillar,0,0,3,0,https://www.inaturalist.org/observations/118526779,"2023-07-03 09:48:06"
5240,109111,caterpillar,family,Tortricidae,caterpillar,0,0,2,0,https://www.inaturalist.org/observations/118525658,"2023-07-03 09:48:06"
5241,109104,caterpillar,family,Lycaenidae,caterpillar,0,0,3,0,https://www.inaturalist.org/observations/118524942,"2023-07-03 09:48:06"
5242,109099,beetle,subfamily,Eumolpinae,beetle,0,0,2,0,https://www.inaturalist.org/observations/118524579,"2023-07-03 09:48:06"
5243,109097,leafhopper,genus,Cedusa,leafhopper,0,0,3,0,https://www.inaturalist.org/observations/118524110,"2023-07-03 09:48:06"
5244,109078,truebugs,genus,Empicoris,truebugs,0,0,2,0,https://www.inaturalist.org/observations/118523364,"2023-07-03 09:48:06"
5245,109049,leafhopper,subgenus,Graphocephala,leafhopper,0,0,2,0,https://www.inaturalist.org/observations/118521648,"2023-07-03 09:48:06"
5246,109048,beetle,species,"Harmonia axyridis",beetle,0,0,3,0,https://www.inaturalist.org/observations/118521308,"2023-07-03 09:48:06"
5247,109040,truebugs,family,Miridae,truebugs,0,0,3,0,https://www.inaturalist.org/observations/118520787,"2023-07-03 09:48:06"
5248,109039,spider,subfamily,Salticinae,spider,0,0,2,0,https://www.inaturalist.org/observations/118520492,"2023-07-03 09:48:06"
5249,109034,beetle,genus,Photuris,beetle,0,0,4,0,https://www.inaturalist.org/observations/118519701,"2023-07-03 09:48:06"
5250,109026,beetle,species,"Harmonia axyridis",beetle,0,0,3,0,https://www.inaturalist.org/observations/118518892,"2023-07-03 09:51:05"
5251,109014,beetle,species,"Mordellistena trifasciata",beetle,0,0,3,0,https://www.inaturalist.org/observations/118518143,"2023-07-03 09:51:05"
5252,109013,truebugs,genus,Hyaliodes,truebugs,0,0,3,0,https://www.inaturalist.org/observations/118517726,"2023-07-03 09:51:05"
5253,109011,spider,species,"Paraphidippus aurantius",spider,0,0,3,0,https://www.inaturalist.org/observations/118517055,"2023-07-03 09:51:05"
5254,109008,spider,subfamily,Salticinae,spider,0,0,2,0,https://www.inaturalist.org/observations/118516763,"2023-07-03 09:51:05"
5255,108992,other,order,Stylommatophora,Stylommatophora,0,0,1,0,https://www.inaturalist.org/observations/118516171,"2023-07-03 09:51:05"
5256,108979,beetle,species,"Lechriops oculatus",beetle,0,0,2,0,https://www.inaturalist.org/observations/118515525,"2023-07-03 09:51:05"
5257,108958,leafhopper,subgenus,Gyponana,leafhopper,0,0,2,0,https://www.inaturalist.org/observations/118514856,"2023-07-03 09:51:05"
5258,108931,beetle,family,Chrysomelidae,beetle,0,0,2,0,https://www.inaturalist.org/observations/118513834,"2023-07-03 09:51:05"
5259,108907,truebugs,genus,Sinea,truebugs,0,0,2,0,https://www.inaturalist.org/observations/118512620,"2023-07-03 09:51:05"
5260,108903,leafhopper,genus,Scaphoideus,leafhopper,0,0,2,0,https://www.inaturalist.org/observations/118511548,"2023-07-03 09:51:05"
5261,108896,beetle,family,Elateridae,beetle,0,0,2,0,https://www.inaturalist.org/observations/118511259,"2023-07-03 09:51:05"
5262,108895,leafhopper,species,"Thionia quinquata",leafhopper,0,0,2,0,https://www.inaturalist.org/observations/118510962,"2023-07-03 09:51:05"
5263,108824,caterpillar,family,Tortricidae,caterpillar,0,0,2,0,https://www.inaturalist.org/observations/118432624,"2023-07-03 09:51:05"
5264,108812,caterpillar,family,Tortricidae,caterpillar,0,0,2,0,https://www.inaturalist.org/observations/118431476,"2023-07-03 09:51:05"
5265,108806,caterpillar,species,"Phigalia strigataria",caterpillar,0,0,3,0,https://www.inaturalist.org/observations/118430632,"2023-07-03 09:51:05"
5266,108805,caterpillar,family,Tortricidae,caterpillar,0,0,2,0,https://www.inaturalist.org/observations/118430259,"2023-07-03 09:51:05"
5267,108791,caterpillar,family,Geometridae,caterpillar,0,0,3,0,https://www.inaturalist.org/observations/118428366,"2023-07-03 09:51:05"
5268,108779,caterpillar,family,Tortricidae,caterpillar,0,0,2,0,https://www.inaturalist.org/observations/118425547,"2023-07-03 09:51:05"
5269,108732,caterpillar,genus,Phigalia,caterpillar,0,0,2,0,https://www.inaturalist.org/observations/118423634,"2023-07-03 09:51:05"
5270,108729,caterpillar,species,"Achatia distincta",caterpillar,0,0,2,0,https://www.inaturalist.org/observations/118423223,"2023-07-03 09:51:05"
5271,108722,caterpillar,superfamily,Tortricoidea,caterpillar,0,0,2,0,https://www.inaturalist.org/observations/118422427,"2023-07-03 09:54:06"
5272,108718,caterpillar,genus,Phigalia,caterpillar,0,0,3,0,https://www.inaturalist.org/observations/118422005,"2023-07-03 09:54:06"
5273,108707,caterpillar,family,Tortricidae,caterpillar,0,0,2,0,https://www.inaturalist.org/observations/118421589,"2023-07-03 09:54:06"
5274,108700,caterpillar,superfamily,Tortricoidea,caterpillar,0,0,2,0,https://www.inaturalist.org/observations/118420733,"2023-07-03 09:54:06"
5275,108697,caterpillar,family,Tortricidae,caterpillar,0,0,2,0,https://www.inaturalist.org/observations/118420224,"2023-07-03 09:54:06"
5276,108694,caterpillar,species,"Lymantria dispar",caterpillar,0,0,3,0,https://www.inaturalist.org/observations/118419831,"2023-07-03 09:54:06"
5277,108688,caterpillar,family,Geometridae,caterpillar,0,0,2,0,https://www.inaturalist.org/observations/118418785,"2023-07-03 09:54:06"
5278,108687,caterpillar,species,"Lymantria dispar",caterpillar,0,0,4,0,https://www.inaturalist.org/observations/118418386,"2023-07-03 09:54:06"
5279,108683,caterpillar,family,Tortricidae,caterpillar,0,0,2,0,https://www.inaturalist.org/observations/118417526,"2023-07-03 09:54:06"
5280,108679,caterpillar,species,"Lymantria dispar",caterpillar,0,0,3,0,https://www.inaturalist.org/observations/118417165,"2023-07-03 09:54:06"
5281,108670,beetle,species,"Harmonia axyridis",beetle,0,0,4,0,https://www.inaturalist.org/observations/118415798,"2023-07-03 09:54:06"
5282,108666,caterpillar,family,Geometridae,caterpillar,0,0,2,0,https://www.inaturalist.org/observations/118415259,"2023-07-03 09:54:06"
5283,108655,bee,genus,Craterocercus,bee,0,1,2,0,https://www.inaturalist.org/observations/118413483,"2023-07-03 09:54:06"
5284,108642,caterpillar,family,Geometridae,caterpillar,0,0,3,0,https://www.inaturalist.org/observations/118411291,"2023-07-03 09:54:06"
5285,108615,bee,genus,Craterocercus,bee,0,1,2,0,https://www.inaturalist.org/observations/118408202,"2023-07-03 09:54:06"
5286,108609,spider,genus,Tetragnatha,spider,0,0,2,0,https://www.inaturalist.org/observations/118405899,"2023-07-03 09:54:06"
5287,108606,bee,genus,Acordulecera,bee,0,1,2,0,https://www.inaturalist.org/observations/118405039,"2023-07-03 09:54:06"
5288,108605,bee,genus,Acordulecera,bee,0,1,2,0,https://www.inaturalist.org/observations/118404622,"2023-07-03 09:54:06"
5289,108604,grasshopper,genus,Scudderia,grasshopper,0,0,2,0,https://www.inaturalist.org/observations/118404139,"2023-07-03 09:54:06"
5290,108595,beetle,species,"Harmonia axyridis",beetle,0,0,4,0,https://www.inaturalist.org/observations/118401067,"2023-07-03 09:54:06"
5291,108592,ant,complex,"Formica fusca",ant,0,0,3,0,https://www.inaturalist.org/observations/118399893,"2023-07-03 09:57:05"
5292,108591,bee,genus,Craterocercus,bee,0,1,2,0,https://www.inaturalist.org/observations/118399450,"2023-07-03 09:57:05"
5293,108590,bee,genus,Acordulecera,bee,0,1,2,0,https://www.inaturalist.org/observations/118398983,"2023-07-03 09:57:05"
5294,108588,aphid,family,Aphididae,aphid,0,0,2,0,https://www.inaturalist.org/observations/118398136,"2023-07-03 09:57:05"
5295,108585,bee,genus,Craterocercus,bee,0,1,2,1,https://www.inaturalist.org/observations/118396710,"2023-07-03 09:57:05"
5296,108584,fly,genus,Minettia,fly,0,0,2,0,https://www.inaturalist.org/observations/118396168,"2023-07-03 09:57:05"
5297,108583,ant,genus,Temnothorax,ant,0,0,3,0,https://www.inaturalist.org/observations/118395650,"2023-07-03 09:57:05"
5298,108580,ant,genus,Temnothorax,ant,0,0,2,0,https://www.inaturalist.org/observations/118393493,"2023-07-03 09:57:05"
5299,108572,ant,species,"Camponotus pennsylvanicus",ant,0,0,3,0,https://www.inaturalist.org/observations/118392219,"2023-07-03 09:57:05"
5300,108570,bee,genus,Craterocercus,bee,0,1,2,0,https://www.inaturalist.org/observations/118391375,"2023-07-03 09:57:05"
5301,108465,caterpillar,family,Tortricidae,caterpillar,0,0,2,0,https://www.inaturalist.org/observations/118377294,"2023-07-03 09:57:05"
5302,108463,caterpillar,family,Limacodidae,caterpillar,0,0,2,0,https://www.inaturalist.org/observations/118376518,"2023-07-03 09:57:05"
5303,108461,caterpillar,family,Geometridae,caterpillar,0,0,2,0,https://www.inaturalist.org/observations/118376120,"2023-07-03 09:57:05"
5304,108460,caterpillar,subclass,Pterygota,bee,0,1,2,1,https://www.inaturalist.org/observations/118375665,"2023-07-03 09:57:05"
5305,108453,fly,genus,Bibio,fly,0,0,5,0,https://www.inaturalist.org/observations/118373972,"2023-07-03 09:57:05"
5306,108423,beetle,genus,Mordellistena,beetle,0,0,2,0,https://www.inaturalist.org/observations/118370768,"2023-07-03 09:57:05"
5307,108422,caterpillar,species,"Phigalia strigataria",caterpillar,0,0,2,0,https://www.inaturalist.org/observations/118370351,"2023-07-03 09:57:05"
5308,108398,truebugs,tribe,Nezarini,truebugs,0,0,2,0,https://www.inaturalist.org/observations/118368804,"2023-07-03 09:57:05"
5309,108397,fly,complex,"Condylostylus comatus",fly,0,0,4,0,https://www.inaturalist.org/observations/118368365,"2023-07-03 09:57:05"
5310,108385,beetle,species,"Harmonia axyridis",beetle,0,0,3,0,https://www.inaturalist.org/observations/118366340,"2023-07-03 09:57:05"
5311,108288,spider,superfamily,Araneoidea,spider,0,0,2,0,https://www.inaturalist.org/observations/118354917,"2023-06-26 09:27:06"
5312,108279,beetle,genus,Melanotus,beetle,0,0,3,0,https://www.inaturalist.org/observations/118353867,"2023-06-26 09:27:06"
5313,108269,moths,species,"Asterocampa celtis",moths,0,0,3,0,https://www.inaturalist.org/observations/118353330,"2023-06-26 09:27:06"
5314,108266,spider,genus,Castianeira,spider,0,0,3,0,https://www.inaturalist.org/observations/118352882,"2023-06-26 09:27:06"
5315,108264,beetle,genus,Glyphonyx,beetle,0,0,3,0,https://www.inaturalist.org/observations/118352657,"2023-06-26 09:27:06"
5316,108263,beetle,species,"Harmonia axyridis",beetle,1,0,3,0,https://www.inaturalist.org/observations/118352424,"2023-06-26 09:27:06"
5317,108248,beetle,species,"Harmonia axyridis",beetle,1,0,3,0,https://www.inaturalist.org/observations/118352201,"2023-06-26 09:30:06"
5318,108215,fly,species,"Toxomerus marginatus",fly,0,0,3,0,https://www.inaturalist.org/observations/118350858,"2023-06-26 09:30:06"
5319,108205,ant,subgenus,Myrmentoma,ant,0,0,4,0,https://www.inaturalist.org/observations/118349124,"2023-06-26 09:30:06"
5320,108185,ant,species,"Camponotus subbarbatus",ant,0,0,4,0,https://www.inaturalist.org/observations/118348128,"2023-06-26 09:30:06"
5321,108063,truebugs,species,"Zelus luridus",truebugs,0,0,3,0,https://www.inaturalist.org/observations/118346874,"2023-06-26 09:30:06"
5322,108052,unidentified,species,"Harmonia axyridis",beetle,0,0,3,0,https://www.inaturalist.org/observations/118346441,"2023-06-26 09:30:06"
5323,108042,ant,genus,Camponotus,ant,0,0,3,0,https://www.inaturalist.org/observations/118345685,"2023-06-26 09:30:06"
5324,108037,ant,species,"Prenolepis imparis",ant,0,0,3,0,https://www.inaturalist.org/observations/118344825,"2023-06-26 09:30:06"
5325,108034,beetle,family,Pentatomidae,truebugs,0,0,3,1,https://www.inaturalist.org/observations/118344261,"2023-06-26 09:30:06"
5326,108019,ant,subgenus,Crematogaster,ant,0,0,2,0,https://www.inaturalist.org/observations/118342589,"2023-06-26 09:30:06"
5327,108013,beetle,species,"Polydrusus impressifrons",beetle,0,0,3,0,https://www.inaturalist.org/observations/118342210,"2023-06-26 09:30:06"
5328,108009,beetle,species,"Polydrusus impressifrons",beetle,0,0,3,0,https://www.inaturalist.org/observations/118341655,"2023-06-26 09:33:06"
5329,107984,fly,family,Aphididae,aphid,0,0,3,1,https://www.inaturalist.org/observations/118340504,"2023-06-26 09:33:07"
5330,107981,beetle,species,"Phyllobius oblongus",beetle,0,0,3,0,https://www.inaturalist.org/observations/118339981,"2023-06-26 09:33:07"
5331,107980,caterpillar,species,"Lymantria dispar",caterpillar,0,0,3,0,https://www.inaturalist.org/observations/118339795,"2023-06-26 09:33:07"
5332,107909,caterpillar,family,Tortricidae,caterpillar,0,0,2,0,https://www.inaturalist.org/observations/118339616,"2023-06-26 09:33:07"
5333,107815,truebugs,family,Pentatomidae,truebugs,0,0,2,0,https://www.inaturalist.org/observations/118339291,"2023-06-26 09:33:07"
5334,107776,leafhopper,species,"Thionia quinquata",leafhopper,0,0,2,0,https://www.inaturalist.org/observations/118338978,"2023-06-26 09:33:07"
5335,107675,beetle,family,Elateridae,beetle,0,0,2,0,https://www.inaturalist.org/observations/118337282,"2023-06-26 09:33:07"
5336,107662,beetle,family,Elateridae,beetle,0,0,2,0,https://www.inaturalist.org/observations/118336725,"2023-06-26 09:33:07"
5337,107648,spider,species,"Synema parvulum",spider,0,0,4,0,https://www.inaturalist.org/observations/118336347,"2023-06-26 09:33:07"
5338,107647,spider,genus,Hentzia,spider,0,0,3,0,https://www.inaturalist.org/observations/118336120,"2023-06-26 09:33:07"
5339,107596,bee,superfamily,Tenthredinoidea,bee,0,1,2,0,https://www.inaturalist.org/observations/118333819,"2023-06-26 09:33:07"
5340,107590,spider,species,"Lyssomanes viridis",spider,0,0,4,0,https://www.inaturalist.org/observations/118333635,"2023-06-26 09:33:07"
5341,107553,spider,species,"Synema parvulum",spider,0,0,4,0,https://www.inaturalist.org/observations/118331512,"2023-06-26 09:36:06"
5342,107535,beetle,subfamily,Eumolpinae,beetle,0,0,2,0,https://www.inaturalist.org/observations/118330119,"2023-06-26 09:36:06"
5343,107534,leafhopper,family,Cicadellidae,leafhopper,0,0,2,0,https://www.inaturalist.org/observations/118329839,"2023-06-26 09:36:06"
5344,107520,ant,species,"Prenolepis imparis",ant,0,0,3,0,https://www.inaturalist.org/observations/118328531,"2023-06-26 09:36:06"
5345,107507,caterpillar,tribe,Orthosiini,caterpillar,0,0,2,0,https://www.inaturalist.org/observations/118326466,"2023-06-26 09:36:06"
5346,107339,beetle,genus,Anthonomus,beetle,0,0,2,0,https://www.inaturalist.org/observations/118325596,"2023-06-26 09:36:06"
5347,107294,truebugs,family,Miridae,truebugs,0,0,2,0,https://www.inaturalist.org/observations/118324715,"2023-06-26 09:36:06"
5348,107284,caterpillar,superfamily,Noctuoidea,caterpillar,0,0,2,0,https://www.inaturalist.org/observations/118324467,"2023-06-26 09:36:06"
5349,107268,beetle,family,Aderidae,beetle,0,0,2,0,https://www.inaturalist.org/observations/118323989,"2023-06-26 09:36:06"
5350,107147,beetle,species,"Conotrachelus nenuphar",beetle,0,0,3,0,https://www.inaturalist.org/observations/118321941,"2023-06-26 09:36:06"
5351,107122,spider,species,"Leucauge venusta",spider,0,0,4,0,https://www.inaturalist.org/observations/118321170,"2023-06-26 09:39:06"
5352,107118,beetle,genus,Statira,beetle,0,0,2,0,https://www.inaturalist.org/observations/118320943,"2023-06-26 09:39:06"
5353,107056,spider,tribe,Misumenini,spider,0,0,3,0,https://www.inaturalist.org/observations/118319013,"2023-06-26 09:39:06"
5354,106988,caterpillar,species,"Lymantria dispar",caterpillar,0,0,3,0,https://www.inaturalist.org/observations/118318306,"2023-06-26 09:39:06"
5355,106986,caterpillar,species,"Achatia distincta",caterpillar,0,0,2,0,https://www.inaturalist.org/observations/118317807,"2023-06-26 09:39:06"
5356,106984,caterpillar,order,Lepidoptera,caterpillar,0,0,3,0,https://www.inaturalist.org/observations/118317262,"2023-06-26 09:39:06"
5357,106982,caterpillar,family,Tortricidae,caterpillar,0,0,2,0,https://www.inaturalist.org/observations/118316848,"2023-06-26 09:39:06"
5358,106981,caterpillar,order,Lepidoptera,caterpillar,0,0,2,0,https://www.inaturalist.org/observations/118316494,"2023-06-26 09:39:06"
5359,106980,caterpillar,family,Tortricidae,caterpillar,0,0,2,0,https://www.inaturalist.org/observations/118316193,"2023-06-26 09:39:06"
5360,106978,caterpillar,family,Geometridae,caterpillar,0,0,2,0,https://www.inaturalist.org/observations/118315538,"2023-06-26 09:39:06"
5361,106976,unidentified,order,Hymenoptera,bee,0,0,2,0,https://www.inaturalist.org/observations/118314981,"2023-06-26 09:39:06"
5362,106975,caterpillar,family,Tortricidae,caterpillar,0,0,2,0,https://www.inaturalist.org/observations/118314656,"2023-06-26 09:39:06"
5363,106974,caterpillar,species,"Lymantria dispar",caterpillar,0,0,3,0,https://www.inaturalist.org/observations/118314305,"2023-06-26 09:39:06"
5364,106963,spider,subfamily,Salticinae,spider,0,0,3,0,https://www.inaturalist.org/observations/118313751,"2023-06-26 09:39:06"
5365,106959,caterpillar,species,"Lymantria dispar",caterpillar,0,0,3,0,https://www.inaturalist.org/observations/118312920,"2023-06-26 09:39:06"
5366,106958,spider,genus,Mecaphesa,spider,0,0,4,0,https://www.inaturalist.org/observations/118312664,"2023-06-26 09:39:06"
5367,106952,caterpillar,species,"Lymantria dispar",caterpillar,0,0,3,0,https://www.inaturalist.org/observations/118311986,"2023-06-26 09:39:06"
5368,106939,ant,species,"Prenolepis imparis",ant,0,0,3,0,https://www.inaturalist.org/observations/118311385,"2023-06-26 09:39:06"
5369,106931,ant,species,"Camponotus pennsylvanicus",ant,0,0,2,0,https://www.inaturalist.org/observations/118309121,"2023-06-26 09:39:06"
5370,106926,caterpillar,species,"Achatia distincta",caterpillar,0,0,2,0,https://www.inaturalist.org/observations/118308770,"2023-06-26 09:39:06"
5371,106919,caterpillar,family,Geometridae,caterpillar,0,0,2,0,https://www.inaturalist.org/observations/118306866,"2023-06-26 09:39:06"
5372,106916,caterpillar,family,Geometridae,caterpillar,0,0,2,0,https://www.inaturalist.org/observations/118305610,"2023-06-26 09:42:06"
5373,106915,bee,suborder,Symphyta,bee,0,1,1,0,https://www.inaturalist.org/observations/118305212,"2023-06-26 09:42:06"
5374,106912,caterpillar,family,Tortricidae,caterpillar,0,0,2,0,https://www.inaturalist.org/observations/118303432,"2023-06-26 09:42:06"
5375,106908,bee,family,Tenthredinidae,bee,0,1,1,0,https://www.inaturalist.org/observations/118302456,"2022-11-28 05:57:05"
5376,106906,caterpillar,family,Geometridae,caterpillar,0,0,2,0,https://www.inaturalist.org/observations/118301767,"2023-06-26 09:42:06"
5377,106905,caterpillar,family,Tortricidae,caterpillar,0,0,2,0,https://www.inaturalist.org/observations/118301443,"2023-06-26 09:42:06"
5378,106892,caterpillar,family,Tortricidae,caterpillar,0,0,2,0,https://www.inaturalist.org/observations/118298614,"2023-06-26 09:42:06"
5379,106891,caterpillar,family,Tortricidae,caterpillar,0,0,2,0,https://www.inaturalist.org/observations/118298139,"2023-06-26 09:42:06"
5380,106888,caterpillar,family,Tortricidae,caterpillar,0,0,2,0,https://www.inaturalist.org/observations/118297801,"2023-06-26 09:42:06"
5381,106886,ant,subgenus,Lasius,ant,0,0,2,0,https://www.inaturalist.org/observations/118297385,"2023-06-26 09:42:06"
5382,106885,caterpillar,species,"Lymantria dispar",caterpillar,0,0,2,0,https://www.inaturalist.org/observations/118297054,"2023-06-26 09:42:06"
5383,106882,beetle,species,"Idolus bigeminatus",beetle,0,0,4,0,https://www.inaturalist.org/observations/118295888,"2023-06-26 09:42:06"
5384,106873,beetle,suborder,Auchenorrhyncha,leafhopper,0,0,3,1,https://www.inaturalist.org/observations/118293989,"2023-06-26 09:42:06"
5385,106838,caterpillar,subfamily,Noctuinae,caterpillar,0,0,2,0,https://www.inaturalist.org/observations/118292949,"2023-06-26 09:42:06"
5386,106820,caterpillar,family,Geometridae,caterpillar,0,0,2,0,https://www.inaturalist.org/observations/118291310,"2023-06-26 09:42:06"
5387,106799,caterpillar,family,Tortricidae,caterpillar,0,0,2,0,https://www.inaturalist.org/observations/118290451,"2023-06-26 09:42:06"
5388,106798,caterpillar,species,"Lymantria dispar",caterpillar,0,0,3,0,https://www.inaturalist.org/observations/118290124,"2023-06-26 09:42:06"
5389,106792,caterpillar,species,"Lymantria dispar",caterpillar,0,0,3,0,https://www.inaturalist.org/observations/118289795,"2023-06-26 09:42:06"
5390,106772,caterpillar,family,Tortricidae,caterpillar,0,0,2,0,https://www.inaturalist.org/observations/118288639,"2023-06-26 09:42:06"
5391,106762,caterpillar,family,Tortricidae,caterpillar,0,0,2,0,https://www.inaturalist.org/observations/118287403,"2023-06-26 09:42:06"
5392,106761,caterpillar,family,Geometridae,caterpillar,0,0,2,0,https://www.inaturalist.org/observations/118287093,"2023-06-26 09:42:06"
5393,106760,caterpillar,family,Tortricidae,caterpillar,0,0,2,0,https://www.inaturalist.org/observations/118286726,"2023-06-26 09:45:06"
5394,106758,caterpillar,species,"Lymantria dispar",caterpillar,0,0,3,0,https://www.inaturalist.org/observations/118285945,"2023-06-26 09:45:06"
5395,106725,truebugs,genus,Empicoris,truebugs,0,0,2,0,https://www.inaturalist.org/observations/118275137,"2023-06-26 09:45:06"
5396,106650,beetle,family,Mordellidae,beetle,0,0,2,0,https://www.inaturalist.org/observations/118269211,"2023-06-26 09:45:06"
5397,106633,caterpillar,family,Geometridae,caterpillar,0,0,2,0,https://www.inaturalist.org/observations/118268674,"2023-06-26 09:45:06"
5398,106622,caterpillar,species,"Lymantria dispar",caterpillar,0,0,2,0,https://www.inaturalist.org/observations/118268070,"2023-06-26 09:45:06"
5399,106608,caterpillar,family,Geometridae,caterpillar,0,0,2,0,https://www.inaturalist.org/observations/118265591,"2023-06-26 09:45:06"
5400,106605,caterpillar,species,"Lymantria dispar",caterpillar,0,0,3,0,https://www.inaturalist.org/observations/118265181,"2023-06-26 09:45:06"
5401,106598,leafhopper,family,Cicadellidae,leafhopper,0,0,2,0,https://www.inaturalist.org/observations/118263261,"2023-06-26 09:45:06"
5402,106571,caterpillar,family,Geometridae,caterpillar,0,0,2,0,https://www.inaturalist.org/observations/118259833,"2023-06-26 09:48:05"
5403,106545,caterpillar,order,Lepidoptera,caterpillar,0,0,2,0,https://www.inaturalist.org/observations/118258706,"2023-06-26 09:48:05"
5404,106461,caterpillar,family,Geometridae,caterpillar,0,0,2,0,https://www.inaturalist.org/observations/118257547,"2023-06-26 09:48:05"
5405,106460,caterpillar,family,Geometridae,caterpillar,0,0,2,0,https://www.inaturalist.org/observations/118256905,"2023-06-26 09:48:05"
5406,106423,beetle,family,Elateridae,beetle,0,0,2,0,https://www.inaturalist.org/observations/118253882,"2023-06-26 09:48:05"
5407,106418,truebugs,genus,Banasa,truebugs,0,0,2,0,https://www.inaturalist.org/observations/118252736,"2023-06-26 09:48:05"
5408,106373,beetle,family,Elateridae,beetle,0,0,2,0,https://www.inaturalist.org/observations/118248249,"2023-06-26 09:48:05"
5409,106366,beetle,species,"Harmonia axyridis",beetle,0,0,3,0,https://www.inaturalist.org/observations/118247743,"2023-06-26 09:48:05"
5410,106344,beetle,family,Elateridae,beetle,0,0,2,0,https://www.inaturalist.org/observations/118244814,"2023-06-26 09:48:05"
5411,106318,beetle,family,Elateridae,beetle,0,0,2,0,https://www.inaturalist.org/observations/118243705,"2023-06-26 09:48:05"
5412,106311,beetle,family,Elateridae,beetle,0,0,2,0,https://www.inaturalist.org/observations/118241951,"2023-06-26 09:48:05"
5413,106217,other,species,"Mystacides sepulchralis",Trichoptera,0,0,2,0,https://www.inaturalist.org/observations/118228252,"2023-06-26 09:51:05"
5414,106215,beetle,species,"Propylea quatuordecimpunctata",beetle,0,0,3,0,https://www.inaturalist.org/observations/118227067,"2023-06-26 09:51:05"
5415,106207,caterpillar,order,Lepidoptera,caterpillar,0,0,2,0,https://www.inaturalist.org/observations/118226499,"2023-06-26 09:51:05"
5416,106159,beetle,species,"Pseudocneorhinus bifasciatus",beetle,0,0,2,0,https://www.inaturalist.org/observations/118223318,"2023-06-26 09:51:05"
5417,106135,beetle,tribe,Mordellistenini,beetle,0,0,3,0,https://www.inaturalist.org/observations/118217895,"2023-06-26 09:51:05"
5418,106114,beetle,family,Elateridae,beetle,0,0,2,0,https://www.inaturalist.org/observations/118215835,"2023-06-26 09:51:05"
5419,106091,truebugs,species,"Zelus luridus",truebugs,0,0,3,0,https://www.inaturalist.org/observations/118213635,"2023-06-26 09:51:05"
5420,105943,beetle,family,Melyridae,beetle,0,0,3,0,https://www.inaturalist.org/observations/118202715,"2023-06-26 09:54:05"
5421,105933,truebugs,genus,Neurocolpus,truebugs,0,0,3,0,https://www.inaturalist.org/observations/118201168,"2023-06-26 09:54:05"
5422,105903,beetle,species,"Coleomegilla maculata",beetle,0,0,3,0,https://www.inaturalist.org/observations/118196154,"2023-06-26 09:54:05"
5423,105900,beetle,species,"Coleomegilla maculata",beetle,0,0,3,0,https://www.inaturalist.org/observations/118194426,"2023-06-26 09:54:05"
5424,105815,unidentified,species,"Dilophus spinipes",fly,0,0,4,0,https://www.inaturalist.org/observations/118190213,"2023-06-26 09:54:05"
5425,105809,truebugs,tribe,Nezarini,truebugs,0,0,2,0,https://www.inaturalist.org/observations/118189158,"2023-06-26 09:54:05"
5426,105727,fly,family,Chironomidae,fly,0,0,3,0,https://www.inaturalist.org/observations/118185790,"2023-06-26 09:54:05"
5427,105717,bee,family,Ichneumonidae,bee,0,0,2,0,https://www.inaturalist.org/observations/118182718,"2023-06-26 09:54:05"
5428,105711,beetle,family,Chrysomelidae,beetle,0,0,2,0,https://www.inaturalist.org/observations/118180015,"2023-06-26 09:54:05"
5429,105704,spider,superfamily,Araneoidea,spider,0,0,2,0,https://www.inaturalist.org/observations/118177794,"2023-06-26 09:57:06"
5430,105701,fly,zoosubsection,Calyptratae,fly,0,0,2,0,https://www.inaturalist.org/observations/118177318,"2023-06-26 09:57:06"
5431,105623,beetle,family,Mordellidae,beetle,0,0,2,0,https://www.inaturalist.org/observations/118172348,"2023-06-26 09:57:06"
5432,105601,beetle,family,Elateridae,beetle,0,0,2,0,https://www.inaturalist.org/observations/118168963,"2023-06-26 09:57:06"
5433,105460,beetle,species,"Harmonia axyridis",beetle,1,0,4,0,https://www.inaturalist.org/observations/118158835,"2023-06-19 09:21:05"
5434,105426,unidentified,suborder,Heteroptera,truebugs,0,0,1,0,https://www.inaturalist.org/observations/118156545,"2023-06-19 09:24:06"
5435,105161,spider,order,Araneae,spider,0,0,2,0,https://www.inaturalist.org/observations/118146612,"2023-06-19 09:24:06"
5436,105160,fly,superfamily,Sciaroidea,fly,0,0,2,0,https://www.inaturalist.org/observations/118146267,"2023-06-19 09:24:06"
5437,91058,truebugs,species,"Arilus cristatus",truebugs,0,0,3,0,https://www.inaturalist.org/observations/87168038,"2023-06-05 09:33:06"
5438,97303,bee,tribe,Nematini,bee,0,1,2,1,https://www.inaturalist.org/observations/86852956,"2023-06-05 09:42:05"
5439,94257,caterpillar,family,Notodontidae,caterpillar,0,0,3,0,https://www.inaturalist.org/observations/85004729,"2023-05-29 09:42:05"
5440,91898,truebugs,family,Miridae,truebugs,0,0,2,0,https://www.inaturalist.org/observations/83960329,"2023-05-22 09:24:05"
5441,89843,moths,superfamily,Tortricoidea,moths,0,0,2,0,https://www.inaturalist.org/observations/83009825,"2023-05-22 09:57:06"
5442,71114,moths,subfamily,Spilomelinae,moths,0,0,2,0,https://www.inaturalist.org/observations/29910961,"2022-06-13 09:15:06"
5443,62596,caterpillar,family,Noctuidae,caterpillar,0,0,2,0,https://www.inaturalist.org/observations/27379159,"2022-06-06 09:48:08"
5444,113519,truebugs,species,"Arilus cristatus",truebugs,0,0,4,0,https://www.inaturalist.org/observations/120269860,"2023-07-10 09:27:05"
5445,112864,caterpillar,species,"Papilio glaucus",caterpillar,0,0,4,0,https://www.inaturalist.org/observations/120263879,"2023-07-10 09:27:05"
5446,112887,ant,species,"Camponotus nearcticus",ant,0,0,4,0,https://www.inaturalist.org/observations/120257412,"2023-07-10 09:27:05"
5447,113976,ant,subgenus,Myrmentoma,ant,0,0,4,0,https://www.inaturalist.org/observations/120204073,"2023-07-10 09:27:05"
5448,113920,fly,infraorder,Tipulomorpha,fly,0,0,2,0,https://www.inaturalist.org/observations/120149486,"2023-07-10 09:27:05"
5449,113873,caterpillar,order,Lepidoptera,caterpillar,0,0,2,0,https://www.inaturalist.org/observations/120066526,"2023-07-10 09:27:05"
5450,113866,caterpillar,order,Lepidoptera,caterpillar,0,0,2,0,https://www.inaturalist.org/observations/120065195,"2023-07-10 09:27:05"
5451,113860,caterpillar,order,Lepidoptera,caterpillar,0,0,2,0,https://www.inaturalist.org/observations/120064829,"2023-07-10 09:27:05"
5452,113851,caterpillar,order,Lepidoptera,caterpillar,0,0,2,0,https://www.inaturalist.org/observations/120064057,"2023-07-10 09:27:05"
5453,113850,caterpillar,family,Noctuidae,caterpillar,0,0,2,0,https://www.inaturalist.org/observations/120063720,"2023-07-10 09:27:05"
5454,113843,beetle,family,Elateridae,beetle,0,0,3,0,https://www.inaturalist.org/observations/120063052,"2023-07-10 09:27:05"
5455,113841,caterpillar,order,Lepidoptera,caterpillar,0,0,2,0,https://www.inaturalist.org/observations/120062492,"2023-07-10 09:27:05"
5456,113839,beetle,order,Coleoptera,beetle,0,0,2,0,https://www.inaturalist.org/observations/120062156,"2023-07-10 09:27:05"
5457,113827,unidentified,infraorder,Tipulomorpha,fly,0,0,1,0,https://www.inaturalist.org/observations/120059838,"2023-07-10 09:27:05"
5458,113822,caterpillar,family,Geometridae,caterpillar,0,0,2,0,https://www.inaturalist.org/observations/120058507,"2023-07-10 09:27:05"
5459,113815,spider,infraorder,Entelegynae,spider,0,0,3,0,https://www.inaturalist.org/observations/120057354,"2023-07-10 09:30:06"
5460,113807,beetle,tribe,Dichelonychini,beetle,0,0,3,0,https://www.inaturalist.org/observations/120055305,"2023-07-10 09:30:07"
5461,113805,caterpillar,order,Lepidoptera,caterpillar,0,0,2,0,https://www.inaturalist.org/observations/120054952,"2023-07-10 09:30:07"
5462,113674,other,family,Hemerobiidae,Neuroptera,0,0,2,0,https://www.inaturalist.org/observations/120029658,"2023-07-10 09:30:07"
5463,113625,spider,infraorder,Entelegynae,spider,0,0,3,0,https://www.inaturalist.org/observations/120029272,"2023-07-10 09:30:07"
5464,113617,spider,subfamily,Salticinae,spider,0,0,3,0,https://www.inaturalist.org/observations/120028880,"2023-07-10 09:30:07"
5465,113614,caterpillar,family,Noctuidae,caterpillar,0,0,2,0,https://www.inaturalist.org/observations/120028403,"2023-07-10 09:30:07"
5466,113577,beetle,species,"Cyrtepistomus castaneus",beetle,0,0,2,0,https://www.inaturalist.org/observations/120027989,"2023-07-10 09:30:07"
5467,113561,beetle,species,"Cyrtepistomus castaneus",beetle,0,0,2,0,https://www.inaturalist.org/observations/120027166,"2023-07-10 09:30:07"
5468,113556,caterpillar,family,Geometridae,caterpillar,0,0,2,0,https://www.inaturalist.org/observations/120026839,"2023-07-10 09:30:07"
5469,113489,spider,subfamily,Salticinae,spider,0,0,2,0,https://www.inaturalist.org/observations/120026039,"2023-07-10 09:30:07"
5470,113462,beetle,family,Elateridae,beetle,0,0,2,0,https://www.inaturalist.org/observations/120025001,"2023-07-10 09:30:07"
5471,113393,beetle,genus,Photuris,beetle,0,0,4,0,https://www.inaturalist.org/observations/120022665,"2023-07-10 09:30:07"
5472,113389,beetle,genus,Photuris,beetle,0,0,4,0,https://www.inaturalist.org/observations/120022280,"2023-07-10 09:30:07"
5473,113368,spider,superfamily,Araneoidea,spider,0,0,2,0,https://www.inaturalist.org/observations/120020996,"2023-07-10 09:30:07"
5474,113342,ant,subgenus,Camponotus,ant,0,0,4,0,https://www.inaturalist.org/observations/120019525,"2023-07-10 09:30:07"
5475,113332,beetle,genus,Agrilus,beetle,0,0,2,0,https://www.inaturalist.org/observations/120018478,"2023-07-10 09:30:07"
5476,113329,aphid,subgenus,Lineomyzocallis,aphid,0,0,3,0,https://www.inaturalist.org/observations/120017478,"2023-07-10 09:33:05"
5477,113320,leafhopper,species,"Thionia quinquata",leafhopper,0,0,3,0,https://www.inaturalist.org/observations/120016212,"2023-07-10 09:33:05"
5478,113317,caterpillar,family,Noctuidae,caterpillar,0,0,2,0,https://www.inaturalist.org/observations/120015884,"2023-07-10 09:33:05"
5479,113298,caterpillar,genus,Pyreferra,caterpillar,0,0,3,0,https://www.inaturalist.org/observations/120014807,"2023-07-10 09:33:05"
5480,113296,leafhopper,species,"Stictocephala militaris",leafhopper,0,0,3,0,https://www.inaturalist.org/observations/120014015,"2023-07-10 09:33:05"
5481,113295,truebugs,tribe,Ceratocapsini,truebugs,0,0,3,0,https://www.inaturalist.org/observations/120013672,"2023-07-10 09:33:05"
5482,113294,beetle,family,Elateridae,beetle,0,0,2,0,https://www.inaturalist.org/observations/120013276,"2023-07-10 09:33:05"
5483,113214,truebugs,genus,Neolygus,truebugs,0,0,4,0,https://www.inaturalist.org/observations/120011684,"2023-07-10 09:33:05"
5484,113193,grasshopper,species,"Meconema thalassinum",grasshopper,0,0,4,0,https://www.inaturalist.org/observations/120011002,"2023-07-10 09:33:05"
5485,113158,beetle,subfamily,Donaciinae,beetle,0,0,2,0,https://www.inaturalist.org/observations/120007779,"2023-07-10 09:33:05"
5486,113097,caterpillar,species,"Orthosia alurina",caterpillar,0,0,3,0,https://www.inaturalist.org/observations/119925952,"2023-07-10 09:33:05"
5487,113095,caterpillar,tribe,Arctiini,caterpillar,0,0,2,0,https://www.inaturalist.org/observations/119925296,"2023-07-10 09:33:05"
5488,113094,caterpillar,family,Geometridae,caterpillar,0,0,3,0,https://www.inaturalist.org/observations/119924879,"2023-07-10 09:33:05"
5489,113090,daddylonglegs,order,Opiliones,daddylonglegs,0,0,2,0,https://www.inaturalist.org/observations/119924518,"2023-07-10 09:33:05"
5490,113087,beetle,species,"Phyllobius oblongus",beetle,0,0,3,0,https://www.inaturalist.org/observations/119924172,"2023-07-10 09:33:05"
5491,113085,caterpillar,family,Geometridae,caterpillar,0,0,2,0,https://www.inaturalist.org/observations/119923785,"2023-07-10 09:33:05"
5492,113084,caterpillar,family,Noctuidae,caterpillar,0,0,2,0,https://www.inaturalist.org/observations/119923171,"2023-07-10 09:33:05"
5493,113072,caterpillar,family,Geometridae,caterpillar,0,0,2,0,https://www.inaturalist.org/observations/119922020,"2023-07-10 09:33:05"
5494,113061,caterpillar,family,Geometridae,caterpillar,0,0,2,0,https://www.inaturalist.org/observations/119921356,"2023-07-10 09:33:05"
5495,113036,caterpillar,species,"Amphipyra pyramidoides",caterpillar,0,0,3,0,https://www.inaturalist.org/observations/119920356,"2023-07-10 09:33:05"
5496,113011,spider,infraorder,Entelegynae,spider,0,0,3,0,https://www.inaturalist.org/observations/119918750,"2023-07-10 09:33:05"
5497,113005,caterpillar,species,"Nematocampa resistaria",caterpillar,0,0,3,0,https://www.inaturalist.org/observations/119914265,"2023-07-10 09:33:05"
5498,112989,truebugs,suborder,Heteroptera,truebugs,0,0,2,0,https://www.inaturalist.org/observations/119911820,"2023-07-10 09:33:05"
5499,112979,caterpillar,family,Noctuidae,caterpillar,0,0,2,0,https://www.inaturalist.org/observations/119910364,"2023-07-10 09:36:05"
5500,112974,spider,infraorder,Entelegynae,spider,0,0,2,0,https://www.inaturalist.org/observations/119909944,"2023-07-10 09:36:06"
5501,112972,caterpillar,tribe,Arctiini,caterpillar,0,0,2,0,https://www.inaturalist.org/observations/119909135,"2023-07-10 09:36:07"
5502,112964,caterpillar,species,"Nematocampa resistaria",caterpillar,0,0,3,0,https://www.inaturalist.org/observations/119908783,"2023-07-10 09:36:07"
5503,112954,caterpillar,family,Noctuidae,caterpillar,0,0,2,0,https://www.inaturalist.org/observations/119907235,"2023-07-10 09:36:07"
5504,112953,beetle,family,Miridae,truebugs,0,0,3,1,https://www.inaturalist.org/observations/119906859,"2023-07-10 09:36:07"
5505,112763,daddylonglegs,order,Opiliones,daddylonglegs,0,0,2,0,https://www.inaturalist.org/observations/119882149,"2023-07-10 09:36:07"
5506,112755,moths,species,"Pyromorpha dimidiata",moths,0,0,3,0,https://www.inaturalist.org/observations/119881206,"2023-07-10 09:36:07"
5507,112752,spider,species,"Leucauge venusta",spider,0,0,4,0,https://www.inaturalist.org/observations/119880847,"2023-07-10 09:36:07"
5508,112751,spider,species,"Leucauge venusta",spider,0,0,4,0,https://www.inaturalist.org/observations/119880339,"2023-07-10 09:36:07"
5509,112750,spider,family,Dictynidae,spider,0,0,2,0,https://www.inaturalist.org/observations/119879933,"2023-07-10 09:36:07"
5510,112746,spider,subfamily,Salticinae,spider,0,0,3,0,https://www.inaturalist.org/observations/119879591,"2023-07-10 09:36:07"
5511,112745,beetle,subfamily,Anobiinae,beetle,0,0,2,0,https://www.inaturalist.org/observations/119879189,"2023-07-10 09:36:07"
5512,112744,truebugs,genus,Neolygus,truebugs,0,0,4,0,https://www.inaturalist.org/observations/119878828,"2023-07-10 09:36:07"
5513,112740,spider,tribe,Misumenini,spider,0,0,4,0,https://www.inaturalist.org/observations/119878387,"2023-07-10 09:36:08"
5514,112727,beetle,subfamily,Cantharinae,beetle,0,0,3,0,https://www.inaturalist.org/observations/119877975,"2023-07-10 09:36:08"
5515,112724,spider,species,"Leucauge venusta",spider,0,0,3,0,https://www.inaturalist.org/observations/119877573,"2023-07-10 09:36:08"
5516,112717,caterpillar,species,"Lymantria dispar",caterpillar,0,0,4,0,https://www.inaturalist.org/observations/119877168,"2023-07-10 09:36:08"
5517,112706,caterpillar,family,Noctuidae,caterpillar,0,0,2,0,https://www.inaturalist.org/observations/119876094,"2023-07-10 09:36:08"
5518,112700,caterpillar,family,Noctuidae,caterpillar,0,0,2,0,https://www.inaturalist.org/observations/119875767,"2023-07-10 09:36:08"
5519,112669,beetle,family,Scarabaeidae,beetle,0,0,3,0,https://www.inaturalist.org/observations/119871912,"2023-07-10 09:36:08"
5520,112519,caterpillar,family,Noctuidae,caterpillar,0,0,2,0,https://www.inaturalist.org/observations/119794123,"2023-07-10 09:36:08"
5521,112512,caterpillar,family,Noctuidae,caterpillar,0,0,2,0,https://www.inaturalist.org/observations/119793747,"2023-07-10 09:36:08"
5522,112471,beetle,species,"Psyllobora vigintimaculata",beetle,0,0,4,0,https://www.inaturalist.org/observations/119786179,"2023-07-10 09:36:08"
5523,112470,caterpillar,order,Lepidoptera,caterpillar,0,0,2,0,https://www.inaturalist.org/observations/119785846,"2023-07-10 09:36:08"
5524,112448,caterpillar,genus,Pyreferra,caterpillar,0,0,3,0,https://www.inaturalist.org/observations/119785176,"2023-07-10 09:36:08"
5525,112440,caterpillar,order,Lepidoptera,caterpillar,0,0,2,0,https://www.inaturalist.org/observations/119784387,"2023-07-10 09:36:08"
5526,112437,caterpillar,family,Geometridae,caterpillar,0,0,2,0,https://www.inaturalist.org/observations/119783407,"2023-07-10 09:39:05"
5527,112424,ant,subfamily,Formicinae,ant,0,0,2,0,https://www.inaturalist.org/observations/119782057,"2023-07-10 09:39:05"
5528,112416,caterpillar,suborder,Symphyta,bee,0,1,3,1,https://www.inaturalist.org/observations/119780967,"2023-07-10 09:39:05"
5529,112414,beetle,genus,Agrilus,beetle,0,0,4,0,https://www.inaturalist.org/observations/119780109,"2023-07-10 09:39:05"
5530,112389,grasshopper,species,"Meconema thalassinum",grasshopper,0,0,4,0,https://www.inaturalist.org/observations/119772367,"2023-07-10 09:39:05"
5531,112386,bee,superfamily,Tenthredinoidea,bee,0,1,2,0,https://www.inaturalist.org/observations/119770515,"2023-07-10 09:39:05"
5532,112323,caterpillar,order,Lepidoptera,caterpillar,0,0,2,0,https://www.inaturalist.org/observations/119749317,"2023-07-10 09:39:05"
5533,112297,caterpillar,subfamily,Noctuinae,caterpillar,0,0,3,0,https://www.inaturalist.org/observations/119745259,"2023-07-10 09:39:05"
5534,112290,caterpillar,family,Noctuidae,caterpillar,0,0,2,0,https://www.inaturalist.org/observations/119743976,"2023-07-10 09:39:05"
5535,112273,caterpillar,suborder,Symphyta,bee,0,1,3,1,https://www.inaturalist.org/observations/119741592,"2023-07-10 09:39:05"
5536,112266,bee,superfamily,Tenthredinoidea,bee,0,1,2,0,https://www.inaturalist.org/observations/119739750,"2023-07-10 09:42:05"
5537,112249,ant,species,"Camponotus americanus",ant,0,0,3,0,https://www.inaturalist.org/observations/119738690,"2023-07-10 09:42:05"
5538,112246,spider,family,Araneidae,spider,0,0,4,0,https://www.inaturalist.org/observations/119737325,"2023-07-10 09:42:05"
5539,112240,beetle,genus,Neopyrochroa,beetle,0,0,5,0,https://www.inaturalist.org/observations/119736997,"2023-07-10 09:42:05"
5540,112236,caterpillar,superfamily,Tenthredinoidea,bee,0,1,3,1,https://www.inaturalist.org/observations/119736610,"2023-07-10 09:42:05"
5541,112233,beetle,species,"Brachys aerosus",beetle,0,0,3,0,https://www.inaturalist.org/observations/119736229,"2023-07-10 09:42:05"
5542,112210,beetle,species,"Podabrus brevicollis",beetle,0,0,4,0,https://www.inaturalist.org/observations/119734995,"2023-07-10 09:42:05"
5543,112203,bee,suborder,Symphyta,bee,0,1,2,0,https://www.inaturalist.org/observations/119734667,"2023-07-10 09:42:05"
5544,112176,beetle,species,"Polydrusus formosus",beetle,0,0,3,0,https://www.inaturalist.org/observations/119734304,"2023-07-10 09:42:05"
5545,112165,caterpillar,subfamily,Noctuinae,caterpillar,0,0,3,0,https://www.inaturalist.org/observations/119733784,"2023-07-10 09:42:05"
5546,112127,beetle,genus,Anthonomus,beetle,0,0,2,0,https://www.inaturalist.org/observations/119731238,"2023-07-10 09:42:05"
5547,112112,ant,species,"Camponotus americanus",ant,0,0,3,0,https://www.inaturalist.org/observations/119730248,"2023-07-10 09:42:05"
5548,112080,unidentified,family,Tingidae,truebugs,0,0,1,0,https://www.inaturalist.org/observations/119728232,"2023-07-10 09:42:05"
5549,112024,fly,family,Rhagionidae,fly,0,0,2,0,https://www.inaturalist.org/observations/119681410,"2023-07-10 09:42:05"
5550,112016,spider,subfamily,Salticinae,spider,0,0,2,0,https://www.inaturalist.org/observations/119660890,"2023-07-10 09:42:05"
5551,111994,beetle,subfamily,Cantharinae,beetle,0,0,3,0,https://www.inaturalist.org/observations/119633568,"2023-07-10 09:42:05"
5552,111970,bee,superfamily,Chalcidoidea,bee,0,0,2,0,https://www.inaturalist.org/observations/119630607,"2023-07-10 09:42:05"
5553,111954,beetle,species,"Harmonia axyridis",beetle,1,0,4,0,https://www.inaturalist.org/observations/119629094,"2023-07-10 09:42:05"
5554,111949,beetle,family,Coccinellidae,beetle,1,0,2,0,https://www.inaturalist.org/observations/119628405,"2023-07-10 09:42:05"
5555,111928,caterpillar,species,"Lymantria dispar",caterpillar,0,0,4,0,https://www.inaturalist.org/observations/119625109,"2023-07-10 09:42:05"
5556,111918,bee,superfamily,Tenthredinoidea,bee,0,1,2,1,https://www.inaturalist.org/observations/119624284,"2023-07-10 09:42:05"
5557,111903,caterpillar,order,Lepidoptera,caterpillar,0,0,2,0,https://www.inaturalist.org/observations/119619952,"2023-07-10 09:42:05"
5558,111871,caterpillar,family,Geometridae,caterpillar,0,0,2,0,https://www.inaturalist.org/observations/119615059,"2023-07-10 09:42:05"
5559,111867,caterpillar,order,Lepidoptera,caterpillar,0,0,2,0,https://www.inaturalist.org/observations/119614189,"2023-07-10 09:42:05"
5560,111840,caterpillar,order,Lepidoptera,caterpillar,0,0,2,0,https://www.inaturalist.org/observations/119610650,"2023-07-10 09:42:05"
5561,111780,caterpillar,family,Geometridae,caterpillar,0,0,2,0,https://www.inaturalist.org/observations/119604585,"2023-07-10 09:45:05"
5562,111778,caterpillar,family,Noctuidae,caterpillar,0,0,2,0,https://www.inaturalist.org/observations/119604172,"2023-07-10 09:45:05"
5563,111719,caterpillar,family,Noctuidae,caterpillar,0,0,2,0,https://www.inaturalist.org/observations/119597413,"2023-07-10 09:45:05"
5564,111714,caterpillar,family,Geometridae,caterpillar,0,0,2,0,https://www.inaturalist.org/observations/119597044,"2023-07-10 09:45:05"
5565,111668,spider,subfamily,Salticinae,spider,0,0,3,0,https://www.inaturalist.org/observations/119596647,"2023-07-10 09:45:05"
5566,111667,beetle,subfamily,Eumolpinae,beetle,0,0,2,0,https://www.inaturalist.org/observations/119596326,"2023-07-10 09:45:05"
5567,111665,beetle,family,Elateridae,beetle,0,0,2,0,https://www.inaturalist.org/observations/119595510,"2023-07-10 09:45:05"
5568,111659,beetle,family,Elateridae,beetle,0,0,2,0,https://www.inaturalist.org/observations/119594451,"2023-07-10 09:45:05"
5569,111658,spider,species,"Colonus sylvanus",spider,0,0,2,0,https://www.inaturalist.org/observations/119594138,"2023-07-10 09:45:05"
5570,111640,leafhopper,species,"Thionia quinquata",leafhopper,0,0,3,0,https://www.inaturalist.org/observations/119593857,"2023-07-10 09:45:05"
5571,111619,ant,species,"Camponotus pennsylvanicus",ant,0,0,3,0,https://www.inaturalist.org/observations/119591466,"2023-07-10 09:45:05"
5572,111611,leafhopper,genus,Haplaxius,leafhopper,0,0,3,0,https://www.inaturalist.org/observations/119591068,"2023-07-10 09:45:05"
5573,111594,leafhopper,tribe,Pendarini,leafhopper,0,0,2,0,https://www.inaturalist.org/observations/119590666,"2023-07-10 09:45:05"
5574,111587,ant,species,"Pseudomyrmex ejectus",ant,0,0,4,0,https://www.inaturalist.org/observations/119590017,"2023-07-10 09:45:05"
5575,111548,fly,suborder,Nematocera,fly,0,0,2,0,https://www.inaturalist.org/observations/119588384,"2023-07-10 09:45:05"
5576,111543,truebugs,genus,Hyaliodes,truebugs,0,0,3,0,https://www.inaturalist.org/observations/119588006,"2023-07-10 09:45:05"
5577,111542,beetle,genus,Photuris,beetle,0,0,5,0,https://www.inaturalist.org/observations/119587701,"2023-07-10 09:45:05"
5578,111525,beetle,genus,Photuris,beetle,0,0,4,0,https://www.inaturalist.org/observations/119586906,"2023-07-10 09:45:05"
5579,111515,beetle,species,"Ochyromera ligustri",beetle,0,0,2,0,https://www.inaturalist.org/observations/119586187,"2023-07-10 09:45:05"
5580,111503,beetle,family,Elateridae,beetle,0,0,2,0,https://www.inaturalist.org/observations/119585506,"2023-07-10 09:45:05"
5581,111498,fly,suborder,Nematocera,fly,0,0,2,0,https://www.inaturalist.org/observations/119585199,"2023-07-10 09:45:05"
5582,111485,beetle,family,Elateridae,beetle,0,0,2,0,https://www.inaturalist.org/observations/119584527,"2023-07-10 09:45:05"
5583,111468,leafhopper,species,"Thionia quinquata",leafhopper,0,0,2,0,https://www.inaturalist.org/observations/119583118,"2023-07-10 09:45:05"
5584,111466,leafhopper,species,"Graphocephala versuta",leafhopper,0,0,3,0,https://www.inaturalist.org/observations/119582759,"2023-07-10 09:45:05"
5585,111442,beetle,family,Mordellidae,beetle,0,0,2,0,https://www.inaturalist.org/observations/119581701,"2023-07-10 09:45:05"
5586,111436,beetle,genus,Photuris,beetle,0,0,4,0,https://www.inaturalist.org/observations/119581324,"2023-07-10 09:45:05"
5587,111435,beetle,species,"Chauliognathus marginatus",beetle,0,0,3,0,https://www.inaturalist.org/observations/119580993,"2023-07-10 09:45:05"
5588,111407,spider,species,"Leucauge venusta",spider,0,0,5,0,https://www.inaturalist.org/observations/119479048,"2023-07-10 09:45:05"
5589,111406,fly,order,Archaeognatha,Archaeognatha,0,0,3,1,https://www.inaturalist.org/observations/119478614,"2023-07-10 09:45:05"
5590,111405,truebugs,family,Curculionidae,beetle,0,0,5,1,https://www.inaturalist.org/observations/119478098,"2023-07-10 09:45:05"
5591,111386,caterpillar,species,"Hypagyrtis unipunctata",caterpillar,0,0,2,0,https://www.inaturalist.org/observations/119472889,"2023-07-10 09:48:05"
5592,111384,beetle,order,Neuroptera,Neuroptera,0,0,3,1,https://www.inaturalist.org/observations/119472353,"2023-07-10 09:48:05"
5593,111381,beetle,genus,Photuris,beetle,0,0,3,0,https://www.inaturalist.org/observations/119471907,"2023-07-10 09:48:05"
5594,111378,beetle,species,"Phyllobius oblongus",beetle,0,0,3,0,https://www.inaturalist.org/observations/119470547,"2023-07-10 09:48:05"
5595,111377,beetle,species,"Phyllobius oblongus",beetle,0,0,2,0,https://www.inaturalist.org/observations/119470067,"2023-07-10 09:48:05"
5596,111360,caterpillar,species,"Lymantria dispar",caterpillar,0,0,3,0,https://www.inaturalist.org/observations/119461585,"2023-07-10 09:48:05"
5597,111351,beetle,family,Cerambycidae,beetle,0,0,2,0,https://www.inaturalist.org/observations/119455403,"2023-07-10 09:48:05"
5598,111348,caterpillar,species,"Lymantria dispar",caterpillar,0,0,3,0,https://www.inaturalist.org/observations/119453796,"2023-07-10 09:48:05"
5599,111347,caterpillar,species,"Lymantria dispar",caterpillar,0,0,3,0,https://www.inaturalist.org/observations/119453326,"2023-07-10 09:48:05"
5600,111346,caterpillar,species,"Lymantria dispar",caterpillar,0,0,3,0,https://www.inaturalist.org/observations/119452881,"2023-07-10 09:48:05"
5601,111296,caterpillar,family,Geometridae,caterpillar,0,0,2,0,https://www.inaturalist.org/observations/119449925,"2023-07-10 09:51:05"
5602,111286,beetle,species,"Phyllobius oblongus",beetle,0,0,2,0,https://www.inaturalist.org/observations/119446354,"2023-07-10 09:51:05"
5603,111269,caterpillar,species,"Lymantria dispar",caterpillar,0,0,3,0,https://www.inaturalist.org/observations/119442213,"2023-07-10 09:51:05"
5604,111267,caterpillar,species,"Lymantria dispar",caterpillar,0,0,3,0,https://www.inaturalist.org/observations/119441285,"2023-07-10 09:51:05"
5605,111265,beetle,species,"Phyllobius oblongus",beetle,0,0,2,0,https://www.inaturalist.org/observations/119440358,"2023-07-10 09:51:05"
5606,111264,caterpillar,species,"Hypagyrtis unipunctata",caterpillar,0,0,2,0,https://www.inaturalist.org/observations/119439876,"2023-07-10 09:51:05"
5607,111257,beetle,family,Cerambycidae,beetle,0,0,2,0,https://www.inaturalist.org/observations/119439457,"2023-07-10 09:51:05"
5608,111252,beetle,species,"Strongylium crenatum",beetle,0,0,4,0,https://www.inaturalist.org/observations/119438977,"2023-07-10 09:51:05"
5609,111214,beetle,species,"Harmonia axyridis",beetle,1,0,4,0,https://www.inaturalist.org/observations/119438126,"2023-07-10 09:51:05"
5610,111249,beetle,family,Coccinellidae,beetle,1,0,2,0,https://www.inaturalist.org/observations/119437044,"2023-07-10 09:51:05"
5611,111237,caterpillar,species,"Lymantria dispar",caterpillar,0,0,3,0,https://www.inaturalist.org/observations/119434513,"2023-07-10 09:51:05"
5612,111235,beetle,subfamily,Entiminae,beetle,0,0,2,0,https://www.inaturalist.org/observations/119433567,"2023-07-10 09:51:05"
5613,111230,leafhopper,species,"Entylia carinata",leafhopper,0,0,3,0,https://www.inaturalist.org/observations/119431591,"2023-07-10 09:51:05"
5614,111225,beetle,species,"Phyllobius oblongus",beetle,0,0,2,0,https://www.inaturalist.org/observations/119430590,"2023-07-10 09:51:05"
5615,111217,beetle,genus,Dorytomus,beetle,0,0,2,0,https://www.inaturalist.org/observations/119430118,"2023-07-10 09:51:05"
5616,111215,spider,genus,Synemosyna,spider,0,0,2,0,https://www.inaturalist.org/observations/119429694,"2023-07-10 09:51:05"
5617,111212,caterpillar,species,"Lymantria dispar",caterpillar,0,0,3,0,https://www.inaturalist.org/observations/119429225,"2023-07-10 09:51:05"
5618,111211,caterpillar,species,"Lymantria dispar",caterpillar,0,0,3,0,https://www.inaturalist.org/observations/119428802,"2023-07-10 09:51:05"
5619,111210,beetle,subfamily,Eumolpinae,beetle,0,0,2,0,https://www.inaturalist.org/observations/119428326,"2023-07-10 09:51:05"
5620,111209,beetle,species,"Phyllobius oblongus",beetle,0,0,2,0,https://www.inaturalist.org/observations/119427851,"2023-07-10 09:51:05"
5621,111206,beetle,species,"Phyllobius oblongus",beetle,0,0,2,0,https://www.inaturalist.org/observations/119427303,"2023-07-10 09:54:05"
5622,111190,leafhopper,species,"Platycotis vittata",leafhopper,0,0,3,0,https://www.inaturalist.org/observations/119424496,"2023-07-10 09:54:05"
5623,111187,grasshopper,family,Miridae,truebugs,0,0,3,1,https://www.inaturalist.org/observations/119423707,"2023-07-10 09:54:05"
5624,111181,caterpillar,species,"Hypagyrtis unipunctata",caterpillar,0,0,2,0,https://www.inaturalist.org/observations/119422052,"2023-07-10 09:54:05"
5625,111166,truebugs,genus,Kleidocerys,truebugs,0,0,2,0,https://www.inaturalist.org/observations/119420056,"2023-07-10 09:54:05"
5626,111164,spider,genus,Philodromus,spider,0,0,4,0,https://www.inaturalist.org/observations/119419170,"2023-07-10 09:54:05"
5627,110948,beetle,family,Elateridae,beetle,0,0,2,0,https://www.inaturalist.org/observations/119055605,"2023-07-10 09:54:05"
5628,110626,beetle,family,Elateridae,beetle,0,0,2,0,https://www.inaturalist.org/observations/118937922,"2023-07-10 09:57:05"
5629,110605,beetle,species,"Baliosus nervosus",beetle,0,0,4,0,https://www.inaturalist.org/observations/118936302,"2023-07-10 09:57:05"
5630,110586,beetle,species,"Phyllobius oblongus",beetle,0,0,2,0,https://www.inaturalist.org/observations/118933745,"2023-07-10 09:57:05"
5631,110563,beetle,family,Elateridae,beetle,0,0,2,0,https://www.inaturalist.org/observations/118931766,"2023-07-10 09:57:05"
5632,110551,beetle,species,"Phyllobius oblongus",beetle,0,0,2,0,https://www.inaturalist.org/observations/118930037,"2023-07-10 09:57:05"
5633,110542,beetle,species,"Phyllobius oblongus",beetle,0,0,2,0,https://www.inaturalist.org/observations/118928844,"2023-07-10 09:57:05"
5634,110501,beetle,species,"Phyllobius oblongus",beetle,0,0,2,0,https://www.inaturalist.org/observations/118925997,"2023-07-10 09:57:05"
5635,110495,beetle,family,Elateridae,beetle,0,0,2,0,https://www.inaturalist.org/observations/118925547,"2023-07-03 09:30:08"
5636,110469,beetle,species,"Phyllobius oblongus",beetle,0,0,2,0,https://www.inaturalist.org/observations/118924352,"2023-07-03 09:33:06"
5637,110455,beetle,species,"Phyllobius oblongus",beetle,0,0,2,0,https://www.inaturalist.org/observations/118923487,"2023-07-03 09:33:06"
5638,110440,beetle,species,"Phyllobius oblongus",beetle,0,0,3,0,https://www.inaturalist.org/observations/118920659,"2023-07-03 09:33:07"
5639,110426,beetle,species,"Phyllobius oblongus",beetle,0,0,3,0,https://www.inaturalist.org/observations/118919609,"2023-07-03 09:33:07"
5640,110393,beetle,family,Elateridae,beetle,0,0,2,0,https://www.inaturalist.org/observations/118917802,"2023-07-03 09:33:07"
5641,110392,beetle,species,"Toxonotus cornutus",beetle,0,0,2,0,https://www.inaturalist.org/observations/118917491,"2023-07-03 09:33:07"
5642,110388,caterpillar,order,Lepidoptera,caterpillar,0,0,2,0,https://www.inaturalist.org/observations/118916817,"2023-07-03 09:33:07"
5643,110387,beetle,species,"Phyllobius oblongus",beetle,0,0,3,0,https://www.inaturalist.org/observations/118916419,"2023-07-03 09:33:07"
5644,110099,truebugs,species,"Podisus placidus",truebugs,0,0,2,0,https://www.inaturalist.org/observations/118808466,"2023-07-03 09:36:06"
5645,110091,fly,subclass,Pterygota,aphid,0,0,2,1,https://www.inaturalist.org/observations/118805374,"2023-07-03 09:36:06"
5646,110089,beetle,species,"Phyllobius oblongus",beetle,0,0,3,0,https://www.inaturalist.org/observations/118804425,"2023-07-03 09:36:06"
5647,110039,beetle,species,"Propylea quatuordecimpunctata",beetle,0,0,3,0,https://www.inaturalist.org/observations/118795286,"2023-07-03 09:36:06"
5648,109984,fly,order,Diptera,fly,0,0,2,0,https://www.inaturalist.org/observations/118791945,"2023-07-03 09:39:05"
5649,109949,caterpillar,family,Geometridae,caterpillar,0,0,2,0,https://www.inaturalist.org/observations/118786900,"2023-07-03 09:39:05"
5650,109926,beetle,superfamily,Curculionoidea,beetle,0,0,2,0,https://www.inaturalist.org/observations/118786462,"2023-07-03 09:39:05"
5651,109912,caterpillar,order,Lepidoptera,caterpillar,0,0,2,0,https://www.inaturalist.org/observations/118783562,"2023-07-03 09:39:05"
5652,109911,leafhopper,suborder,Auchenorrhyncha,leafhopper,0,0,1,0,https://www.inaturalist.org/observations/118783230,"2023-07-03 09:39:05"
5653,109641,caterpillar,family,Geometridae,caterpillar,0,0,2,0,https://www.inaturalist.org/observations/118664985,"2023-07-03 09:42:06"
5654,109515,fly,species,"Bibio articulatus",fly,0,0,4,0,https://www.inaturalist.org/observations/118575422,"2023-07-03 09:45:06"
5655,109495,daddylonglegs,order,Opiliones,daddylonglegs,0,0,2,0,https://www.inaturalist.org/observations/118569467,"2023-07-03 09:45:06"
5656,108689,beetle,order,Coleoptera,beetle,0,0,2,0,https://www.inaturalist.org/observations/118419292,"2023-07-03 09:54:06"
5657,108686,fly,order,Diptera,fly,0,0,2,0,https://www.inaturalist.org/observations/118417925,"2023-07-03 09:54:06"
5658,108565,fly,order,Diptera,fly,0,0,2,0,https://www.inaturalist.org/observations/118390129,"2023-07-03 09:57:05"
5659,108540,daddylonglegs,order,Opiliones,daddylonglegs,0,0,2,0,https://www.inaturalist.org/observations/118386800,"2023-07-03 09:57:05"
5660,108529,bee,superfamily,Ichneumonoidea,bee,0,0,3,0,https://www.inaturalist.org/observations/118385369,"2023-07-03 09:57:05"
5661,107886,truebugs,order,Diptera,fly,0,0,3,1,https://www.inaturalist.org/observations/118339423,"2023-06-26 09:33:07"
5662,107584,beetle,family,Chrysomelidae,beetle,0,0,2,0,https://www.inaturalist.org/observations/118333312,"2023-06-26 09:33:07"
5663,107536,beetle,genus,Photuris,beetle,0,0,4,0,https://www.inaturalist.org/observations/118330357,"2023-06-26 09:36:06"
5664,107249,fly,species,"Bibio articulatus",fly,0,0,4,0,https://www.inaturalist.org/observations/118323793,"2023-06-26 09:36:06"
5665,107187,truebugs,family,Curculionidae,beetle,0,0,4,1,https://www.inaturalist.org/observations/118323070,"2023-06-26 09:36:06"
5666,107175,spider,family,Salticidae,spider,0,0,2,0,https://www.inaturalist.org/observations/118322459,"2023-06-26 09:36:06"
5667,107159,truebugs,order,Coleoptera,beetle,0,0,3,1,https://www.inaturalist.org/observations/118322214,"2023-06-26 09:36:06"
5668,106985,spider,genus,Hentzia,spider,0,0,3,0,https://www.inaturalist.org/observations/118317573,"2023-06-26 09:39:06"
5669,106979,leafhopper,family,Cicadellidae,leafhopper,0,0,2,0,https://www.inaturalist.org/observations/118315882,"2023-06-26 09:39:06"
5670,106962,spider,family,Dictynidae,spider,0,0,3,0,https://www.inaturalist.org/observations/118313492,"2023-06-26 09:39:06"
5671,106567,bee,subclass,Pterygota,fly,0,0,2,1,https://www.inaturalist.org/observations/118259224,"2023-06-26 09:48:05"
5672,102111,spider,species,"Tmarus angulatus",spider,0,0,2,0,https://www.inaturalist.org/observations/89980349,"2023-06-12 09:24:06"
5673,102074,truebugs,superfamily,Pentatomoidea,truebugs,0,0,2,0,https://www.inaturalist.org/observations/89934890,"2023-06-12 09:24:06"
5674,101967,spider,family,Araneidae,spider,0,0,2,0,https://www.inaturalist.org/observations/89910995,"2023-06-12 09:24:06"
5675,101955,truebugs,family,Miridae,truebugs,0,0,2,0,https://www.inaturalist.org/observations/89909506,"2023-06-12 09:24:06"
5676,101938,truebugs,species,"Hyaliodes harti",truebugs,0,0,3,0,https://www.inaturalist.org/observations/89907179,"2023-06-12 09:27:06"
5677,101764,truebugs,species,"Hyaliodes harti",truebugs,0,0,3,0,https://www.inaturalist.org/observations/89669738,"2023-06-12 09:27:06"
5678,101761,truebugs,species,"Hyaliodes harti",truebugs,0,0,3,0,https://www.inaturalist.org/observations/89668633,"2023-06-12 09:27:06"
5679,98770,truebugs,species,"Hyaliodes harti",truebugs,0,0,3,0,https://www.inaturalist.org/observations/87711489,"2023-06-05 09:24:06"
5680,95687,truebugs,species,"Hyaliodes harti",truebugs,0,0,2,0,https://www.inaturalist.org/observations/85848475,"2023-05-29 09:33:06"
5681,95404,truebugs,species,"Hyaliodes harti",truebugs,0,0,3,0,https://www.inaturalist.org/observations/85495790,"2023-05-29 09:36:05"
5682,92627,truebugs,species,"Hyaliodes harti",truebugs,0,0,3,0,https://www.inaturalist.org/observations/84175362,"2023-05-22 09:15:05"
5683,92589,truebugs,family,Miridae,truebugs,0,0,2,0,https://www.inaturalist.org/observations/84128557,"2023-05-22 09:15:06"
5684,92472,truebugs,family,Miridae,truebugs,0,0,2,0,https://www.inaturalist.org/observations/84108219,"2023-05-22 09:18:05"
5685,92331,truebugs,family,Miridae,truebugs,0,0,2,0,https://www.inaturalist.org/observations/84080252,"2023-05-22 09:21:05"
5686,92314,truebugs,family,Miridae,truebugs,0,0,2,0,https://www.inaturalist.org/observations/84078905,"2023-05-22 09:21:05"
5687,91868,truebugs,genus,Neurocolpus,truebugs,0,0,3,0,https://www.inaturalist.org/observations/83955190,"2023-05-22 09:24:05"
5688,91320,truebugs,species,"Hyaliodes harti",truebugs,0,0,3,0,https://www.inaturalist.org/observations/83517339,"2023-05-22 09:33:06"
5689,91225,beetle,species,"Cyrtepistomus castaneus",beetle,0,0,2,0,https://www.inaturalist.org/observations/83505408,"2023-05-22 09:36:06"
5690,89130,truebugs,family,Miridae,truebugs,0,0,2,0,https://www.inaturalist.org/observations/82473257,"2023-05-15 09:42:05"
5691,88517,truebugs,family,Miridae,truebugs,0,0,2,0,https://www.inaturalist.org/observations/82187570,"2023-05-15 09:51:05"
5692,75974,truebugs,superfamily,Pentatomoidea,truebugs,0,0,2,0,https://www.inaturalist.org/observations/47264592,"2022-06-13 08:33:07"
5693,73750,truebugs,genus,Elasmostethus,truebugs,0,0,2,0,https://www.inaturalist.org/observations/33336908,"2022-06-13 08:51:07"
5694,71165,truebugs,genus,Neurocolpus,truebugs,0,0,3,0,https://www.inaturalist.org/observations/29916796,"2022-06-13 09:15:06"
5695,68348,truebugs,species,"Acanthocephala terminalis",truebugs,0,0,2,0,https://www.inaturalist.org/observations/28932313,"2022-06-13 09:33:07"
5696,66162,truebugs,family,Miridae,truebugs,0,0,2,0,https://www.inaturalist.org/observations/28240140,"2022-06-13 09:48:06"
5697,116009,beetle,family,Elateridae,beetle,0,0,2,0,https://www.inaturalist.org/observations/121450469,"2023-07-17 09:33:06"
5698,115902,truebugs,tribe,Orthotylini,truebugs,0,0,3,0,https://www.inaturalist.org/observations/121288033,"2023-07-17 09:33:06"
5699,115900,beetle,family,Dermestidae,beetle,0,0,2,0,https://www.inaturalist.org/observations/121286965,"2023-07-17 09:33:06"
5700,115898,beetle,species,"Polydrusus formosus",beetle,0,0,4,0,https://www.inaturalist.org/observations/121285445,"2023-07-17 09:33:06"
5701,115876,spider,suborder,Araneomorphae,spider,0,0,3,0,https://www.inaturalist.org/observations/121248142,"2023-07-17 09:33:06"
5702,115854,caterpillar,species,"Epimecis hortaria",caterpillar,0,0,3,0,https://www.inaturalist.org/observations/121240800,"2023-07-17 09:33:06"
5703,115848,fly,suborder,Brachycera,fly,0,0,2,0,https://www.inaturalist.org/observations/121232931,"2023-07-17 09:33:06"
5704,115839,daddylonglegs,species,"Leiobunum ventricosum",daddylonglegs,0,0,2,0,https://www.inaturalist.org/observations/121228433,"2023-07-17 09:33:06"
5705,115740,caterpillar,family,Geometridae,caterpillar,0,0,3,0,https://www.inaturalist.org/observations/121135177,"2023-07-17 09:33:06"
5706,115736,beetle,genus,Anatis,beetle,1,0,3,0,https://www.inaturalist.org/observations/121134809,"2023-07-17 09:33:06"
5707,115726,beetle,family,Elateridae,beetle,0,0,3,0,https://www.inaturalist.org/observations/121134400,"2023-07-17 09:33:06"
5708,115710,caterpillar,family,Geometridae,caterpillar,0,0,3,0,https://www.inaturalist.org/observations/121134002,"2023-07-17 09:33:06"
5709,115708,caterpillar,family,Noctuidae,caterpillar,0,0,2,0,https://www.inaturalist.org/observations/121133473,"2023-07-17 09:33:06"
5710,115689,caterpillar,family,Geometridae,caterpillar,0,0,2,0,https://www.inaturalist.org/observations/121132317,"2023-07-17 09:36:05"
5711,115687,ant,genus,Monomorium,ant,0,0,2,0,https://www.inaturalist.org/observations/121131423,"2023-07-17 09:36:05"
5712,115685,beetle,family,Curculionidae,beetle,0,0,2,0,https://www.inaturalist.org/observations/121131051,"2023-07-17 09:36:05"
5713,115684,beetle,family,Curculionidae,beetle,0,0,2,0,https://www.inaturalist.org/observations/121130676,"2023-07-17 09:36:05"
5714,115683,daddylonglegs,order,Opiliones,daddylonglegs,0,0,2,0,https://www.inaturalist.org/observations/121130305,"2023-07-17 09:36:05"
5715,115682,beetle,family,Elateridae,beetle,0,0,2,0,https://www.inaturalist.org/observations/121129868,"2023-07-17 09:36:05"
5716,115674,grasshopper,species,"Cyrtoxipha columbiana",grasshopper,0,0,4,0,https://www.inaturalist.org/observations/121129521,"2023-07-17 09:36:05"
5717,115673,fly,suborder,Brachycera,fly,0,0,2,0,https://www.inaturalist.org/observations/121129115,"2023-07-17 09:36:05"
5718,115668,beetle,family,Mordellidae,beetle,0,0,3,0,https://www.inaturalist.org/observations/121128430,"2023-07-17 09:36:05"
5719,115666,ant,subgenus,Myrmentoma,ant,0,0,3,0,https://www.inaturalist.org/observations/121127650,"2023-07-17 09:36:05"
5720,115663,fly,suborder,Brachycera,fly,0,0,2,0,https://www.inaturalist.org/observations/121127357,"2023-07-17 09:36:05"
5721,115660,bee,subclass,Pterygota,beetle,0,0,2,1,https://www.inaturalist.org/observations/121126615,"2023-07-17 09:36:05"
5722,115657,ant,subgenus,Myrmentoma,ant,0,0,2,0,https://www.inaturalist.org/observations/121125190,"2023-07-17 09:36:05"
5723,115653,caterpillar,family,Geometridae,caterpillar,0,0,3,0,https://www.inaturalist.org/observations/121124853,"2023-07-17 09:36:05"
5724,115652,daddylonglegs,order,Opiliones,daddylonglegs,0,0,2,0,https://www.inaturalist.org/observations/121124443,"2023-07-17 09:36:05"
5725,115650,beetle,subfamily,Cryptocephalinae,beetle,0,0,2,0,https://www.inaturalist.org/observations/121124102,"2023-07-17 09:36:05"
5726,115628,leafhopper,species,"Oncometopia orbona",leafhopper,0,0,3,0,https://www.inaturalist.org/observations/121121463,"2023-07-17 09:36:05"
5727,115602,fly,order,Psocodea,Psocodea,0,0,3,1,https://www.inaturalist.org/observations/121119404,"2023-07-17 09:36:05"
5728,115589,leafhopper,species,"Flatormenis proxima",leafhopper,0,0,3,0,https://www.inaturalist.org/observations/121117567,"2023-07-17 09:36:05"
5729,115588,grasshopper,genus,Melanoplus,grasshopper,0,0,2,0,https://www.inaturalist.org/observations/121117142,"2023-07-17 09:36:05"
5730,115585,grasshopper,genus,Melanoplus,grasshopper,0,0,2,0,https://www.inaturalist.org/observations/121115941,"2023-07-17 09:36:05"
5731,115573,truebugs,genus,Piezogaster,truebugs,0,0,3,0,https://www.inaturalist.org/observations/121115118,"2023-07-17 09:36:05"
5732,115567,spider,genus,Mecaphesa,spider,0,0,3,0,https://www.inaturalist.org/observations/121114847,"2023-07-17 09:36:05"
5733,115563,leafhopper,species,"Acanalonia bivittata",leafhopper,0,0,2,0,https://www.inaturalist.org/observations/121114480,"2023-07-17 09:36:05"
5734,115559,truebugs,genus,Empicoris,truebugs,0,0,3,0,https://www.inaturalist.org/observations/121114107,"2023-07-17 09:36:05"
5735,115555,spider,species,"Lyssomanes viridis",spider,0,0,4,0,https://www.inaturalist.org/observations/121113667,"2023-07-17 09:39:05"
5736,115547,caterpillar,species,"Morrisonia confusa",caterpillar,0,0,2,0,https://www.inaturalist.org/observations/121112973,"2023-07-17 09:39:05"
5737,115543,leafhopper,species,"Flatormenis proxima",leafhopper,0,0,3,0,https://www.inaturalist.org/observations/121112613,"2023-07-17 09:39:05"
5738,115541,bee,subclass,Pterygota,fly,0,0,1,0,https://www.inaturalist.org/observations/121111799,"2023-07-17 09:39:05"
5739,115538,bee,subclass,Pterygota,fly,0,0,2,1,https://www.inaturalist.org/observations/121110683,"2023-07-17 09:39:05"
5740,115517,caterpillar,family,Geometridae,caterpillar,0,0,2,0,https://www.inaturalist.org/observations/121108499,"2023-07-17 09:39:05"
5741,115513,caterpillar,family,Geometridae,caterpillar,0,0,2,0,https://www.inaturalist.org/observations/121107757,"2023-07-17 09:39:05"
5742,115512,caterpillar,family,Geometridae,caterpillar,0,0,2,0,https://www.inaturalist.org/observations/121107368,"2023-07-17 09:39:05"
5743,115511,caterpillar,family,Geometridae,caterpillar,0,0,2,0,https://www.inaturalist.org/observations/121106987,"2023-07-17 09:39:05"
5744,115510,spider,species,"Lyssomanes viridis",spider,0,0,4,0,https://www.inaturalist.org/observations/121106588,"2023-07-17 09:39:05"
5745,115501,beetle,subfamily,Eumolpinae,beetle,0,0,2,0,https://www.inaturalist.org/observations/121105306,"2023-07-17 09:39:05"
5746,115500,grasshopper,genus,Oecanthus,grasshopper,0,0,3,0,https://www.inaturalist.org/observations/121104866,"2023-07-17 09:39:05"
5747,115492,ant,complex,"Formica neogagates",ant,0,0,2,0,https://www.inaturalist.org/observations/121104115,"2023-07-17 09:39:05"
5748,115489,ant,genus,Camponotus,ant,0,0,2,0,https://www.inaturalist.org/observations/121102901,"2023-07-17 09:39:05"
5749,115480,caterpillar,species,"Phigalia titea",caterpillar,0,0,2,0,https://www.inaturalist.org/observations/121102111,"2023-07-17 09:39:05"
5750,115471,leafhopper,genus,Stictocephala,leafhopper,0,0,2,0,https://www.inaturalist.org/observations/121100082,"2023-07-17 09:39:05"
5751,115461,caterpillar,family,Geometridae,caterpillar,0,0,2,0,https://www.inaturalist.org/observations/121099193,"2023-07-17 09:39:05"
5752,115460,caterpillar,family,Geometridae,caterpillar,0,0,2,0,https://www.inaturalist.org/observations/121098759,"2023-07-17 09:39:05"
5753,115439,leafhopper,species,"Thionia quinquata",leafhopper,0,0,4,0,https://www.inaturalist.org/observations/121096036,"2023-07-17 09:39:05"
5754,115437,caterpillar,species,"Hypagyrtis unipunctata",caterpillar,0,0,2,0,https://www.inaturalist.org/observations/121095694,"2023-07-17 09:39:05"
5755,115434,grasshopper,species,"Meconema thalassinum",grasshopper,0,0,5,0,https://www.inaturalist.org/observations/121094884,"2023-07-17 09:39:05"
5756,115427,leafhopper,species,"Flatormenis proxima",leafhopper,0,0,2,0,https://www.inaturalist.org/observations/121093749,"2023-07-17 09:42:05"
5757,115419,caterpillar,family,Geometridae,caterpillar,0,0,2,0,https://www.inaturalist.org/observations/121093005,"2023-07-17 09:42:05"
5758,115396,caterpillar,family,Geometridae,caterpillar,0,0,2,0,https://www.inaturalist.org/observations/121089910,"2023-07-17 09:42:05"
5759,115385,beetle,family,Elateridae,beetle,0,0,2,0,https://www.inaturalist.org/observations/121089561,"2023-07-17 09:42:05"
5760,115357,truebugs,genus,Empicoris,truebugs,0,0,2,0,https://www.inaturalist.org/observations/121088031,"2023-07-17 09:42:05"
5761,115356,leafhopper,species,"Thionia bullata",leafhopper,0,0,2,0,https://www.inaturalist.org/observations/121087773,"2023-07-17 09:42:05"
5762,115343,leafhopper,family,Membracidae,leafhopper,0,0,2,0,https://www.inaturalist.org/observations/121087228,"2023-07-17 09:42:05"
5763,115331,ant,species,"Camponotus subbarbatus",ant,0,0,3,0,https://www.inaturalist.org/observations/121085611,"2023-07-17 09:42:05"
5764,115325,leafhopper,order,Hemiptera,aphid,0,0,2,1,https://www.inaturalist.org/observations/121084630,"2023-07-17 09:42:05"
5765,115306,other,genus,Chilocorus,beetle,0,0,3,0,https://www.inaturalist.org/observations/121083720,"2023-07-17 09:42:05"
5766,115304,truebugs,genus,Neolygus,truebugs,0,0,3,0,https://www.inaturalist.org/observations/121083041,"2023-07-17 09:42:05"
5767,115263,fly,genus,Nephrotoma,fly,0,0,2,0,https://www.inaturalist.org/observations/121010503,"2023-07-17 09:42:05"
5768,115261,fly,genus,Macrodiplosis,fly,0,0,3,0,https://www.inaturalist.org/observations/121009780,"2023-07-17 09:42:05"
5769,115207,beetle,species,"Cyrtepistomus castaneus",beetle,0,0,3,0,https://www.inaturalist.org/observations/121004392,"2023-07-17 09:45:06"
5770,115196,spider,suborder,Araneomorphae,spider,0,0,2,0,https://www.inaturalist.org/observations/121000800,"2023-07-17 09:45:06"
5771,115193,spider,phylum,Arthropoda,spider,0,0,1,0,https://www.inaturalist.org/observations/120999788,"2023-07-17 09:45:06"
5772,115186,truebugs,family,Mordellidae,beetle,0,0,3,1,https://www.inaturalist.org/observations/120996967,"2023-07-17 09:45:06"
5773,115180,grasshopper,suborder,Ensifera,grasshopper,0,0,2,0,https://www.inaturalist.org/observations/120995710,"2023-07-17 09:45:06"
5774,115179,beetle,family,Chrysomelidae,beetle,0,0,2,0,https://www.inaturalist.org/observations/120995314,"2023-07-17 09:45:06"
5776,115173,daddylonglegs,class,Arachnida,spider,0,0,2,1,https://www.inaturalist.org/observations/120992551,"2023-07-17 09:45:06"
5777,115148,ant,species,"Prenolepis imparis",ant,0,0,3,0,https://www.inaturalist.org/observations/120972237,"2023-07-17 09:45:06"
5778,115133,fly,infraorder,Tipulomorpha,fly,0,0,2,0,https://www.inaturalist.org/observations/120969760,"2023-07-17 09:45:06"
5779,115103,fly,superfamily,Muscoidea,fly,0,0,2,0,https://www.inaturalist.org/observations/120968900,"2023-07-17 09:45:06"
5780,115102,fly,family,Chironomidae,fly,0,0,3,0,https://www.inaturalist.org/observations/120968545,"2023-07-17 09:45:06"
5781,115046,leafhopper,tribe,Gyponini,leafhopper,0,0,2,0,https://www.inaturalist.org/observations/120957930,"2023-07-17 09:48:05"
5782,114967,unidentified,kingdom,Animalia,Tricladida,0,0,1,0,https://www.inaturalist.org/observations/120949900,"2023-07-17 09:48:05"
5783,114947,spider,family,Theridiidae,spider,0,0,2,0,https://www.inaturalist.org/observations/120858401,"2023-07-17 09:48:05"
5784,114933,leafhopper,species,"Jikradia olitoria",leafhopper,0,0,2,0,https://www.inaturalist.org/observations/120848885,"2023-07-17 09:48:05"
5785,114929,beetle,subfamily,Eumolpinae,beetle,0,0,2,0,https://www.inaturalist.org/observations/120847403,"2023-07-17 09:48:05"
5786,114928,beetle,species,"Otiorhynchus raucus",beetle,0,0,2,0,https://www.inaturalist.org/observations/120846949,"2023-07-17 09:48:05"
5787,114925,beetle,subfamily,Eumolpinae,beetle,0,0,2,0,https://www.inaturalist.org/observations/120846544,"2023-07-17 09:48:05"
5788,114923,beetle,genus,Conotrachelus,beetle,0,0,2,0,https://www.inaturalist.org/observations/120845661,"2023-07-17 09:48:05"
5789,114922,beetle,species,"Calligrapha rowena",beetle,0,0,4,0,https://www.inaturalist.org/observations/120845205,"2023-07-17 09:48:05"
5790,114914,ant,complex,"Formica pallidefulva",ant,0,0,3,0,https://www.inaturalist.org/observations/120842392,"2023-07-17 09:48:05"
5791,114913,caterpillar,species,"Paraeschra georgica",caterpillar,0,0,3,0,https://www.inaturalist.org/observations/120842042,"2023-07-17 09:48:05"
5792,114907,ant,complex,"Formica fusca",ant,0,0,3,0,https://www.inaturalist.org/observations/120840188,"2023-07-17 09:48:05"
5793,114906,ant,genus,Formica,ant,0,0,2,0,https://www.inaturalist.org/observations/120839838,"2023-07-17 09:48:05"
5794,114905,spider,species,"Paraphidippus aurantius",spider,0,0,4,0,https://www.inaturalist.org/observations/120839490,"2023-07-17 09:48:05"
5795,114899,caterpillar,species,"Lymantria dispar",caterpillar,0,0,3,0,https://www.inaturalist.org/observations/120837926,"2023-07-17 09:48:05"
5796,114895,beetle,species,"Polydrusus formosus",beetle,0,0,2,0,https://www.inaturalist.org/observations/120836634,"2023-07-17 09:48:05"
5797,114893,beetle,species,"Harmonia axyridis",beetle,1,0,3,0,https://www.inaturalist.org/observations/120836105,"2023-07-17 09:48:05"
5798,114889,fly,family,Aphididae,aphid,0,0,3,1,https://www.inaturalist.org/observations/120834962,"2023-07-17 09:51:05"
5799,114886,truebugs,family,Miridae,truebugs,0,0,2,0,https://www.inaturalist.org/observations/120833869,"2023-07-17 09:51:05"
5800,114885,beetle,species,"Harmonia axyridis",beetle,0,0,4,0,https://www.inaturalist.org/observations/120833441,"2023-07-17 09:51:05"
5801,114884,fly,family,Sciaridae,fly,0,0,2,0,https://www.inaturalist.org/observations/120833067,"2023-07-17 09:51:05"
5802,114880,grasshopper,genus,Melanoplus,grasshopper,0,0,3,0,https://www.inaturalist.org/observations/120831764,"2023-07-17 09:51:05"
5803,114879,beetle,species,"Psyllobora vigintimaculata",beetle,0,0,4,0,https://www.inaturalist.org/observations/120831371,"2023-07-17 09:51:05"
5804,114877,ant,subgenus,Crematogaster,ant,0,0,2,0,https://www.inaturalist.org/observations/120830522,"2023-07-17 09:51:05"
5805,114873,ant,species,"Camponotus pennsylvanicus",ant,0,0,3,0,https://www.inaturalist.org/observations/120828919,"2023-07-17 09:51:05"
5806,114860,beetle,family,Elateridae,beetle,0,0,2,0,https://www.inaturalist.org/observations/120824512,"2023-07-17 09:51:05"
5807,114858,spider,class,Arachnida,spider,0,0,1,0,https://www.inaturalist.org/observations/120823710,"2023-07-17 09:51:05"
5808,114851,ant,genus,Formica,ant,0,0,2,0,https://www.inaturalist.org/observations/120821642,"2023-07-17 09:51:05"
5809,114848,beetle,family,Elateridae,beetle,0,0,2,0,https://www.inaturalist.org/observations/120820366,"2023-07-17 09:51:05"
5810,114847,spider,subclass,Acari,spider,0,0,1,0,https://www.inaturalist.org/observations/120819944,"2023-07-17 09:51:05"
5811,114843,beetle,family,Elateridae,beetle,0,0,2,0,https://www.inaturalist.org/observations/120818388,"2023-07-17 09:51:05"
5812,114841,other,subclass,Acari,spider,0,0,1,0,https://www.inaturalist.org/observations/120817894,"2023-07-17 09:51:05"
5813,114832,grasshopper,species,"Meconema thalassinum",grasshopper,0,0,4,0,https://www.inaturalist.org/observations/120815904,"2023-07-17 09:51:05"
5814,114830,ant,genus,Crematogaster,ant,0,0,2,0,https://www.inaturalist.org/observations/120815133,"2023-07-17 09:51:05"
5815,114829,spider,subclass,Acari,spider,0,0,1,0,https://www.inaturalist.org/observations/120814743,"2023-07-17 09:51:05"
5816,114828,spider,subclass,Acari,spider,0,0,1,0,https://www.inaturalist.org/observations/120814349,"2023-07-17 09:54:06"
5817,114817,bee,family,Eurytomidae,bee,0,0,2,0,https://www.inaturalist.org/observations/120813219,"2023-07-17 09:54:06"
5818,114816,beetle,genus,Rhagonycha,beetle,0,0,3,0,https://www.inaturalist.org/observations/120812841,"2023-07-17 09:54:06"
5819,114747,beetle,species,"Popillia japonica",beetle,0,0,3,0,https://www.inaturalist.org/observations/120806424,"2023-07-17 09:54:06"
5820,114739,unidentified,family,Tingidae,truebugs,0,0,1,0,https://www.inaturalist.org/observations/120806117,"2023-07-17 09:54:06"
5821,114735,unidentified,species,"Corythucha associata",truebugs,0,0,1,0,https://www.inaturalist.org/observations/120805830,"2023-07-17 09:54:06"
5822,114676,beetle,family,Coreidae,truebugs,0,0,4,1,https://www.inaturalist.org/observations/120747759,"2023-07-17 09:54:06"
5823,114674,leafhopper,genus,Haplaxius,leafhopper,0,0,3,0,https://www.inaturalist.org/observations/120747449,"2023-07-17 09:54:06"
5824,114671,fly,tribe,Dolichopodini,fly,0,0,4,0,https://www.inaturalist.org/observations/120747064,"2023-07-17 09:54:06"
5825,114655,truebugs,species,"Arilus cristatus",truebugs,0,0,3,0,https://www.inaturalist.org/observations/120726181,"2023-07-17 09:54:06"
5826,114654,spider,family,Thomisidae,spider,0,0,3,0,https://www.inaturalist.org/observations/120725868,"2023-07-17 09:54:06"
5827,114648,grasshopper,genus,Oecanthus,grasshopper,0,0,4,0,https://www.inaturalist.org/observations/120724461,"2023-07-17 09:54:06"
5828,114636,aphid,species,"Eucallipterus tiliae",aphid,0,0,5,1,https://www.inaturalist.org/observations/120718227,"2023-07-17 09:54:06"
5829,114632,beetle,genus,Anthrenus,beetle,0,0,3,0,https://www.inaturalist.org/observations/120717496,"2023-07-17 09:54:06"
5830,114629,truebugs,genus,Neolygus,truebugs,0,0,4,0,https://www.inaturalist.org/observations/120716846,"2023-07-17 09:54:06"
5831,114628,spider,species,"Misumessus oblongus",spider,0,0,4,0,https://www.inaturalist.org/observations/120706837,"2023-07-17 09:54:06"
5832,114626,leafhopper,suborder,Auchenorrhyncha,leafhopper,0,0,2,0,https://www.inaturalist.org/observations/120705840,"2023-07-17 09:54:06"
5833,114625,caterpillar,order,Lepidoptera,caterpillar,0,0,2,0,https://www.inaturalist.org/observations/120704978,"2023-07-17 09:54:06"
5834,114623,caterpillar,family,Geometridae,caterpillar,0,0,2,0,https://www.inaturalist.org/observations/120701362,"2023-07-17 09:54:06"
5835,114606,spider,genus,Colonus,spider,0,0,2,0,https://www.inaturalist.org/observations/120695297,"2023-07-17 09:54:06"
5836,114602,spider,genus,Neoscona,spider,0,0,4,0,https://www.inaturalist.org/observations/120694538,"2023-07-17 09:54:06"
5837,114596,beetle,family,Elateridae,beetle,0,0,3,0,https://www.inaturalist.org/observations/120691433,"2023-07-17 09:54:06"
5838,114587,leafhopper,family,Cicadellidae,leafhopper,0,0,2,0,https://www.inaturalist.org/observations/120688656,"2023-07-17 09:54:06"
5839,114581,beetle,family,Elateridae,beetle,0,0,3,0,https://www.inaturalist.org/observations/120688270,"2023-07-17 09:54:06"
5840,114580,fly,family,Lauxaniidae,fly,0,0,3,0,https://www.inaturalist.org/observations/120687838,"2023-07-17 09:54:06"
5841,114577,grasshopper,species,"Oecanthus niveus",grasshopper,0,0,3,0,https://www.inaturalist.org/observations/120687453,"2023-07-17 09:54:06"
5842,114574,caterpillar,order,Coleoptera,beetle,0,0,3,1,https://www.inaturalist.org/observations/120687046,"2023-07-17 09:54:06"
5843,114563,leafhopper,genus,Stictocephala,leafhopper,0,0,2,0,https://www.inaturalist.org/observations/120686304,"2023-07-17 09:54:06"
5844,114553,spider,species,"Phidippus putnami",spider,0,0,4,0,https://www.inaturalist.org/observations/120684476,"2023-07-17 09:54:06"
5845,114552,spider,subfamily,Salticinae,spider,0,0,2,0,https://www.inaturalist.org/observations/120684060,"2023-07-17 09:54:06"
5846,114551,leafhopper,genus,Stictocephala,leafhopper,0,0,2,0,https://www.inaturalist.org/observations/120683663,"2023-07-17 09:54:06"
5847,114528,beetle,species,"Mordellistena trifasciata",beetle,0,0,3,0,https://www.inaturalist.org/observations/120683159,"2023-07-17 09:54:06"
5848,114526,ant,species,"Camponotus castaneus",ant,0,0,4,0,https://www.inaturalist.org/observations/120682624,"2023-07-17 09:54:06"
5849,114525,spider,species,"Lyssomanes viridis",spider,0,0,4,0,https://www.inaturalist.org/observations/120682169,"2023-07-17 09:54:06"
5850,114518,truebugs,genus,Jalysus,truebugs,0,0,3,0,https://www.inaturalist.org/observations/120681266,"2023-07-17 09:57:05"
5851,114496,leafhopper,genus,Acanalonia,leafhopper,0,0,2,0,https://www.inaturalist.org/observations/120680893,"2023-07-17 09:57:05"
5852,114493,beetle,family,Chrysomelidae,beetle,0,0,3,0,https://www.inaturalist.org/observations/120680295,"2023-07-17 09:57:05"
5853,114484,caterpillar,family,Geometridae,caterpillar,0,0,2,0,https://www.inaturalist.org/observations/120679012,"2023-07-17 09:57:05"
5854,114480,truebugs,species,"Texocoris nigrellus",truebugs,0,0,3,0,https://www.inaturalist.org/observations/120678578,"2023-07-17 09:57:05"
5855,114475,leafhopper,species,"Thionia bullata",leafhopper,0,0,2,0,https://www.inaturalist.org/observations/120678199,"2023-07-17 09:57:05"
5856,114474,leafhopper,species,"Thionia quinquata",leafhopper,0,0,2,0,https://www.inaturalist.org/observations/120677754,"2023-07-17 09:57:05"
5857,114472,ant,subgenus,Crematogaster,ant,0,0,2,0,https://www.inaturalist.org/observations/120677189,"2023-07-17 09:57:05"
5858,114452,fly,suborder,Brachycera,fly,0,0,2,0,https://www.inaturalist.org/observations/120676441,"2023-07-17 09:57:05"
5859,114443,beetle,species,"Falsomordellistena hebraica",beetle,0,0,3,0,https://www.inaturalist.org/observations/120676057,"2023-07-17 09:57:05"
5860,114432,leafhopper,tribe,Nephesini,leafhopper,0,0,2,0,https://www.inaturalist.org/observations/120674699,"2023-07-17 09:57:05"
5861,114428,leafhopper,genus,Stictocephala,leafhopper,0,0,2,0,https://www.inaturalist.org/observations/120674325,"2023-07-17 09:57:05"
5862,114426,beetle,genus,Photuris,beetle,0,0,4,0,https://www.inaturalist.org/observations/120673467,"2023-07-17 09:57:05"
5863,114401,spider,tribe,Misumenini,spider,0,0,4,0,https://www.inaturalist.org/observations/120672563,"2023-07-17 09:57:05"
5864,114397,truebugs,species,"Texocoris nigrellus",truebugs,0,0,3,0,https://www.inaturalist.org/observations/120671751,"2023-07-17 09:57:05"
5865,114392,spider,family,Theridiidae,spider,0,0,2,0,https://www.inaturalist.org/observations/120670070,"2023-07-17 09:57:05"
5866,114385,beetle,family,Mordellidae,beetle,0,0,2,0,https://www.inaturalist.org/observations/120669292,"2023-07-17 09:57:05"
5867,114384,leafhopper,species,"Graphocephala versuta",leafhopper,0,0,5,0,https://www.inaturalist.org/observations/120668966,"2023-07-17 09:57:05"
5868,114383,ant,species,"Camponotus snellingi",ant,0,0,3,0,https://www.inaturalist.org/observations/120668615,"2023-07-17 09:57:05"
5869,114379,beetle,species,"Pseudoedophrys hilleri",beetle,0,0,2,0,https://www.inaturalist.org/observations/120668243,"2023-07-17 09:57:05"
5870,114371,fly,suborder,Nematocera,fly,0,0,2,0,https://www.inaturalist.org/observations/120667482,"2023-07-17 09:57:05"
5871,114370,truebugs,genus,Acanthocephala,truebugs,0,0,2,0,https://www.inaturalist.org/observations/120667125,"2023-07-17 09:57:05"
5872,114369,beetle,family,Elateridae,beetle,0,0,2,0,https://www.inaturalist.org/observations/120666813,"2023-07-17 09:57:05"
5873,114365,beetle,species,"Mordellistena trifasciata",beetle,0,0,3,0,https://www.inaturalist.org/observations/120666495,"2023-07-17 09:57:05"
5874,114364,beetle,species,"Cyrtepistomus castaneus",beetle,0,0,2,0,https://www.inaturalist.org/observations/120666159,"2023-07-17 09:57:05"
5875,114353,leafhopper,tribe,Nephesini,leafhopper,0,0,2,0,https://www.inaturalist.org/observations/120664924,"2023-07-17 09:57:05"
5876,114352,beetle,subfamily,Cryptocephalinae,beetle,0,0,2,0,https://www.inaturalist.org/observations/120664560,"2023-07-17 09:57:05"
5877,114348,truebugs,genus,Acanthocephala,truebugs,0,0,3,0,https://www.inaturalist.org/observations/120664105,"2023-07-17 09:57:05"
5878,114342,fly,complex,"Condylostylus caudatus",fly,0,0,3,0,https://www.inaturalist.org/observations/120663325,"2023-07-17 09:57:05"
5879,114340,beetle,species,"Cyrtepistomus castaneus",beetle,0,0,2,0,https://www.inaturalist.org/observations/120662992,"2023-07-17 09:57:05"
5880,114339,beetle,tribe,Mordellistenini,beetle,0,0,3,0,https://www.inaturalist.org/observations/120662625,"2023-07-17 09:57:05"
5881,114338,beetle,species,"Cyrtepistomus castaneus",beetle,0,0,2,0,https://www.inaturalist.org/observations/120662202,"2023-07-17 09:57:05"
5882,114337,beetle,species,"Cyrtepistomus castaneus",beetle,0,0,2,0,https://www.inaturalist.org/observations/120661880,"2023-07-17 09:57:05"
5883,114335,spider,species,"Micrathena gracilis",spider,0,0,4,0,https://www.inaturalist.org/observations/120661484,"2023-07-10 09:21:06"
5884,114319,caterpillar,family,Geometridae,caterpillar,0,0,2,0,https://www.inaturalist.org/observations/120593686,"2023-07-10 09:21:06"
5885,114318,beetle,family,Miridae,truebugs,0,0,4,1,https://www.inaturalist.org/observations/120593322,"2023-07-10 09:21:06"
5886,114310,spider,family,Anyphaenidae,spider,0,0,2,0,https://www.inaturalist.org/observations/120591466,"2023-07-10 09:21:06"
5887,114277,caterpillar,species,"Malacosoma disstria",caterpillar,0,0,3,0,https://www.inaturalist.org/observations/120584008,"2023-07-10 09:21:06"
5888,114274,beetle,species,"Harmonia axyridis",beetle,0,0,4,0,https://www.inaturalist.org/observations/120582955,"2023-07-10 09:21:06"
5889,114269,caterpillar,species,"Lymantria dispar",caterpillar,0,0,3,0,https://www.inaturalist.org/observations/120581136,"2023-07-10 09:24:05"
5890,114232,grasshopper,genus,Oecanthus,grasshopper,0,0,3,0,https://www.inaturalist.org/observations/120564923,"2023-07-10 09:24:05"
5891,114222,truebugs,genus,Neolygus,truebugs,0,0,3,0,https://www.inaturalist.org/observations/120562485,"2023-07-10 09:24:05"
5892,114217,ant,subgenus,Crematogaster,ant,0,0,2,0,https://www.inaturalist.org/observations/120561974,"2023-07-10 09:24:05"
5893,114216,ant,subgenus,Myrmentoma,ant,0,0,2,0,https://www.inaturalist.org/observations/120561553,"2023-07-10 09:24:05"
5894,114198,caterpillar,species,"Lymantria dispar",caterpillar,0,0,3,0,https://www.inaturalist.org/observations/120560688,"2023-07-10 09:24:05"
5895,114183,beetle,species,"Podabrus brevicollis",beetle,0,0,3,0,https://www.inaturalist.org/observations/120559516,"2023-07-10 09:24:05"
5896,114180,unidentified,order,Archaeognatha,Archaeognatha,0,0,2,0,https://www.inaturalist.org/observations/120559118,"2023-07-10 09:24:05"
5897,114176,beetle,species,"Harmonia axyridis",beetle,1,0,4,0,https://www.inaturalist.org/observations/120558277,"2023-07-10 09:24:05"
5898,114175,truebugs,order,Coleoptera,beetle,0,0,3,1,https://www.inaturalist.org/observations/120557754,"2023-07-10 09:24:05"
5899,114174,truebugs,order,Coleoptera,beetle,0,0,3,1,https://www.inaturalist.org/observations/120557357,"2023-07-10 09:24:05"
5900,114171,caterpillar,species,"Lymantria dispar",caterpillar,0,0,3,0,https://www.inaturalist.org/observations/120556806,"2023-07-10 09:24:05"
5901,114170,beetle,species,"Polydrusus formosus",beetle,0,0,4,0,https://www.inaturalist.org/observations/120556415,"2023-07-10 09:24:05"
5902,114169,spider,family,Dictynidae,spider,0,0,2,0,https://www.inaturalist.org/observations/120555963,"2023-07-10 09:24:05"
5903,114168,beetle,family,Coccinellidae,beetle,1,0,3,0,https://www.inaturalist.org/observations/120555543,"2023-07-10 09:24:05"
5904,114166,spider,genus,Neoscona,spider,0,0,3,0,https://www.inaturalist.org/observations/120554774,"2023-07-10 09:24:05"
5905,114164,truebugs,family,Curculionidae,beetle,0,0,5,1,https://www.inaturalist.org/observations/120554267,"2023-07-10 09:24:05"
5906,114162,caterpillar,species,"Lymantria dispar",caterpillar,0,0,3,0,https://www.inaturalist.org/observations/120553873,"2023-07-10 09:24:05"
5907,114161,truebugs,infraorder,Entelegynae,spider,0,0,5,1,https://www.inaturalist.org/observations/120553339,"2023-07-10 09:24:05"
5908,114154,caterpillar,species,"Lymantria dispar",caterpillar,0,0,3,0,https://www.inaturalist.org/observations/120551445,"2023-07-10 09:24:05"
5909,114153,spider,family,Araneidae,spider,0,0,2,0,https://www.inaturalist.org/observations/120551075,"2023-07-10 09:24:05"
5910,114151,truebugs,species,"Arilus cristatus",truebugs,0,0,3,0,https://www.inaturalist.org/observations/120550166,"2023-07-10 09:24:05"
5911,114141,beetle,species,"Harmonia axyridis",beetle,1,0,4,0,https://www.inaturalist.org/observations/120548593,"2023-07-10 09:24:05"
5912,114136,spider,genus,Theridion,spider,0,0,2,0,https://www.inaturalist.org/observations/120548238,"2023-07-10 09:24:05"
5913,114134,aphid,family,Aphididae,aphid,0,0,2,0,https://www.inaturalist.org/observations/120547761,"2023-07-10 09:24:05"
5914,114133,truebugs,genus,Kleidocerys,truebugs,0,0,2,0,https://www.inaturalist.org/observations/120547396,"2023-07-10 09:24:05"
5915,114131,beetle,genus,Hyperaspis,beetle,0,0,3,0,https://www.inaturalist.org/observations/120546991,"2023-07-10 09:24:05"
5916,114130,fly,suborder,Brachycera,fly,0,0,2,0,https://www.inaturalist.org/observations/120546472,"2023-07-10 09:24:05"
5917,114120,aphid,family,Aphididae,aphid,0,0,2,0,https://www.inaturalist.org/observations/120543380,"2023-07-10 09:24:05"
5918,114118,aphid,family,Aphididae,aphid,0,0,2,0,https://www.inaturalist.org/observations/120542848,"2023-07-10 09:27:05"
5919,114117,spider,genus,Synemosyna,spider,0,0,2,0,https://www.inaturalist.org/observations/120542431,"2023-07-10 09:27:05"
5920,114112,fly,suborder,Nematocera,fly,0,0,2,0,https://www.inaturalist.org/observations/120540606,"2023-07-10 09:27:05"
5921,114106,bee,family,Ichneumonidae,bee,0,0,3,0,https://www.inaturalist.org/observations/120537404,"2023-07-10 09:27:05"
5922,114104,beetle,species,"Phyllobius oblongus",beetle,0,0,3,0,https://www.inaturalist.org/observations/120535219,"2023-07-10 09:27:05"
5923,114103,caterpillar,species,"Lymantria dispar",caterpillar,0,0,3,0,https://www.inaturalist.org/observations/120534762,"2023-07-10 09:27:05"
5924,114102,beetle,species,"Phyllobius oblongus",beetle,0,0,2,0,https://www.inaturalist.org/observations/120534315,"2023-07-10 09:27:05"
5925,114101,caterpillar,species,"Lymantria dispar",caterpillar,0,0,3,0,https://www.inaturalist.org/observations/120533249,"2023-07-10 09:27:05"
5926,114099,beetle,species,"Psyllobora vigintimaculata",beetle,0,0,4,0,https://www.inaturalist.org/observations/120531939,"2023-07-10 09:27:05"
5927,114098,truebugs,species,"Gargaphia tiliae",truebugs,0,0,3,0,https://www.inaturalist.org/observations/120531477,"2023-07-10 09:27:05"
5928,114097,caterpillar,species,"Lymantria dispar",caterpillar,0,0,3,0,https://www.inaturalist.org/observations/120531012,"2023-07-10 09:27:05"
5929,114064,caterpillar,species,"Epimecis hortaria",caterpillar,0,0,3,0,https://www.inaturalist.org/observations/120508738,"2023-07-10 09:27:05"
5930,114049,other,species,"Calopteryx maculata",Odonata,0,0,3,0,https://www.inaturalist.org/observations/120507394,"2023-07-10 09:27:05"
5931,114023,unidentified,genus,Chrysoperla,Neuroptera,0,0,2,0,https://www.inaturalist.org/observations/120504342,"2023-07-10 09:27:05"
5932,113540,beetle,family,Coccinellidae,beetle,0,0,2,0,https://www.inaturalist.org/observations/120270557,"2023-07-10 09:27:05"
5933,112905,spider,genus,Neoscona,spider,0,0,2,0,https://www.inaturalist.org/observations/120268272,"2023-07-10 09:27:05"
5934,113576,spider,family,Philodromidae,spider,0,0,3,0,https://www.inaturalist.org/observations/120027619,"2023-07-10 09:30:07"
5935,113422,fly,suborder,Brachycera,fly,0,0,2,0,https://www.inaturalist.org/observations/120023720,"2023-07-10 09:30:07"
5936,113420,fly,species,"Condylostylus patibulatus",fly,0,0,3,0,https://www.inaturalist.org/observations/120023335,"2023-07-10 09:30:07"
5937,113403,fly,suborder,Nematocera,fly,0,0,2,0,https://www.inaturalist.org/observations/120023015,"2023-07-10 09:30:07"
5938,113369,beetle,species,"Harmonia axyridis",beetle,0,0,3,0,https://www.inaturalist.org/observations/120021337,"2023-07-10 09:30:07"
5939,113268,leafhopper,tribe,Ceresini,leafhopper,0,0,3,0,https://www.inaturalist.org/observations/120012957,"2023-07-10 09:33:05"
5940,113187,fly,tribe,Dolichopodini,fly,0,0,4,0,https://www.inaturalist.org/observations/120009532,"2023-07-10 09:33:05"
5941,113165,fly,family,Dolichopodidae,fly,0,0,4,0,https://www.inaturalist.org/observations/120008527,"2023-07-10 09:33:05"
5942,113159,fly,genus,Dolichopus,fly,0,0,4,0,https://www.inaturalist.org/observations/120008190,"2023-07-10 09:33:05"
5943,113157,fly,tribe,Dolichopodini,fly,0,0,4,0,https://www.inaturalist.org/observations/120007452,"2023-07-10 09:33:05"
5944,112689,fly,class,Insecta,fly,0,0,1,0,https://www.inaturalist.org/observations/119874823,"2023-07-10 09:36:08"
5945,112427,fly,suborder,Nematocera,fly,0,0,2,0,https://www.inaturalist.org/observations/119783075,"2023-07-10 09:39:05"
5946,112415,spider,family,Araneidae,spider,0,0,2,0,https://www.inaturalist.org/observations/119780502,"2023-07-10 09:39:05"
5947,112267,spider,family,Philodromidae,spider,0,0,2,0,https://www.inaturalist.org/observations/119740098,"2023-07-10 09:42:05"
5948,111666,leafhopper,order,Hemiptera,aphid,0,0,2,1,https://www.inaturalist.org/observations/119596011,"2023-07-10 09:45:05"
5949,111565,spider,genus,Wulfila,spider,0,0,2,0,https://www.inaturalist.org/observations/119589058,"2023-07-10 09:45:05"
5950,111399,moths,species,"Hermeuptychia sosybius",moths,0,0,4,0,https://www.inaturalist.org/observations/119476313,"2023-07-10 09:48:05"
5951,111374,spider,genus,Philodromus,spider,0,0,2,0,https://www.inaturalist.org/observations/119468391,"2023-07-10 09:48:05"
5952,111180,spider,family,Araneidae,spider,0,0,2,0,https://www.inaturalist.org/observations/119421643,"2023-07-10 09:54:05"
5953,111020,spider,family,Theridiidae,spider,0,0,2,0,https://www.inaturalist.org/observations/119072673,"2023-07-10 09:54:05"
5954,110858,spider,superfamily,Thomisoidea,spider,0,0,2,0,https://www.inaturalist.org/observations/118961992,"2023-07-10 09:54:05"
5955,110516,spider,family,Pisauridae,spider,0,0,2,0,https://www.inaturalist.org/observations/118928102,"2023-07-10 09:57:05"
5956,110225,caterpillar,subspecies,"Lymantria dispar dispar",caterpillar,0,0,3,0,https://www.inaturalist.org/observations/118833966,"2023-07-03 09:33:07"
5957,110158,spider,genus,Tetragnatha,spider,0,0,2,0,https://www.inaturalist.org/observations/118818050,"2023-07-03 09:36:06"
5958,109375,spider,species,"Araniella displicata",spider,0,0,2,0,https://www.inaturalist.org/observations/118552451,"2023-07-03 09:45:06"
5959,109071,spider,family,Araneidae,spider,0,0,2,0,https://www.inaturalist.org/observations/118522358,"2023-07-03 09:48:06"
5960,108904,spider,family,Anyphaenidae,spider,0,0,2,0,https://www.inaturalist.org/observations/118511862,"2023-07-03 09:51:05"
5961,108328,spider,family,Anyphaenidae,spider,0,0,2,0,https://www.inaturalist.org/observations/118360276,"2023-07-03 09:57:05"
5962,107609,fly,family,Rhagionidae,fly,0,0,2,0,https://www.inaturalist.org/observations/118334689,"2023-06-26 09:33:07"
5963,107581,leafhopper,genus,Telamona,leafhopper,0,0,3,0,https://www.inaturalist.org/observations/118333154,"2023-06-26 09:36:06"
5964,105716,fly,genus,Rhamphomyia,fly,0,0,3,0,https://www.inaturalist.org/observations/118182324,"2023-06-26 09:54:05"
5965,105485,fly,class,Insecta,fly,0,0,1,0,https://www.inaturalist.org/observations/118161169,"2023-06-26 09:57:06"
5966,104628,moths,subclass,Pterygota,moths,0,0,1,0,https://www.inaturalist.org/observations/95142977,"2023-06-19 09:30:07"
5967,93265,truebugs,family,Pentatomidae,truebugs,0,0,2,0,https://www.inaturalist.org/observations/84430722,"2023-05-29 09:51:06"
5968,92986,beetle,subfamily,Eumolpinae,beetle,0,0,2,0,https://www.inaturalist.org/observations/84303970,"2023-05-29 09:57:05"
5969,87870,beetle,family,Chrysomelidae,beetle,0,0,2,0,https://www.inaturalist.org/observations/81605714,"2023-05-08 09:54:05"
5970,73329,beetle,species,"Harmonia axyridis",beetle,1,0,2,0,https://www.inaturalist.org/observations/32589865,"2022-06-13 08:57:07"
5971,118495,unidentified,complex,"Enchenopa binotata",leafhopper,0,0,1,0,https://www.inaturalist.org/observations/122395828,"2023-07-24 09:36:09"
5972,118484,truebugs,species,"Acanthocephala terminalis",truebugs,0,0,3,0,https://www.inaturalist.org/observations/122312134,"2023-07-24 09:36:09"
5973,118482,caterpillar,suborder,Symphyta,bee,0,1,3,1,https://www.inaturalist.org/observations/122311336,"2023-07-24 09:36:09"
5974,118463,moths,species,"Blepharomastix ranalis",moths,0,0,3,0,https://www.inaturalist.org/observations/122303510,"2023-07-24 09:36:09"
5975,118460,beetle,family,Elateridae,beetle,0,0,2,0,https://www.inaturalist.org/observations/122303167,"2023-07-24 09:36:09"
5976,118444,beetle,genus,Rhagonycha,beetle,0,0,3,0,https://www.inaturalist.org/observations/122301056,"2023-07-24 09:36:09"
5977,118424,beetle,family,Elateridae,beetle,0,0,2,0,https://www.inaturalist.org/observations/122298084,"2023-07-24 09:36:09"
5978,115887,beetle,family,Mordellidae,beetle,0,0,2,0,https://www.inaturalist.org/observations/122297181,"2023-07-24 09:36:09"
5979,115883,beetle,family,Elateridae,beetle,0,0,2,0,https://www.inaturalist.org/observations/122296348,"2023-07-24 09:36:09"
5980,115892,beetle,species,"Chauliognathus marginatus",beetle,0,0,3,0,https://www.inaturalist.org/observations/122294477,"2023-07-24 09:36:09"
5981,116313,beetle,species,"Mordellistena liturata",beetle,0,0,3,0,https://www.inaturalist.org/observations/122292437,"2023-07-24 09:39:05"
5982,116336,bee,genus,Condylostylus,fly,0,0,5,1,https://www.inaturalist.org/observations/122289781,"2023-07-24 09:39:05"
5983,118418,beetle,tribe,Cryptocephalini,beetle,0,0,2,0,https://www.inaturalist.org/observations/122210439,"2023-07-24 09:39:05"
5984,118416,leafhopper,species,"Flatormenis proxima",leafhopper,0,0,4,0,https://www.inaturalist.org/observations/122210049,"2023-07-24 09:39:05"
5985,118394,spider,subfamily,Araneinae,spider,0,0,2,0,https://www.inaturalist.org/observations/122209193,"2023-07-24 09:39:05"
5986,118388,leafhopper,species,"Flatormenis proxima",leafhopper,0,0,2,0,https://www.inaturalist.org/observations/122208712,"2023-07-24 09:39:05"
5987,118375,grasshopper,subfamily,Phaneropterinae,grasshopper,0,0,2,0,https://www.inaturalist.org/observations/122207172,"2023-07-24 09:39:05"
5988,118355,leafhopper,species,"Japananus hyalinus",leafhopper,0,0,2,0,https://www.inaturalist.org/observations/122204495,"2023-07-24 09:39:05"
5989,118321,grasshopper,genus,Scudderia,grasshopper,0,0,3,0,https://www.inaturalist.org/observations/122201247,"2023-07-24 09:39:05"
5990,118320,spider,tribe,Misumenini,spider,0,0,3,0,https://www.inaturalist.org/observations/122200809,"2023-07-24 09:39:05"
5991,118319,fly,order,Odonata,Odonata,0,0,3,1,https://www.inaturalist.org/observations/122200494,"2023-07-24 09:39:05"
5992,118316,fly,complex,"Laphria canis",fly,0,0,3,0,https://www.inaturalist.org/observations/122200050,"2023-07-24 09:39:05"
5993,118313,beetle,species,"Mordellistena trifasciata",beetle,0,0,3,0,https://www.inaturalist.org/observations/122198656,"2023-07-24 09:39:05"
5994,118311,spider,family,Dictynidae,spider,0,0,2,0,https://www.inaturalist.org/observations/122197893,"2023-07-24 09:39:05"
5995,117947,fly,species,"Condylostylus patibulatus",fly,0,0,3,0,https://www.inaturalist.org/observations/122196065,"2023-07-24 09:42:05"
5996,117945,leafhopper,species,"Popillia japonica",beetle,0,0,4,1,https://www.inaturalist.org/observations/122195238,"2023-07-24 09:42:05"
5997,117931,fly,complex,"Condylostylus comatus",fly,0,0,3,0,https://www.inaturalist.org/observations/122192643,"2023-07-24 09:42:05"
5998,117991,fly,order,Opiliones,daddylonglegs,0,0,4,1,https://www.inaturalist.org/observations/122191912,"2023-07-24 09:42:05"
5999,118307,leafhopper,species,"Thionia bullata",leafhopper,0,0,2,0,https://www.inaturalist.org/observations/122190084,"2023-07-24 09:42:05"
6000,118280,grasshopper,order,Hemiptera,truebugs,0,0,3,1,https://www.inaturalist.org/observations/122188327,"2023-07-24 09:42:05"
6001,118275,fly,family,Chironomidae,fly,0,0,2,0,https://www.inaturalist.org/observations/122186423,"2023-07-24 09:42:05"
6002,118269,spider,superfamily,Araneoidea,spider,0,0,2,0,https://www.inaturalist.org/observations/122185305,"2023-07-24 09:42:05"
6003,118243,fly,genus,Homoneura,fly,0,0,3,0,https://www.inaturalist.org/observations/122182899,"2023-07-24 09:42:05"
6004,118234,truebugs,genus,Empicoris,truebugs,0,0,2,0,https://www.inaturalist.org/observations/122182147,"2023-07-24 09:42:05"
6005,118233,other,suborder,Hemerobiiformia,Neuroptera,0,0,2,0,https://www.inaturalist.org/observations/122181836,"2023-07-24 09:42:05"
6006,118232,grasshopper,subfamily,Trigonidiinae,grasshopper,0,0,2,0,https://www.inaturalist.org/observations/122181517,"2023-07-24 09:42:05"
6007,118221,leafhopper,species,"Thionia bullata",leafhopper,0,0,2,0,https://www.inaturalist.org/observations/122180820,"2023-07-24 09:42:05"
6008,118216,leafhopper,subgenus,Gyponana,leafhopper,0,0,2,0,https://www.inaturalist.org/observations/122180423,"2023-07-24 09:42:05"
6009,118214,spider,family,Anyphaenidae,spider,0,0,2,0,https://www.inaturalist.org/observations/122180052,"2023-07-24 09:42:05"
6010,118208,spider,species,"Verrucosa arenata",spider,0,0,3,0,https://www.inaturalist.org/observations/122178840,"2023-07-24 09:42:05"
6011,118205,other,genus,Anystis,Trombidiformes,0,0,1,0,https://www.inaturalist.org/observations/122178426,"2023-07-24 09:42:05"
6012,118203,ant,species,"Camponotus pennsylvanicus",ant,0,0,2,0,https://www.inaturalist.org/observations/122177600,"2023-07-24 09:45:06"
6013,118177,truebugs,genus,Sinea,truebugs,0,0,3,0,https://www.inaturalist.org/observations/122175044,"2023-07-24 09:45:06"
6014,118176,leafhopper,species,"Ormenoides venusta",leafhopper,0,0,3,0,https://www.inaturalist.org/observations/122174600,"2023-07-24 09:45:06"
6015,118165,leafhopper,species,"Flatormenis proxima",leafhopper,0,0,3,0,https://www.inaturalist.org/observations/122173795,"2023-07-24 09:45:06"
6016,118157,unidentified,order,Hemiptera,truebugs,0,0,1,0,https://www.inaturalist.org/observations/122173364,"2023-07-24 09:45:06"
6017,118151,spider,species,"Micrathena gracilis",spider,0,0,4,0,https://www.inaturalist.org/observations/122172511,"2023-07-24 09:45:06"
6018,118147,truebugs,species,"Hyaliodes harti",truebugs,0,0,3,0,https://www.inaturalist.org/observations/122172155,"2023-07-24 09:45:06"
6019,118144,other,genus,Anystis,Trombidiformes,0,0,1,0,https://www.inaturalist.org/observations/122171695,"2023-07-24 09:45:06"
6020,118143,ant,complex,"Formica neogagates",ant,0,0,3,0,https://www.inaturalist.org/observations/122171261,"2023-07-24 09:45:06"
6021,118141,spider,genus,Theridion,spider,0,0,3,0,https://www.inaturalist.org/observations/122170277,"2023-07-24 09:45:06"
6022,118136,spider,family,Theridiidae,spider,0,0,2,0,https://www.inaturalist.org/observations/122169121,"2023-07-24 09:45:06"
6023,118122,truebugs,genus,Acanthocephala,truebugs,0,0,2,0,https://www.inaturalist.org/observations/122168725,"2023-07-24 09:45:06"
6024,118104,ant,species,"Temnothorax curvispinosus",ant,0,0,2,0,https://www.inaturalist.org/observations/122167088,"2023-07-24 09:45:06"
6025,118102,other,order,Psocodea,Psocodea,0,0,3,1,https://www.inaturalist.org/observations/122166436,"2023-07-24 09:45:06"
6026,118082,daddylonglegs,species,"Leiobunum verrucosum",daddylonglegs,0,0,2,0,https://www.inaturalist.org/observations/122165413,"2023-07-24 09:45:06"
6027,118080,beetle,genus,Photuris,beetle,0,0,4,0,https://www.inaturalist.org/observations/122165048,"2023-07-24 09:45:06"
6028,118075,beetle,genus,Photinus,beetle,0,0,5,0,https://www.inaturalist.org/observations/122164358,"2023-07-24 09:45:06"
6029,118074,grasshopper,order,Hemiptera,truebugs,0,0,3,1,https://www.inaturalist.org/observations/122163956,"2023-07-24 09:45:06"
6030,118072,ant,complex,"Temnothorax schaumii",ant,0,0,2,0,https://www.inaturalist.org/observations/122163601,"2023-07-24 09:45:06"
6031,118071,fly,family,Chironomidae,fly,0,0,3,0,https://www.inaturalist.org/observations/122163313,"2023-07-24 09:45:06"
6032,118070,leafhopper,species,"Stictocephala militaris",leafhopper,0,0,2,0,https://www.inaturalist.org/observations/122162971,"2023-07-24 09:45:06"
6033,118065,unidentified,suborder,Heteroptera,truebugs,0,0,1,0,https://www.inaturalist.org/observations/122162650,"2023-07-24 09:45:06"
6034,118049,spider,genus,Philodromus,spider,0,0,2,0,https://www.inaturalist.org/observations/122161782,"2023-07-24 09:45:06"
6035,118048,ant,genus,Temnothorax,ant,0,0,2,0,https://www.inaturalist.org/observations/122161440,"2023-07-24 09:45:06"
6036,118042,leafhopper,species,"Ormenoides venusta",leafhopper,0,0,3,0,https://www.inaturalist.org/observations/122160714,"2023-07-24 09:45:06"
6037,118041,fly,family,Lauxaniidae,fly,0,0,3,0,https://www.inaturalist.org/observations/122160327,"2023-07-24 09:45:06"
6038,118039,ant,complex,"Formica fusca",ant,0,0,2,0,https://www.inaturalist.org/observations/122159652,"2023-07-24 09:45:06"
6039,118038,fly,order,Psocodea,Psocodea,0,0,3,1,https://www.inaturalist.org/observations/122159270,"2023-07-24 09:45:06"
6040,118037,other,genus,Anystis,Trombidiformes,0,0,1,0,https://www.inaturalist.org/observations/122158906,"2023-07-24 09:48:05"
6041,118036,leafhopper,family,Cicadellidae,leafhopper,0,0,2,0,https://www.inaturalist.org/observations/122158326,"2023-07-24 09:48:05"
6042,118023,ant,species,"Camponotus pennsylvanicus",ant,0,0,2,0,https://www.inaturalist.org/observations/122157668,"2023-07-24 09:48:05"
6043,118019,beetle,species,"Pseudoedophrys hilleri",beetle,0,0,3,0,https://www.inaturalist.org/observations/122156528,"2023-07-24 09:48:05"
6044,118010,unidentified,suborder,Heteroptera,truebugs,0,0,1,0,https://www.inaturalist.org/observations/122156241,"2023-07-24 09:48:05"
6045,118009,leafhopper,species,"Flatormenis proxima",leafhopper,0,0,3,0,https://www.inaturalist.org/observations/122155953,"2023-07-24 09:48:05"
6046,118000,ant,genus,Camponotus,ant,0,0,2,0,https://www.inaturalist.org/observations/122155638,"2023-07-24 09:48:05"
6047,117999,ant,subgenus,Crematogaster,ant,0,0,2,0,https://www.inaturalist.org/observations/122155314,"2023-07-24 09:48:05"
6048,117997,fly,genus,Chrysotus,fly,0,0,4,0,https://www.inaturalist.org/observations/122154738,"2023-07-24 09:48:05"
6049,117982,caterpillar,species,"Lymantria dispar",caterpillar,0,0,3,0,https://www.inaturalist.org/observations/122086847,"2023-07-24 09:48:05"
6050,117978,caterpillar,species,"Lymantria dispar",caterpillar,0,0,3,0,https://www.inaturalist.org/observations/122086502,"2023-07-24 09:48:05"
6051,117966,fly,genus,Acanalonia,leafhopper,0,0,5,0,https://www.inaturalist.org/observations/122085219,"2023-07-24 09:48:05"
6052,117962,other,genus,Ozyptila,spider,0,0,2,0,https://www.inaturalist.org/observations/122084559,"2023-07-24 09:48:05"
6053,117960,caterpillar,species,"Lymantria dispar",caterpillar,0,0,3,0,https://www.inaturalist.org/observations/122084310,"2023-07-24 09:48:05"
6054,117831,beetle,tribe,Mordellistenini,beetle,0,0,3,0,https://www.inaturalist.org/observations/122037612,"2023-07-24 09:48:05"
6055,117830,fly,zoosubsection,Calyptratae,fly,0,0,2,0,https://www.inaturalist.org/observations/122037166,"2023-07-24 09:48:05"
6058,117792,fly,infraorder,Culicomorpha,fly,0,0,2,0,https://www.inaturalist.org/observations/122034281,"2023-07-24 09:48:05"
6059,117788,beetle,family,Coccinellidae,beetle,1,0,2,0,https://www.inaturalist.org/observations/122033544,"2023-07-24 09:48:05"
6060,117771,grasshopper,genus,Oecanthus,grasshopper,0,0,3,0,https://www.inaturalist.org/observations/122032800,"2023-07-24 09:48:05"
6061,117740,beetle,species,"Harmonia axyridis",beetle,0,0,3,0,https://www.inaturalist.org/observations/122031053,"2023-07-24 09:48:05"
6062,117712,ant,subgenus,Myrmentoma,ant,0,0,3,0,https://www.inaturalist.org/observations/122029027,"2023-07-24 09:51:06"
6063,117703,fly,family,Lauxaniidae,fly,0,0,2,0,https://www.inaturalist.org/observations/122027944,"2023-07-24 09:51:06"
6064,117582,spider,genus,Anyphaena,spider,0,0,2,0,https://www.inaturalist.org/observations/122018461,"2023-07-24 09:51:06"
6065,117493,leafhopper,tribe,Gyponini,leafhopper,0,0,2,0,https://www.inaturalist.org/observations/122012072,"2023-07-24 09:51:06"
6066,117483,fly,suborder,Brachycera,fly,0,0,2,0,https://www.inaturalist.org/observations/122011779,"2023-07-24 09:51:06"
6067,117477,leafhopper,species,"Ormenoides venusta",leafhopper,0,0,2,0,https://www.inaturalist.org/observations/122011092,"2023-07-24 09:51:06"
6068,117476,grasshopper,species,"Phyllopalpus pulchellus",grasshopper,0,0,3,0,https://www.inaturalist.org/observations/122010723,"2023-07-24 09:51:06"
6069,117436,caterpillar,species,"Lymantria dispar",caterpillar,0,0,2,0,https://www.inaturalist.org/observations/121942698,"2023-07-24 09:51:06"
6070,117431,unidentified,species,"Lymantria dispar",caterpillar,0,0,1,0,https://www.inaturalist.org/observations/121941302,"2023-07-24 09:51:06"
6071,117429,caterpillar,subfamily,Erebinae,caterpillar,0,0,3,0,https://www.inaturalist.org/observations/121937396,"2023-07-24 09:51:06"
6072,117427,beetle,family,Ptilodactylidae,beetle,0,0,2,0,https://www.inaturalist.org/observations/121937095,"2023-07-24 09:51:06"
6073,117407,fly,family,Rhagionidae,fly,0,0,2,0,https://www.inaturalist.org/observations/121935696,"2023-07-24 09:51:06"
6074,117365,fly,family,Aphididae,aphid,0,0,3,1,https://www.inaturalist.org/observations/121930244,"2023-07-24 09:51:06"
6075,116352,beetle,subfamily,Eumolpinae,beetle,0,0,2,0,https://www.inaturalist.org/observations/121927386,"2023-07-24 09:51:06"
6076,116353,beetle,species,"Euphoria sepulcralis",beetle,0,0,3,0,https://www.inaturalist.org/observations/121926617,"2023-07-24 09:51:06"
6077,116358,beetle,species,"Harmonia axyridis",beetle,0,0,3,0,https://www.inaturalist.org/observations/121925841,"2023-07-24 09:51:06"
6078,116370,beetle,family,Elateridae,beetle,0,0,2,0,https://www.inaturalist.org/observations/121924656,"2023-07-24 09:51:06"
6079,116369,ant,species,"Camponotus castaneus",ant,0,0,3,0,https://www.inaturalist.org/observations/121924275,"2023-07-24 09:54:06"
6080,116377,beetle,species,"Chauliognathus marginatus",beetle,0,0,4,0,https://www.inaturalist.org/observations/121923599,"2023-07-24 09:54:06"
6081,117348,beetle,genus,Melanotus,beetle,0,0,3,0,https://www.inaturalist.org/observations/121922021,"2023-07-24 09:54:06"
6082,117347,caterpillar,genus,Lithophane,caterpillar,0,0,3,0,https://www.inaturalist.org/observations/121921523,"2023-07-24 09:54:06"
6083,117340,fly,tribe,Diaphorini,fly,0,0,3,0,https://www.inaturalist.org/observations/121918732,"2023-07-24 09:54:06"
6084,117338,beetle,genus,Brachys,beetle,0,0,3,0,https://www.inaturalist.org/observations/121917935,"2023-07-24 09:54:06"
6085,117336,ant,species,"Camponotus pennsylvanicus",ant,0,0,3,0,https://www.inaturalist.org/observations/121917590,"2023-07-24 09:54:06"
6086,117331,caterpillar,species,"Orgyia definita",caterpillar,0,0,3,0,https://www.inaturalist.org/observations/121917210,"2023-07-24 09:54:06"
6087,117326,fly,family,Chironomidae,fly,0,0,2,0,https://www.inaturalist.org/observations/121915988,"2023-07-24 09:54:06"
6088,117321,other,genus,Anystis,Trombidiformes,0,0,1,0,https://www.inaturalist.org/observations/121914000,"2023-07-24 09:54:06"
6089,117320,fly,superfamily,Chironomoidea,fly,0,0,2,0,https://www.inaturalist.org/observations/121913693,"2023-07-24 09:54:06"
6090,117316,caterpillar,species,"Lymantria dispar",caterpillar,0,0,3,0,https://www.inaturalist.org/observations/121913332,"2023-07-24 09:54:06"
6091,117314,ant,complex,"Formica neogagates",ant,0,0,2,0,https://www.inaturalist.org/observations/121912902,"2023-07-24 09:54:06"
6092,117313,beetle,species,"Eulechriops minuta",beetle,0,0,2,0,https://www.inaturalist.org/observations/121912436,"2023-07-24 09:54:06"
6093,117312,bee,suborder,Apocrita,bee,0,0,3,0,https://www.inaturalist.org/observations/121912039,"2023-07-24 09:54:06"
6094,117304,bee,superfamily,Chalcidoidea,bee,0,0,2,0,https://www.inaturalist.org/observations/121910254,"2023-07-24 09:54:06"
6095,117302,other,genus,Anystis,Trombidiformes,0,0,1,0,https://www.inaturalist.org/observations/121909547,"2023-07-24 09:54:06"
6096,117301,fly,subclass,Pterygota,beetle,0,0,2,1,https://www.inaturalist.org/observations/121909163,"2023-07-24 09:54:06"
6097,117291,bee,suborder,Apocrita,bee,0,0,3,0,https://www.inaturalist.org/observations/121907223,"2023-07-24 09:54:06"
6098,117289,moths,species,"Mathildana newmanella",moths,0,0,3,0,https://www.inaturalist.org/observations/121906431,"2023-07-24 09:54:06"
6099,117280,beetle,species,"Cyrtepistomus castaneus",beetle,0,0,3,0,https://www.inaturalist.org/observations/121903513,"2023-07-24 09:57:05"
6100,117276,fly,family,Chironomidae,fly,0,0,2,0,https://www.inaturalist.org/observations/121902417,"2023-07-24 09:57:05"
6101,117275,fly,tribe,Diaphorini,fly,0,0,3,0,https://www.inaturalist.org/observations/121902013,"2023-07-24 09:57:05"
6102,117270,fly,family,Cecidomyiidae,fly,0,0,2,0,https://www.inaturalist.org/observations/121901205,"2023-07-24 09:57:05"
6103,117265,fly,family,Rhagionidae,fly,0,0,2,0,https://www.inaturalist.org/observations/121895490,"2023-07-24 09:57:05"
6104,117260,spider,species,"Verrucosa arenata",spider,0,0,3,0,https://www.inaturalist.org/observations/121894704,"2023-07-24 09:57:05"
6105,117226,truebugs,species,"Zelus luridus",truebugs,0,0,2,0,https://www.inaturalist.org/observations/121887728,"2023-07-24 09:57:05"
6106,117206,beetle,family,Elateridae,beetle,0,0,2,0,https://www.inaturalist.org/observations/121885735,"2023-07-24 09:57:05"
6107,117204,caterpillar,family,Geometridae,caterpillar,0,0,2,0,https://www.inaturalist.org/observations/121885379,"2023-07-24 09:57:05"
6108,117200,spider,family,Araneidae,spider,0,0,4,0,https://www.inaturalist.org/observations/121884678,"2023-07-24 09:57:05"
6109,117197,grasshopper,species,"Neoxabea bipunctata",grasshopper,0,0,4,0,https://www.inaturalist.org/observations/121884014,"2023-07-24 09:57:05"
6110,117189,caterpillar,order,Lepidoptera,caterpillar,0,0,2,0,https://www.inaturalist.org/observations/121881529,"2023-07-24 09:57:05"
6111,117186,caterpillar,family,Geometridae,caterpillar,0,0,2,0,https://www.inaturalist.org/observations/121880762,"2023-07-24 09:57:05"
6112,117182,caterpillar,order,Lepidoptera,caterpillar,0,0,2,0,https://www.inaturalist.org/observations/121879003,"2023-07-24 09:57:05"
6113,117178,caterpillar,species,"Lymantria dispar",caterpillar,0,0,4,0,https://www.inaturalist.org/observations/121878660,"2023-07-24 09:57:05"
6114,117166,caterpillar,order,Lepidoptera,caterpillar,0,0,2,0,https://www.inaturalist.org/observations/121876366,"2023-07-24 09:57:05"
6115,117154,truebugs,species,"Menecles insertus",truebugs,0,0,3,0,https://www.inaturalist.org/observations/121875583,"2023-07-24 09:57:05"
6116,117151,bee,epifamily,Anthophila,bee,0,0,2,0,https://www.inaturalist.org/observations/121875224,"2023-07-24 09:57:05"
6117,117150,truebugs,species,"Zelus luridus",truebugs,0,0,3,0,https://www.inaturalist.org/observations/121874795,"2023-07-24 09:57:05"
6118,117142,unidentified,order,Psocodea,Psocodea,0,0,1,0,https://www.inaturalist.org/observations/121874474,"2023-07-24 09:57:05"
6119,117128,unidentified,genus,Chrysoperla,Neuroptera,0,0,2,0,https://www.inaturalist.org/observations/121873122,"2023-07-24 09:57:05"
6120,117125,leafhopper,tribe,Ceresini,leafhopper,0,0,2,0,https://www.inaturalist.org/observations/121872810,"2023-07-17 09:21:06"
6121,117100,beetle,species,"Harmonia axyridis",beetle,1,0,3,0,https://www.inaturalist.org/observations/121871503,"2023-07-17 09:21:06"
6122,117078,leafhopper,species,"Flatormenis proxima",leafhopper,0,0,4,0,https://www.inaturalist.org/observations/121870038,"2023-07-17 09:21:06"
6123,116905,caterpillar,species,"Lymantria dispar",caterpillar,0,0,3,0,https://www.inaturalist.org/observations/121755207,"2023-07-17 09:21:06"
6124,116850,leafhopper,species,"Japananus hyalinus",leafhopper,0,0,2,0,https://www.inaturalist.org/observations/121750613,"2023-07-17 09:21:06"
6125,116836,beetle,species,"Psyllobora vigintimaculata",beetle,0,0,3,0,https://www.inaturalist.org/observations/121749365,"2023-07-17 09:24:06"
6126,116833,other,family,Chrysopidae,Neuroptera,0,0,2,0,https://www.inaturalist.org/observations/121748597,"2023-07-17 09:24:06"
6127,116822,truebugs,family,Pentatomidae,truebugs,0,0,2,0,https://www.inaturalist.org/observations/121747789,"2023-07-17 09:24:06"
6128,116814,other,genus,Cariblatta,Blattodea,0,0,2,0,https://www.inaturalist.org/observations/121747352,"2023-07-17 09:24:06"
6129,116802,spider,species,"Lyssomanes viridis",spider,0,0,4,0,https://www.inaturalist.org/observations/121746380,"2023-07-17 09:24:06"
6130,116798,beetle,family,Mordellidae,beetle,0,0,2,0,https://www.inaturalist.org/observations/121745600,"2023-07-17 09:24:06"
6131,116797,spider,species,"Lyssomanes viridis",spider,0,0,4,0,https://www.inaturalist.org/observations/121745171,"2023-07-17 09:24:06"
6132,116789,leafhopper,species,"Acanalonia bivittata",leafhopper,0,0,2,0,https://www.inaturalist.org/observations/121744833,"2023-07-17 09:24:06"
6133,116788,leafhopper,species,"Flatormenis proxima",leafhopper,0,0,2,0,https://www.inaturalist.org/observations/121744528,"2023-07-17 09:24:06"
6134,116782,aphid,superfamily,Coccoidea,aphid,0,0,2,0,https://www.inaturalist.org/observations/121743686,"2023-07-17 09:24:06"
6135,116777,leafhopper,species,"Flatormenis proxima",leafhopper,0,0,2,0,https://www.inaturalist.org/observations/121743277,"2023-07-17 09:24:06"
6136,116776,leafhopper,species,"Thionia quinquata",leafhopper,0,0,3,0,https://www.inaturalist.org/observations/121742849,"2023-07-17 09:24:06"
6137,116775,ant,complex,"Formica fusca",ant,0,0,3,0,https://www.inaturalist.org/observations/121742512,"2023-07-17 09:24:06"
6138,116772,beetle,species,"Harmonia axyridis",beetle,1,0,3,0,https://www.inaturalist.org/observations/121741710,"2023-07-17 09:24:06"
6139,116762,leafhopper,species,"Jikradia olitoria",leafhopper,0,0,2,0,https://www.inaturalist.org/observations/121740851,"2023-07-17 09:24:06"
6140,116757,leafhopper,species,"Stictocephala militaris",leafhopper,0,0,3,0,https://www.inaturalist.org/observations/121740097,"2023-07-17 09:24:06"
6141,116755,other,genus,Micromus,Neuroptera,0,0,2,0,https://www.inaturalist.org/observations/121739701,"2023-07-17 09:24:06"
6142,116752,truebugs,family,Pentatomidae,truebugs,0,0,2,0,https://www.inaturalist.org/observations/121738704,"2023-07-17 09:24:06"
6143,116747,leafhopper,species,"Jikradia olitoria",leafhopper,0,0,2,0,https://www.inaturalist.org/observations/121737942,"2023-07-17 09:24:06"
6144,116742,beetle,species,"Harmonia axyridis",beetle,0,0,3,0,https://www.inaturalist.org/observations/121737203,"2023-07-17 09:24:06"
6145,116738,leafhopper,species,"Graphocephala coccinea",leafhopper,0,0,3,0,https://www.inaturalist.org/observations/121736884,"2023-07-17 09:24:06"
6146,116733,caterpillar,species,"Actias luna",caterpillar,0,0,2,0,https://www.inaturalist.org/observations/121736045,"2023-07-17 09:24:06"
6147,116728,beetle,subfamily,Agrilinae,beetle,0,0,2,0,https://www.inaturalist.org/observations/121735008,"2023-07-17 09:24:06"
6148,116722,leafhopper,species,"Thionia bullata",leafhopper,0,0,2,0,https://www.inaturalist.org/observations/121734017,"2023-07-17 09:24:06"
6149,116719,fly,family,Chironomidae,fly,0,0,2,0,https://www.inaturalist.org/observations/121733656,"2023-07-17 09:24:06"
6150,116714,spider,genus,Mecaphesa,spider,0,0,3,0,https://www.inaturalist.org/observations/121733034,"2023-07-17 09:24:06"
6151,116712,leafhopper,species,"Flatormenis proxima",leafhopper,0,0,2,0,https://www.inaturalist.org/observations/121732304,"2023-07-17 09:24:06"
6152,116711,leafhopper,species,"Agalliopsis ancistra",leafhopper,0,0,2,0,https://www.inaturalist.org/observations/121731922,"2023-07-17 09:24:06"
6153,116705,truebugs,genus,Empicoris,truebugs,0,0,3,0,https://www.inaturalist.org/observations/121731223,"2023-07-17 09:24:06"
6154,116694,beetle,species,"Pseudoedophrys hilleri",beetle,0,0,2,0,https://www.inaturalist.org/observations/121730488,"2023-07-17 09:27:06"
6155,116680,leafhopper,species,"Flatormenis proxima",leafhopper,0,0,2,0,https://www.inaturalist.org/observations/121729897,"2023-07-17 09:27:06"
6156,116676,leafhopper,species,"Flatormenis proxima",leafhopper,0,0,2,0,https://www.inaturalist.org/observations/121729240,"2023-07-17 09:27:06"
6157,116671,leafhopper,subgenus,Gyponana,leafhopper,0,0,2,0,https://www.inaturalist.org/observations/121728570,"2023-07-17 09:27:06"
6158,116669,beetle,species,"Cupes capitatus",beetle,0,0,3,0,https://www.inaturalist.org/observations/121728299,"2023-07-17 09:27:06"
6159,116652,beetle,species,"Polydrusus formosus",beetle,0,0,2,0,https://www.inaturalist.org/observations/121663249,"2023-07-17 09:27:06"
6160,116640,caterpillar,family,Geometridae,caterpillar,0,0,2,0,https://www.inaturalist.org/observations/121654181,"2023-07-17 09:27:06"
6161,116621,spider,species,"Wulfila albens",spider,0,0,2,0,https://www.inaturalist.org/observations/121650772,"2023-07-17 09:27:06"
6162,116613,caterpillar,species,"Ennomos subsignaria",caterpillar,0,0,3,0,https://www.inaturalist.org/observations/121650059,"2023-07-17 09:27:06"
6163,116600,caterpillar,subfamily,Erebinae,caterpillar,0,0,2,0,https://www.inaturalist.org/observations/121648619,"2023-07-17 09:27:06"
6164,116586,beetle,species,"Harmonia axyridis",beetle,1,0,3,0,https://www.inaturalist.org/observations/121640375,"2023-07-17 09:27:06"
6165,116585,moths,subfamily,Hesperiinae,moths,0,0,2,0,https://www.inaturalist.org/observations/121639644,"2023-07-17 09:27:06"
6166,116584,fly,species,"Compsobata univitta",fly,0,0,3,0,https://www.inaturalist.org/observations/121639340,"2023-07-17 09:27:06"
6167,116583,beetle,species,"Mordellina pustulata",beetle,0,0,3,0,https://www.inaturalist.org/observations/121638976,"2023-07-17 09:27:06"
6168,116581,fly,family,Chironomidae,fly,0,0,2,0,https://www.inaturalist.org/observations/121638259,"2023-07-17 09:27:06"
6169,116580,fly,family,Chironomidae,fly,0,0,2,0,https://www.inaturalist.org/observations/121637888,"2023-07-17 09:27:06"
6170,116578,beetle,species,"Harmonia axyridis",beetle,1,0,4,0,https://www.inaturalist.org/observations/121637067,"2023-07-17 09:27:06"
6171,116576,spider,family,Tetragnathidae,spider,0,0,2,0,https://www.inaturalist.org/observations/121636144,"2023-07-17 09:27:06"
6172,116545,caterpillar,species,"Lymantria dispar",caterpillar,0,0,3,0,https://www.inaturalist.org/observations/121634160,"2023-07-17 09:27:06"
6173,116537,ant,species,"Temnothorax curvispinosus",ant,0,0,2,0,https://www.inaturalist.org/observations/121630887,"2023-07-17 09:27:06"
6174,116532,beetle,species,"Otiorhynchus raucus",beetle,0,0,2,0,https://www.inaturalist.org/observations/121630049,"2023-07-17 09:27:06"
6175,116517,spider,family,Theridiidae,spider,0,0,2,0,https://www.inaturalist.org/observations/121626901,"2023-07-17 09:30:07"
6176,116505,beetle,species,"Otiorhynchus raucus",beetle,0,0,3,0,https://www.inaturalist.org/observations/121626083,"2023-07-17 09:30:07"
6177,116462,beetle,species,"Polydrusus impressifrons",beetle,0,0,2,0,https://www.inaturalist.org/observations/121624288,"2023-07-17 09:30:07"
6178,116461,spider,family,Theridiidae,spider,0,0,2,0,https://www.inaturalist.org/observations/121623981,"2023-07-17 09:30:07"
6179,116428,spider,family,Theridiidae,spider,0,0,2,0,https://www.inaturalist.org/observations/121620724,"2023-07-17 09:30:07"
6180,116390,other,suborder,Oniscidea,Isopoda,0,0,3,0,https://www.inaturalist.org/observations/121615668,"2023-07-17 09:30:07"
6181,116367,beetle,family,Elateridae,beetle,0,0,2,0,https://www.inaturalist.org/observations/121613414,"2023-07-17 09:30:07"
6182,116366,caterpillar,species,"Lymantria dispar",caterpillar,0,0,3,0,https://www.inaturalist.org/observations/121613006,"2023-07-17 09:30:07"
6183,116345,spider,family,Theridiidae,spider,0,0,2,0,https://www.inaturalist.org/observations/121611453,"2023-07-17 09:30:07"
6184,116308,spider,family,Theridiidae,spider,0,0,2,0,https://www.inaturalist.org/observations/121605045,"2023-07-17 09:30:07"
6185,116303,caterpillar,species,"Lymantria dispar",caterpillar,0,0,3,0,https://www.inaturalist.org/observations/121600462,"2023-07-17 09:30:07"
6186,116302,caterpillar,species,"Lymantria dispar",caterpillar,0,0,3,0,https://www.inaturalist.org/observations/121600085,"2023-07-17 09:30:07"
6187,116281,caterpillar,species,"Lymantria dispar",caterpillar,0,0,3,0,https://www.inaturalist.org/observations/121599206,"2023-07-17 09:30:07"
6188,116278,beetle,species,"Sciaphilus asperatus",beetle,0,0,2,0,https://www.inaturalist.org/observations/121598354,"2023-07-17 09:30:07"
6189,116277,spider,species,"Leucauge venusta",spider,0,0,2,0,https://www.inaturalist.org/observations/121597921,"2023-07-17 09:30:07"
6190,116276,caterpillar,species,"Lymantria dispar",caterpillar,0,0,3,0,https://www.inaturalist.org/observations/121597477,"2023-07-17 09:30:07"
6191,116273,beetle,species,"Phyllobius oblongus",beetle,0,0,3,0,https://www.inaturalist.org/observations/121597085,"2023-07-17 09:30:07"
6192,116264,caterpillar,genus,Dasychira,caterpillar,0,0,3,0,https://www.inaturalist.org/observations/121595823,"2023-07-17 09:30:07"
6193,116263,caterpillar,species,"Lymantria dispar",caterpillar,0,0,3,0,https://www.inaturalist.org/observations/121595440,"2023-07-17 09:33:06"
6194,116262,beetle,family,Chrysomelidae,beetle,0,0,2,0,https://www.inaturalist.org/observations/121595114,"2023-07-17 09:33:06"
6195,116258,caterpillar,species,"Lymantria dispar",caterpillar,0,0,3,0,https://www.inaturalist.org/observations/121594699,"2023-07-17 09:33:06"
6196,116256,ant,subgenus,Crematogaster,ant,0,0,2,0,https://www.inaturalist.org/observations/121594004,"2023-07-17 09:33:06"
6197,116255,beetle,species,"Phyllobius oblongus",beetle,0,0,2,0,https://www.inaturalist.org/observations/121593627,"2023-07-17 09:33:06"
6198,116250,caterpillar,species,"Lymantria dispar",caterpillar,0,0,3,0,https://www.inaturalist.org/observations/121593181,"2023-07-17 09:33:06"
6199,116249,spider,genus,Philodromus,spider,0,0,2,0,https://www.inaturalist.org/observations/121592777,"2023-07-17 09:33:06"
6200,116215,caterpillar,order,Lepidoptera,caterpillar,0,0,2,0,https://www.inaturalist.org/observations/121587022,"2023-07-17 09:33:06"
6201,116211,other,subfamily,Chrysopinae,Neuroptera,0,0,2,0,https://www.inaturalist.org/observations/121586623,"2023-07-17 09:33:06"
6202,116210,beetle,family,Elateridae,beetle,0,0,2,0,https://www.inaturalist.org/observations/121586260,"2023-07-17 09:33:06"
6203,116208,daddylonglegs,species,"Leiobunum vittatum",daddylonglegs,0,0,2,0,https://www.inaturalist.org/observations/121585892,"2023-07-17 09:33:06"
6204,116198,leafhopper,tribe,Nephesini,leafhopper,0,0,2,0,https://www.inaturalist.org/observations/121585472,"2023-07-17 09:33:06"
6205,116022,truebugs,species,"Arilus cristatus",truebugs,0,0,4,0,https://www.inaturalist.org/observations/121453442,"2023-07-17 09:33:06"
6206,115844,ant,genus,Camponotus,ant,0,0,2,0,https://www.inaturalist.org/observations/121229466,"2023-07-17 09:33:06"
6207,115696,beetle,species,"Cyrtepistomus castaneus",beetle,0,0,2,0,https://www.inaturalist.org/observations/121133104,"2023-07-17 09:36:05"
6208,115648,beetle,family,Chrysomelidae,beetle,0,0,2,0,https://www.inaturalist.org/observations/121123418,"2023-07-17 09:36:05"
6209,115642,truebugs,family,Reduviidae,truebugs,0,0,2,0,https://www.inaturalist.org/observations/121122616,"2023-07-17 09:36:05"
6210,115587,beetle,family,Elateridae,beetle,0,0,2,0,https://www.inaturalist.org/observations/121116794,"2023-07-17 09:36:05"
6211,115548,beetle,family,Elateridae,beetle,0,0,2,0,https://www.inaturalist.org/observations/121113301,"2023-07-17 09:39:05"
6212,115420,beetle,species,"Phyllobius oblongus",beetle,0,0,2,0,https://www.inaturalist.org/observations/121093359,"2023-07-17 09:42:05"
6213,115328,beetle,family,Chrysomelidae,beetle,0,0,2,0,https://www.inaturalist.org/observations/121085257,"2023-07-17 09:42:05"
6214,115268,leafhopper,species,"Ophiderma evelyna",leafhopper,0,0,3,0,https://www.inaturalist.org/observations/121012149,"2023-07-17 09:42:05"
6215,115210,beetle,species,"Pseudoedophrys hilleri",beetle,0,0,2,0,https://www.inaturalist.org/observations/121005527,"2023-07-17 09:45:06"
6216,115201,beetle,tribe,Cyphicerini,beetle,0,0,2,0,https://www.inaturalist.org/observations/121002391,"2023-07-17 09:45:06"
6217,115085,beetle,species,"Tolidomordella discoidea",beetle,0,0,3,0,https://www.inaturalist.org/observations/120967145,"2023-07-17 09:45:06"
6218,114095,beetle,species,"Phyllobius oblongus",beetle,0,0,2,0,https://www.inaturalist.org/observations/120529915,"2023-07-10 09:27:05"
6219,112872,fly,suborder,Sternorrhyncha,aphid,0,0,3,1,https://www.inaturalist.org/observations/120257112,"2023-07-10 09:27:05"
6220,121071,spider,genus,Tetragnatha,spider,0,0,2,0,https://www.inaturalist.org/observations/123518933,"2023-08-14 09:51:04"
6221,121025,bee,order,Diptera,fly,0,0,3,1,https://www.inaturalist.org/observations/123408794,"2023-08-14 09:51:04"
6222,121024,spider,species,"Lyssomanes viridis",spider,0,0,3,0,https://www.inaturalist.org/observations/123407223,"2023-08-14 09:51:04"
6223,120948,caterpillar,species,"Lymantria dispar",caterpillar,0,0,3,0,https://www.inaturalist.org/observations/123291857,"2022-07-11 01:00:11"
6224,120931,fly,suborder,Heteroptera,truebugs,0,0,4,1,https://www.inaturalist.org/observations/123280140,"2023-08-14 09:51:04"
6225,120930,fly,family,Rhagionidae,fly,0,0,2,0,https://www.inaturalist.org/observations/123279737,"2023-08-14 09:51:04"
6226,120786,fly,complex,"Condylostylus comatus",fly,0,0,3,0,https://www.inaturalist.org/observations/123272804,"2023-08-14 09:54:04"
6227,120781,ant,complex,"Monomorium minimum",ant,0,0,3,0,https://www.inaturalist.org/observations/123271547,"2023-08-14 09:54:04"
6228,120771,fly,order,Psocodea,Psocodea,0,0,3,1,https://www.inaturalist.org/observations/123270317,"2023-08-14 09:54:04"
6229,120761,beetle,genus,Photuris,beetle,0,0,3,0,https://www.inaturalist.org/observations/123267798,"2023-08-14 09:54:04"
6230,120760,caterpillar,species,"Lymantria dispar",caterpillar,0,0,3,0,https://www.inaturalist.org/observations/123267427,"2023-08-14 09:54:04"
6231,120750,beetle,species,"Cyrtepistomus castaneus",beetle,0,0,4,0,https://www.inaturalist.org/observations/123266671,"2023-08-14 09:54:04"
6232,120744,bee,suborder,Apocrita,bee,0,0,2,0,https://www.inaturalist.org/observations/123265866,"2023-08-14 09:54:04"
6233,120729,fly,family,Chironomidae,fly,0,0,3,0,https://www.inaturalist.org/observations/123264393,"2023-08-14 09:54:04"
6234,120727,beetle,family,Buprestidae,beetle,0,0,2,0,https://www.inaturalist.org/observations/123263706,"2023-08-14 09:54:04"
6235,120723,beetle,family,Coccinellidae,beetle,0,0,2,0,https://www.inaturalist.org/observations/123262444,"2023-08-14 09:54:04"
6236,120701,ant,complex,"Formica fusca",ant,0,0,2,0,https://www.inaturalist.org/observations/123258189,"2023-08-14 09:57:04"
6237,120691,ant,subgenus,Myrmentoma,ant,0,0,2,0,https://www.inaturalist.org/observations/123256451,"2023-08-14 09:57:04"
6238,120675,bee,family,Diapriidae,bee,0,0,3,0,https://www.inaturalist.org/observations/123253471,"2023-08-14 09:57:04"
6239,120671,ant,complex,"Formica fusca",ant,0,0,2,0,https://www.inaturalist.org/observations/123251952,"2023-08-14 09:57:04"
6240,120663,ant,genus,Camponotus,ant,0,0,2,0,https://www.inaturalist.org/observations/123250865,"2023-08-14 09:57:04"
6241,120658,leafhopper,species,"Flatormenis proxima",leafhopper,0,0,3,0,https://www.inaturalist.org/observations/123250507,"2023-08-14 09:57:04"
6242,120650,beetle,family,Elateridae,beetle,0,0,2,0,https://www.inaturalist.org/observations/123249952,"2023-08-14 09:57:04"
6243,120649,beetle,family,Mordellidae,beetle,0,0,2,0,https://www.inaturalist.org/observations/123249582,"2023-08-14 09:57:04"
6244,120642,leafhopper,species,"Flatormenis proxima",leafhopper,0,0,2,0,https://www.inaturalist.org/observations/123249179,"2023-08-14 09:57:04"
6245,120636,leafhopper,species,"Flatormenis proxima",leafhopper,0,0,3,0,https://www.inaturalist.org/observations/123248868,"2023-08-14 09:57:04"
6246,120609,caterpillar,species,"Acronicta americana",caterpillar,0,0,3,0,https://www.inaturalist.org/observations/123245499,"2023-08-14 09:57:04"
6247,120593,beetle,family,Elateridae,beetle,0,0,2,0,https://www.inaturalist.org/observations/123244100,"2023-08-14 09:57:04"
6248,120590,other,genus,Hemerobius,Neuroptera,0,0,3,0,https://www.inaturalist.org/observations/123243336,"2023-08-14 09:57:04"
6249,120580,beetle,family,Elateridae,beetle,0,0,2,0,https://www.inaturalist.org/observations/123242645,"2023-08-14 09:57:04"
6250,120577,bee,suborder,Apocrita,bee,0,0,3,0,https://www.inaturalist.org/observations/123241434,"2023-08-07 09:51:05"
6251,120574,ant,subfamily,Formicinae,ant,0,0,2,0,https://www.inaturalist.org/observations/123240671,"2023-08-07 09:51:05"
6252,120560,leafhopper,tribe,Nephesini,leafhopper,0,0,2,0,https://www.inaturalist.org/observations/123239868,"2023-08-07 09:51:05"
6253,120558,leafhopper,species,"Ormenoides venusta",leafhopper,0,0,3,0,https://www.inaturalist.org/observations/123239215,"2023-08-07 09:51:05"
6254,120555,fly,suborder,Brachycera,fly,0,0,2,0,https://www.inaturalist.org/observations/123238810,"2023-08-07 09:51:05"
6255,120548,beetle,species,"Leptoceletes basalis",beetle,0,0,4,0,https://www.inaturalist.org/observations/123236423,"2023-08-07 09:51:05"
6256,120528,ant,complex,"Formica neogagates",ant,0,0,2,0,https://www.inaturalist.org/observations/123234590,"2023-08-07 09:51:05"
6257,120517,beetle,family,Elateridae,beetle,0,0,2,0,https://www.inaturalist.org/observations/123230889,"2023-08-07 09:54:04"
6258,120512,spider,species,"Lyssomanes viridis",spider,0,0,4,0,https://www.inaturalist.org/observations/123230548,"2023-08-07 09:54:04"
6259,120504,beetle,species,"Mordellistena trifasciata",beetle,0,0,3,0,https://www.inaturalist.org/observations/123229859,"2023-08-07 09:54:04"
6260,120502,beetle,family,Elateridae,beetle,0,0,2,0,https://www.inaturalist.org/observations/123229211,"2023-08-07 09:54:04"
6261,120500,leafhopper,species,"Flatormenis proxima",leafhopper,0,0,2,0,https://www.inaturalist.org/observations/123228799,"2023-08-07 09:54:04"
6262,120499,leafhopper,subgenus,Gyponana,leafhopper,0,0,2,0,https://www.inaturalist.org/observations/123228490,"2023-08-07 09:54:04"
6263,120482,ant,genus,Temnothorax,ant,0,0,2,0,https://www.inaturalist.org/observations/123227786,"2023-08-07 09:54:04"
6264,120478,other,order,Thysanoptera,Thysanoptera,0,0,2,0,https://www.inaturalist.org/observations/123227097,"2023-08-07 09:54:04"
6265,120463,leafhopper,species,"Thionia bullata",leafhopper,0,0,2,0,https://www.inaturalist.org/observations/123225223,"2023-08-07 09:54:04"
6266,120456,ant,subgenus,Crematogaster,ant,0,0,2,0,https://www.inaturalist.org/observations/123223800,"2023-08-07 09:54:04"
6267,120454,fly,subclass,Pterygota,beetle,0,0,2,1,https://www.inaturalist.org/observations/123223151,"2023-08-07 09:54:04"
6269,120439,beetle,species,"Pseudoedophrys hilleri",beetle,0,0,3,0,https://www.inaturalist.org/observations/123219781,"2023-08-07 09:54:04"
6270,120409,ant,subgenus,Myrmentoma,ant,0,0,2,0,https://www.inaturalist.org/observations/123214898,"2023-08-07 09:54:04"
6271,120408,grasshopper,suborder,Ensifera,grasshopper,0,0,2,0,https://www.inaturalist.org/observations/123214570,"2023-08-07 09:54:04"
6272,120399,ant,family,Formicidae,ant,0,0,2,0,https://www.inaturalist.org/observations/123213257,"2023-08-07 09:57:05"
6273,120325,truebugs,superfamily,Curculionoidea,beetle,0,0,4,1,https://www.inaturalist.org/observations/123131012,"2023-08-07 09:57:05"
6274,120321,spider,family,Thomisidae,spider,0,0,3,0,https://www.inaturalist.org/observations/123130652,"2023-08-07 09:57:05"
6275,120316,fly,order,Psocodea,Psocodea,0,0,3,1,https://www.inaturalist.org/observations/123128889,"2023-08-07 09:57:05"
6276,120312,fly,order,Psocodea,Psocodea,0,0,3,1,https://www.inaturalist.org/observations/123127486,"2023-08-07 09:57:05"
6277,120304,ant,stateofmatter,Life,ant,0,0,1,0,https://www.inaturalist.org/observations/123125778,"2023-08-07 09:57:05"
6278,120303,leafhopper,family,Trigonidiidae,grasshopper,0,0,3,1,https://www.inaturalist.org/observations/123125461,"2023-08-07 09:57:05"
6279,120301,beetle,genus,Acanalonia,leafhopper,0,0,4,1,https://www.inaturalist.org/observations/123124673,"2023-08-07 09:57:05"
6280,120298,unidentified,suborder,Auchenorrhyncha,leafhopper,0,0,1,0,https://www.inaturalist.org/observations/123123761,"2023-08-07 09:57:05"
6281,120098,ant,phylum,Arthropoda,ant,0,0,1,0,https://www.inaturalist.org/observations/123108634,"2023-07-31 09:45:05"
6282,120091,ant,order,Psocodea,Psocodea,0,0,3,1,https://www.inaturalist.org/observations/123108182,"2023-07-31 09:45:05"
6283,120080,moths,family,Hemerobiidae,Neuroptera,0,0,4,1,https://www.inaturalist.org/observations/123107783,"2023-07-31 09:45:05"
6284,120068,spider,family,Salticidae,spider,0,0,2,0,https://www.inaturalist.org/observations/123106678,"2023-07-31 09:45:05"
6285,120024,moths,species,"Archips semiferanus",moths,0,0,3,0,https://www.inaturalist.org/observations/123090301,"2023-07-31 09:45:05"
6286,120015,leafhopper,species,"Acanalonia bivittata",leafhopper,0,0,3,0,https://www.inaturalist.org/observations/123089963,"2023-07-31 09:45:05"
6287,120008,caterpillar,family,Geometridae,caterpillar,0,0,2,0,https://www.inaturalist.org/observations/123089233,"2023-07-31 09:48:05"
6288,119976,unidentified,order,Lepidoptera,caterpillar,0,0,1,0,https://www.inaturalist.org/observations/123086905,"2023-07-31 09:48:05"
6289,119957,fly,zoosubsection,Calyptratae,fly,0,0,2,0,https://www.inaturalist.org/observations/123084685,"2023-07-31 09:48:05"
6290,119940,unidentified,genus,Palaminus,beetle,0,0,2,0,https://www.inaturalist.org/observations/123084014,"2023-07-31 09:48:05"
6291,119879,caterpillar,family,Geometridae,caterpillar,0,0,2,0,https://www.inaturalist.org/observations/123079846,"2023-07-31 09:48:05"
6292,119878,spider,subfamily,Salticinae,spider,0,0,2,0,https://www.inaturalist.org/observations/123079560,"2023-07-31 09:48:05"
6293,119858,leafhopper,species,"Ormenoides venusta",leafhopper,0,0,3,0,https://www.inaturalist.org/observations/123078094,"2023-07-31 09:48:05"
6294,119849,unidentified,genus,Acanalonia,leafhopper,0,0,1,0,https://www.inaturalist.org/observations/123016791,"2023-07-31 09:48:05"
6295,119844,unidentified,infraorder,Epidermaptera,Dermaptera,0,0,1,0,https://www.inaturalist.org/observations/123015541,"2023-07-31 09:48:05"
6296,119828,caterpillar,species,"Lymantria dispar",caterpillar,0,0,3,0,https://www.inaturalist.org/observations/123002981,"2023-07-31 09:48:05"
6297,119823,ant,complex,"Formica fusca",ant,0,0,3,0,https://www.inaturalist.org/observations/123002343,"2023-07-31 09:48:05"
6298,119819,truebugs,family,Lampyridae,beetle,0,0,5,1,https://www.inaturalist.org/observations/123001035,"2023-07-31 09:48:05"
6299,119800,fly,tribe,Diaphorini,fly,0,0,4,0,https://www.inaturalist.org/observations/122996096,"2023-07-31 09:48:05"
6300,119799,beetle,order,Thysanoptera,Thysanoptera,0,0,3,1,https://www.inaturalist.org/observations/122995828,"2023-07-31 09:48:05"
6301,119798,fly,family,Sciaridae,fly,0,0,3,0,https://www.inaturalist.org/observations/122995516,"2023-07-31 09:48:05"
6302,119796,fly,infraorder,Culicomorpha,fly,0,0,2,0,https://www.inaturalist.org/observations/122994525,"2023-07-31 09:48:05"
6303,119790,ant,complex,"Formica fusca",ant,0,0,2,0,https://www.inaturalist.org/observations/122993413,"2023-07-31 09:48:05"
6304,119788,caterpillar,genus,Acronicta,caterpillar,0,0,2,0,https://www.inaturalist.org/observations/122992758,"2023-07-31 09:48:05"
6305,119786,fly,superfamily,Sciaroidea,fly,0,0,2,0,https://www.inaturalist.org/observations/122992103,"2023-07-31 09:48:05"
6306,119766,beetle,species,"Cryptolaemus montrouzieri",beetle,0,0,3,0,https://www.inaturalist.org/observations/122988981,"2023-07-31 09:51:05"
6307,119755,ant,subgenus,Camponotus,ant,0,0,2,0,https://www.inaturalist.org/observations/122988296,"2023-07-31 09:51:05"
6308,110575,truebugs,species,"Arilus cristatus",truebugs,0,0,3,0,https://www.inaturalist.org/observations/122984636,"2023-07-31 09:51:05"
6309,110574,ant,subgenus,Myrmentoma,ant,0,0,4,0,https://www.inaturalist.org/observations/122984166,"2023-07-31 09:51:05"
6310,119739,fly,suborder,Brachycera,fly,0,0,2,0,https://www.inaturalist.org/observations/122983235,"2023-07-31 09:51:05"
6311,119738,other,genus,Anystis,Trombidiformes,0,0,1,0,https://www.inaturalist.org/observations/122982701,"2022-10-31 03:24:05"
6312,110623,beetle,species,"Anthaxia quercata",beetle,0,0,3,0,https://www.inaturalist.org/observations/122981279,"2023-07-31 09:51:05"
6313,110649,truebugs,species,"Leptoglossus oppositus",truebugs,0,0,3,0,https://www.inaturalist.org/observations/122979362,"2023-07-31 09:51:05"
6314,110658,spider,family,Thomisidae,spider,0,0,2,0,https://www.inaturalist.org/observations/122978339,"2023-07-31 09:51:05"
6315,110650,ant,family,Scelionidae,bee,0,0,4,1,https://www.inaturalist.org/observations/122977646,"2023-07-31 09:51:05"
6316,110656,beetle,species,"Harmonia axyridis",beetle,0,0,3,0,https://www.inaturalist.org/observations/122976411,"2023-07-31 09:51:05"
6317,110655,ant,species,"Camponotus nearcticus",ant,0,0,4,0,https://www.inaturalist.org/observations/122976023,"2023-07-31 09:51:05"
6318,119729,beetle,species,"Cyrtepistomus castaneus",beetle,0,0,2,0,https://www.inaturalist.org/observations/122975255,"2023-07-31 09:51:05"
6319,119728,ant,subgenus,Crematogaster,ant,0,0,3,0,https://www.inaturalist.org/observations/122974808,"2023-07-31 09:51:05"
6320,119727,ant,complex,"Formica fusca",ant,0,0,2,0,https://www.inaturalist.org/observations/122974413,"2023-07-31 09:51:05"
6321,119726,other,order,Psocodea,Psocodea,0,0,1,0,https://www.inaturalist.org/observations/122973997,"2023-07-31 09:51:05"
6322,119725,fly,suborder,Brachycera,fly,0,0,2,0,https://www.inaturalist.org/observations/122973670,"2023-07-31 09:51:05"
6323,119711,fly,subclass,Pterygota,Psocodea,0,0,3,1,https://www.inaturalist.org/observations/122970757,"2023-07-31 09:54:06"
6324,119709,caterpillar,genus,Profenusa,bee,0,1,1,0,https://www.inaturalist.org/observations/122969968,"2023-07-31 09:54:06"
6325,119702,grasshopper,species,"Meconema thalassinum",grasshopper,0,0,3,0,https://www.inaturalist.org/observations/122968822,"2023-07-31 09:54:06"
6326,119697,ant,subgenus,Crematogaster,ant,0,0,3,0,https://www.inaturalist.org/observations/122967974,"2023-07-31 09:54:06"
6327,119696,beetle,genus,Brachys,beetle,0,0,2,0,https://www.inaturalist.org/observations/122967614,"2023-07-31 09:54:06"
6328,119695,fly,genus,Chrysotus,fly,0,0,4,0,https://www.inaturalist.org/observations/122967226,"2023-07-31 09:54:06"
6329,119647,caterpillar,genus,Acronicta,caterpillar,0,0,2,0,https://www.inaturalist.org/observations/122961280,"2023-07-31 09:54:06"
6330,119620,unidentified,tribe,Coccinellini,beetle,1,0,2,0,https://www.inaturalist.org/observations/122957471,"2023-07-31 09:54:06"
6331,119613,ant,subgenus,Myrmentoma,ant,0,0,2,0,https://www.inaturalist.org/observations/122956137,"2023-07-31 09:54:06"
6332,119612,beetle,family,Elateridae,beetle,0,0,2,0,https://www.inaturalist.org/observations/122955793,"2023-07-31 09:54:06"
6333,119609,bee,subfamily,Nematinae,bee,0,1,3,0,https://www.inaturalist.org/observations/122954745,"2023-07-31 09:54:06"
6334,119598,beetle,superfamily,Elateroidea,beetle,0,0,2,0,https://www.inaturalist.org/observations/122952178,"2023-07-31 09:57:05"
6335,119590,spider,superfamily,Araneoidea,spider,0,0,3,0,https://www.inaturalist.org/observations/122951821,"2023-07-31 09:57:05"
6336,119580,unidentified,family,Mordellidae,beetle,0,0,1,0,https://www.inaturalist.org/observations/122951502,"2023-07-31 09:57:05"
6338,119566,beetle,species,"Pseudoedophrys hilleri",beetle,0,0,2,0,https://www.inaturalist.org/observations/122949127,"2023-07-31 09:57:05"
6339,119550,beetle,family,Lycidae,beetle,0,0,4,0,https://www.inaturalist.org/observations/122948764,"2023-07-31 09:57:05"
6340,119542,ant,genus,Formica,ant,0,0,2,0,https://www.inaturalist.org/observations/122947024,"2023-07-31 09:57:05"
6341,119540,beetle,species,"Harmonia axyridis",beetle,0,0,4,0,https://www.inaturalist.org/observations/122946337,"2023-07-31 09:57:05"
6342,119531,ant,species,"Prenolepis imparis",ant,0,0,3,0,https://www.inaturalist.org/observations/122945419,"2023-07-31 09:57:05"
6343,119524,truebugs,species,"Zelus luridus",truebugs,0,0,3,0,https://www.inaturalist.org/observations/122945087,"2023-07-31 09:57:05"
6344,119503,beetle,subfamily,Eumolpinae,beetle,0,0,2,0,https://www.inaturalist.org/observations/122943659,"2023-07-31 09:57:05"
6345,119492,leafhopper,species,"Rugosana querci",leafhopper,0,0,2,0,https://www.inaturalist.org/observations/122943334,"2023-07-31 09:57:05"
6346,119481,unidentified,suborder,Hemerobiiformia,Neuroptera,0,0,1,0,https://www.inaturalist.org/observations/122942972,"2023-07-31 09:57:05"
6347,119413,beetle,suborder,Hemerobiiformia,Neuroptera,0,0,3,1,https://www.inaturalist.org/observations/122877929,"2023-07-31 09:57:05"
6348,119407,unidentified,suborder,Auchenorrhyncha,leafhopper,0,0,1,0,https://www.inaturalist.org/observations/122877284,"2023-07-31 09:57:05"
6349,119405,beetle,family,Lampyridae,beetle,0,0,2,0,https://www.inaturalist.org/observations/122876663,"2023-07-31 09:57:05"
6350,119401,beetle,species,"Harmonia axyridis",beetle,1,0,3,0,https://www.inaturalist.org/observations/122875745,"2023-07-31 09:57:05"
6351,119376,bee,epifamily,Anthophila,bee,0,0,2,0,https://www.inaturalist.org/observations/122855266,"2023-07-31 09:57:05"
6352,119368,beetle,species,"Harmonia axyridis",beetle,0,0,3,0,https://www.inaturalist.org/observations/122853852,"2023-07-31 09:57:05"
6353,119367,beetle,species,"Harmonia axyridis",beetle,1,0,4,0,https://www.inaturalist.org/observations/122853497,"2023-07-31 09:57:05"
6354,119366,beetle,species,"Harmonia axyridis",beetle,0,0,3,0,https://www.inaturalist.org/observations/122853161,"2023-07-31 09:57:05"
6355,119364,beetle,genus,Anthrenus,beetle,0,0,2,0,https://www.inaturalist.org/observations/122852345,"2023-07-24 09:27:05"
6356,119334,caterpillar,family,Geometridae,caterpillar,0,0,2,0,https://www.inaturalist.org/observations/122837810,"2023-07-24 09:27:05"
6357,119170,caterpillar,species,"Lymantria dispar",caterpillar,0,0,3,0,https://www.inaturalist.org/observations/122835637,"2023-07-24 09:27:05"
6358,119162,caterpillar,species,"Lymantria dispar",caterpillar,0,0,3,0,https://www.inaturalist.org/observations/122835172,"2023-07-24 09:27:05"
6359,119159,caterpillar,family,Geometridae,caterpillar,0,0,2,0,https://www.inaturalist.org/observations/122834820,"2023-07-24 09:27:05"
6360,119154,beetle,subfamily,Eumolpinae,beetle,0,0,2,0,https://www.inaturalist.org/observations/122833673,"2023-07-24 09:27:05"
6361,119140,leafhopper,order,Hemiptera,aphid,0,0,2,1,https://www.inaturalist.org/observations/122832298,"2023-07-24 09:27:05"
6362,119139,beetle,subfamily,Eumolpinae,beetle,0,0,2,0,https://www.inaturalist.org/observations/122831843,"2023-07-24 09:27:05"
6363,119130,leafhopper,genus,Stictocephala,leafhopper,0,0,2,0,https://www.inaturalist.org/observations/122831424,"2023-07-24 09:27:05"
6364,119125,caterpillar,species,"Hypagyrtis unipunctata",caterpillar,0,0,2,0,https://www.inaturalist.org/observations/122830628,"2023-07-24 09:27:05"
6365,119124,beetle,species,"Popillia japonica",beetle,0,0,3,0,https://www.inaturalist.org/observations/122830260,"2023-07-24 09:27:05"
6366,119121,beetle,species,"Cyrtepistomus castaneus",beetle,0,0,3,0,https://www.inaturalist.org/observations/122828934,"2023-07-24 09:27:05"
6367,119118,beetle,species,"Brachystylus sayi",beetle,0,0,2,0,https://www.inaturalist.org/observations/122827715,"2023-07-24 09:27:05"
6368,119103,caterpillar,superfamily,Noctuoidea,caterpillar,0,0,2,0,https://www.inaturalist.org/observations/122826943,"2023-07-24 09:27:05"
6369,119098,spider,infraorder,Entelegynae,spider,0,0,2,0,https://www.inaturalist.org/observations/122826147,"2023-07-24 09:27:05"
6370,119094,beetle,family,Elateridae,beetle,0,0,2,0,https://www.inaturalist.org/observations/122825680,"2023-07-24 09:30:06"
6371,119093,beetle,species,"Paramordellaria triloba",beetle,0,0,3,0,https://www.inaturalist.org/observations/122825275,"2023-07-24 09:30:07"
6372,119092,spider,subfamily,Salticinae,spider,0,0,2,0,https://www.inaturalist.org/observations/122824945,"2023-07-24 09:30:07"
6373,119089,caterpillar,species,"Achatia distincta",caterpillar,0,0,3,0,https://www.inaturalist.org/observations/122823819,"2023-07-24 09:30:07"
6374,119069,leafhopper,tribe,Empoascini,leafhopper,0,0,2,0,https://www.inaturalist.org/observations/122822611,"2023-07-24 09:30:07"
6375,119068,beetle,species,"Mordellistena trifasciata",beetle,0,0,3,0,https://www.inaturalist.org/observations/122822252,"2023-07-24 09:30:07"
6376,119066,truebugs,genus,Acanthocephala,truebugs,0,0,2,0,https://www.inaturalist.org/observations/122821827,"2023-07-24 09:30:07"
6377,119060,leafhopper,species,"Flatormenis proxima",leafhopper,0,0,3,0,https://www.inaturalist.org/observations/122821362,"2023-07-24 09:30:07"
6378,119034,grasshopper,suborder,Ensifera,grasshopper,0,0,2,0,https://www.inaturalist.org/observations/122819377,"2023-07-24 09:30:07"
6379,119032,leafhopper,species,"Ormenoides venusta",leafhopper,0,0,3,0,https://www.inaturalist.org/observations/122818515,"2023-07-24 09:30:07"
6380,119031,leafhopper,species,"Metcalfa pruinosa",leafhopper,0,0,3,0,https://www.inaturalist.org/observations/122818162,"2023-07-24 09:30:07"
6381,119029,spider,family,Thomisidae,spider,0,0,3,0,https://www.inaturalist.org/observations/122817636,"2023-07-24 09:30:07"
6382,119027,leafhopper,species,"Flatormenis proxima",leafhopper,0,0,2,0,https://www.inaturalist.org/observations/122817128,"2023-07-24 09:30:07"
6383,119023,ant,complex,"Formica fusca",ant,0,0,3,0,https://www.inaturalist.org/observations/122816690,"2023-07-24 09:30:07"
6384,119022,other,genus,Micromus,Neuroptera,0,0,3,0,https://www.inaturalist.org/observations/122816198,"2023-07-24 09:30:07"
6385,119020,leafhopper,species,"Flatormenis proxima",leafhopper,0,0,2,0,https://www.inaturalist.org/observations/122815490,"2023-07-24 09:30:07"
6386,119016,caterpillar,family,Geometridae,caterpillar,0,0,3,0,https://www.inaturalist.org/observations/122815123,"2023-07-24 09:30:07"
6387,119015,caterpillar,family,Geometridae,caterpillar,0,0,2,0,https://www.inaturalist.org/observations/122814754,"2023-07-24 09:30:07"
6388,119005,caterpillar,superfamily,Noctuoidea,caterpillar,0,0,2,0,https://www.inaturalist.org/observations/122814249,"2023-07-24 09:30:07"
6389,119003,spider,family,Araneidae,spider,0,0,2,0,https://www.inaturalist.org/observations/122813826,"2023-07-24 09:30:07"
6390,118989,caterpillar,species,"Acronicta americana",caterpillar,0,0,3,0,https://www.inaturalist.org/observations/122811863,"2023-07-24 09:30:07"
6391,118986,leafhopper,species,"Ormenoides venusta",leafhopper,0,0,2,0,https://www.inaturalist.org/observations/122811479,"2023-07-24 09:30:07"
6392,118971,spider,genus,Mecaphesa,spider,0,0,3,0,https://www.inaturalist.org/observations/122810208,"2023-07-24 09:30:07"
6393,118948,caterpillar,species,"Acronicta americana",caterpillar,0,0,3,0,https://www.inaturalist.org/observations/122808784,"2023-07-24 09:30:07"
6394,118947,caterpillar,species,"Acronicta americana",caterpillar,0,0,3,0,https://www.inaturalist.org/observations/122808357,"2023-07-24 09:30:07"
6395,118942,caterpillar,species,"Hypagyrtis unipunctata",caterpillar,0,0,2,0,https://www.inaturalist.org/observations/122806792,"2023-07-24 09:30:07"
6396,118937,beetle,family,Elateridae,beetle,0,0,2,0,https://www.inaturalist.org/observations/122806422,"2023-07-24 09:30:07"
6397,118935,leafhopper,species,"Ormenoides venusta",leafhopper,0,0,2,0,https://www.inaturalist.org/observations/122805656,"2023-07-24 09:30:07"
6398,118908,beetle,species,"Cyrtepistomus castaneus",beetle,0,0,2,0,https://www.inaturalist.org/observations/122803480,"2023-07-24 09:33:05"
6399,118906,beetle,subfamily,Cryptocephalinae,beetle,0,0,2,0,https://www.inaturalist.org/observations/122802725,"2023-07-24 09:33:05"
6400,118901,leafhopper,species,"Ormenoides venusta",leafhopper,0,0,2,0,https://www.inaturalist.org/observations/122802450,"2023-07-24 09:33:05"
6401,118880,beetle,genus,Cryptocephalus,beetle,0,0,3,0,https://www.inaturalist.org/observations/122800332,"2023-07-24 09:33:05"
6402,118808,beetle,species,"Harmonia axyridis",beetle,0,0,4,0,https://www.inaturalist.org/observations/122691719,"2023-07-24 09:33:05"
6403,118806,leafhopper,tribe,Smiliini,leafhopper,0,0,3,0,https://www.inaturalist.org/observations/122690904,"2023-07-24 09:33:05"
6404,118797,truebugs,genus,Plagiognathus,truebugs,0,0,3,0,https://www.inaturalist.org/observations/122688732,"2023-07-24 09:33:05"
6405,118793,spider,genus,Philodromus,spider,0,0,2,0,https://www.inaturalist.org/observations/122686800,"2023-07-24 09:33:05"
6406,118789,grasshopper,species,"Meconema thalassinum",grasshopper,0,0,3,0,https://www.inaturalist.org/observations/122685851,"2023-07-24 09:33:05"
6407,118788,fly,family,Chironomidae,fly,0,0,2,0,https://www.inaturalist.org/observations/122685483,"2023-07-24 09:33:05"
6408,118784,grasshopper,genus,Oecanthus,grasshopper,0,0,4,0,https://www.inaturalist.org/observations/122683849,"2023-07-24 09:33:05"
6409,118782,spider,species,"Synemosyna formica",spider,0,0,2,0,https://www.inaturalist.org/observations/122683290,"2023-07-24 09:33:05"
6410,118776,spider,family,Dictynidae,spider,0,0,2,0,https://www.inaturalist.org/observations/122681132,"2023-07-24 09:33:05"
6411,118775,beetle,species,"Harmonia axyridis",beetle,1,0,3,0,https://www.inaturalist.org/observations/122680745,"2023-07-24 09:33:05"
6412,118766,caterpillar,family,Geometridae,caterpillar,0,0,2,0,https://www.inaturalist.org/observations/122659944,"2023-07-24 09:33:05"
6413,118746,truebugs,genus,Sinea,truebugs,0,0,3,0,https://www.inaturalist.org/observations/122651652,"2023-07-24 09:33:05"
6414,118739,ant,species,"Camponotus pennsylvanicus",ant,0,0,3,0,https://www.inaturalist.org/observations/122651214,"2023-07-24 09:33:05"
6415,118688,caterpillar,genus,Acronicta,caterpillar,0,0,2,0,https://www.inaturalist.org/observations/122648107,"2023-07-24 09:33:05"
6416,118680,other,family,Chrysopidae,Neuroptera,0,0,2,0,https://www.inaturalist.org/observations/122647372,"2023-07-24 09:36:07"
6417,118663,caterpillar,species,"Hypagyrtis unipunctata",caterpillar,0,0,2,0,https://www.inaturalist.org/observations/122646259,"2023-07-24 09:36:09"
6418,118645,beetle,family,Elateridae,beetle,0,0,2,0,https://www.inaturalist.org/observations/122645112,"2023-07-24 09:36:09"
6419,118565,caterpillar,species,"Cecrita guttivitta",caterpillar,0,0,3,0,https://www.inaturalist.org/observations/122640842,"2023-07-24 09:36:09"
6420,117948,fly,family,Buprestidae,beetle,0,0,3,1,https://www.inaturalist.org/observations/122196386,"2023-07-24 09:42:05"
6421,118309,fly,subclass,Pterygota,beetle,0,0,2,1,https://www.inaturalist.org/observations/122190418,"2023-07-24 09:42:05"
6422,118279,beetle,order,Thysanoptera,Thysanoptera,0,0,3,1,https://www.inaturalist.org/observations/122187924,"2023-07-24 09:42:05"
6423,118258,caterpillar,species,"Actias luna",caterpillar,0,0,3,0,https://www.inaturalist.org/observations/122183326,"2023-07-24 09:42:05"
6424,118113,unidentified,order,Psocodea,Psocodea,0,0,1,0,https://www.inaturalist.org/observations/122167872,"2023-07-24 09:45:06"
6425,117713,unidentified,suborder,Sternorrhyncha,aphid,0,0,1,0,https://www.inaturalist.org/observations/122029358,"2023-07-24 09:51:06"
6426,117694,spider,family,Thomisidae,spider,0,0,3,0,https://www.inaturalist.org/observations/122026696,"2023-07-24 09:51:06"
6427,117408,unidentified,species,"Verrucosa arenata",spider,0,0,2,0,https://www.inaturalist.org/observations/121936111,"2023-07-24 09:51:06"
6428,116241,caterpillar,species,"Halysidota harrisii",caterpillar,0,0,3,0,https://www.inaturalist.org/observations/121591165,"2023-07-17 09:33:06"
6429,114725,truebugs,family,Tingidae,truebugs,0,0,1,0,https://www.inaturalist.org/observations/120811041,"2023-07-17 09:54:06"
6430,112546,other,order,Lepidoptera,caterpillar,0,0,1,0,https://www.inaturalist.org/observations/119816912,"2023-07-10 09:36:08"
6431,111232,beetle,species,"Harmonia axyridis",beetle,1,0,3,0,https://www.inaturalist.org/observations/119432682,"2023-07-10 09:51:05"
6432,109749,bee,suborder,Symphyta,bee,0,1,1,0,https://www.inaturalist.org/observations/118697342,"2023-07-03 09:42:06"
6433,107524,fly,suborder,Nematocera,fly,0,0,2,0,https://www.inaturalist.org/observations/118329113,"2023-06-26 09:36:06"
6434,105816,fly,superfamily,Pentatomoidea,truebugs,0,0,3,1,https://www.inaturalist.org/observations/118190808,"2023-06-26 09:54:05"
6435,123055,grasshopper,suborder,Ensifera,grasshopper,0,0,2,0,https://www.inaturalist.org/observations/124424020,"2024-05-06 09:51:04"
6436,123034,other,infraorder,Epidermaptera,Dermaptera,0,0,2,0,https://www.inaturalist.org/observations/124410278,"2024-05-06 09:51:04"
6437,123033,caterpillar,subspecies,"Lymantria dispar dispar",caterpillar,0,0,3,0,https://www.inaturalist.org/observations/124409767,"2024-05-06 09:51:04"
6438,123032,truebugs,genus,Neolygus,truebugs,0,0,3,0,https://www.inaturalist.org/observations/124408798,"2024-05-06 09:51:04"
6439,123028,spider,genus,Philodromus,spider,0,0,3,0,https://www.inaturalist.org/observations/124397098,"2024-05-06 09:51:04"
6440,122985,caterpillar,family,Geometridae,caterpillar,0,0,2,0,https://www.inaturalist.org/observations/124303261,"2024-05-06 09:51:04"
6441,122983,caterpillar,family,Geometridae,caterpillar,0,0,2,0,https://www.inaturalist.org/observations/124302950,"2024-05-06 09:51:04"
6442,122951,unidentified,superfamily,Chalcidoidea,bee,0,0,2,0,https://www.inaturalist.org/observations/124302128,"2024-05-06 09:51:04"
6443,122898,unidentified,suborder,Ensifera,grasshopper,0,0,1,0,https://www.inaturalist.org/observations/124301873,"2024-05-06 09:51:04"
6444,122894,grasshopper,suborder,Ensifera,grasshopper,0,0,2,0,https://www.inaturalist.org/observations/124301537,"2024-05-06 09:51:04"
6445,122870,beetle,subfamily,Eumolpinae,beetle,0,0,2,0,https://www.inaturalist.org/observations/124300268,"2024-05-06 09:51:04"
6446,122865,fly,suborder,Nematocera,fly,0,0,2,0,https://www.inaturalist.org/observations/124299577,"2024-05-06 09:51:04"
6447,122864,fly,family,Chironomidae,fly,0,0,3,0,https://www.inaturalist.org/observations/124299289,"2024-05-06 09:51:04"
6448,122862,fly,zoosubsection,Calyptratae,fly,0,0,2,0,https://www.inaturalist.org/observations/124298566,"2024-05-06 09:54:04"
6449,122855,beetle,family,Elateridae,beetle,0,0,2,0,https://www.inaturalist.org/observations/124297680,"2024-05-06 09:54:04"
6450,122854,fly,genus,Gymnopternus,fly,0,0,4,0,https://www.inaturalist.org/observations/124297323,"2024-05-06 09:54:04"
6451,122853,fly,superfamily,Sciaroidea,fly,0,0,2,0,https://www.inaturalist.org/observations/124297023,"2024-05-06 09:54:04"
6452,122819,ant,complex,"Formica fusca",ant,0,0,2,0,https://www.inaturalist.org/observations/124292033,"2024-05-06 09:54:04"
6453,122818,beetle,family,Elateridae,beetle,0,0,2,0,https://www.inaturalist.org/observations/124291673,"2024-05-06 09:54:04"
6454,122815,leafhopper,species,"Flatormenis proxima",leafhopper,0,0,4,0,https://www.inaturalist.org/observations/124291290,"2024-05-06 09:54:04"
6455,122805,beetle,family,Mordellidae,beetle,0,0,2,0,https://www.inaturalist.org/observations/124290529,"2024-05-06 09:54:04"
6457,122799,spider,species,"Lyssomanes viridis",spider,0,0,4,0,https://www.inaturalist.org/observations/124289153,"2024-05-06 09:54:04"
6458,122792,bee,superfamily,Ichneumonoidea,bee,0,0,3,0,https://www.inaturalist.org/observations/124288742,"2024-05-06 09:54:04"
6459,122791,bee,superfamily,Chalcidoidea,bee,0,0,2,0,https://www.inaturalist.org/observations/124288330,"2024-05-06 09:54:04"
6460,122790,ant,complex,"Formica fusca",ant,0,0,3,0,https://www.inaturalist.org/observations/124287882,"2024-05-06 09:54:04"
6461,122788,beetle,genus,Contacyphon,beetle,0,0,3,0,https://www.inaturalist.org/observations/124286947,"2024-05-06 09:54:04"
6462,122787,beetle,family,Mordellidae,beetle,0,0,2,0,https://www.inaturalist.org/observations/124286617,"2024-05-06 09:54:04"
6463,122772,bee,family,Formicidae,bee,0,0,2,1,https://www.inaturalist.org/observations/124285829,"2024-05-06 09:54:04"
6464,122765,fly,infraorder,Bibionomorpha,fly,0,0,2,0,https://www.inaturalist.org/observations/124285431,"2024-05-06 09:54:04"
6465,122764,other,order,Thysanoptera,Thysanoptera,0,0,1,0,https://www.inaturalist.org/observations/124285008,"2022-12-19 02:36:07"
6466,122763,beetle,species,"Mordella marginata",beetle,0,0,3,0,https://www.inaturalist.org/observations/124284513,"2024-05-06 09:54:04"
6467,122761,bee,family,Bethylidae,bee,0,0,2,0,https://www.inaturalist.org/observations/124283731,"2024-05-06 09:54:04"
6468,122760,beetle,genus,Rhagonycha,beetle,0,0,3,0,https://www.inaturalist.org/observations/124283302,"2024-05-06 09:54:04"
6469,122752,beetle,family,Mordellidae,beetle,0,0,2,0,https://www.inaturalist.org/observations/124280999,"2024-05-06 09:54:04"
6470,122750,fly,zoosubsection,Calyptratae,fly,0,0,2,0,https://www.inaturalist.org/observations/124280267,"2024-05-06 09:54:04"
6471,122745,caterpillar,family,Geometridae,caterpillar,0,0,2,0,https://www.inaturalist.org/observations/124279233,"2024-05-06 09:54:04"
6472,122736,beetle,family,Elateridae,beetle,0,0,2,0,https://www.inaturalist.org/observations/124278420,"2024-05-06 09:57:04"
6473,122735,beetle,family,Elateridae,beetle,0,0,2,0,https://www.inaturalist.org/observations/124278082,"2024-05-06 09:57:04"
6474,122730,spider,family,Theridiidae,spider,0,0,2,0,https://www.inaturalist.org/observations/124277193,"2022-09-05 02:27:04"
6475,122729,spider,species,"Paraphidippus aurantius",spider,0,0,3,0,https://www.inaturalist.org/observations/124276621,"2024-05-06 09:57:04"
6476,122725,fly,family,Chironomidae,fly,0,0,2,0,https://www.inaturalist.org/observations/124276139,"2024-05-06 09:57:04"
6477,122712,leafhopper,species,"Flatormenis proxima",leafhopper,0,0,4,0,https://www.inaturalist.org/observations/124275077,"2024-05-06 09:57:04"
6478,122695,beetle,family,Elateridae,beetle,0,0,2,0,https://www.inaturalist.org/observations/124273327,"2024-05-06 09:57:04"
6479,122694,beetle,species,"Pseudocneorhinus bifasciatus",beetle,0,0,3,0,https://www.inaturalist.org/observations/124272935,"2024-05-06 09:57:04"
6480,122692,beetle,species,"Pseudocneorhinus bifasciatus",beetle,0,0,2,0,https://www.inaturalist.org/observations/124272544,"2024-05-06 09:57:04"
6481,122686,bee,superfamily,Chalcidoidea,bee,0,0,2,0,https://www.inaturalist.org/observations/124270671,"2024-05-06 09:57:04"
6482,122683,spider,family,Thomisidae,spider,0,0,4,0,https://www.inaturalist.org/observations/124269972,"2024-05-06 09:57:04"
6483,122654,bee,family,Braconidae,bee,0,0,2,0,https://www.inaturalist.org/observations/124265803,"2024-05-06 09:57:04"
6484,122625,ant,complex,"Formica fusca",ant,0,0,4,0,https://www.inaturalist.org/observations/124262309,"2024-05-06 09:57:04"
6485,122614,beetle,family,Mordellidae,beetle,0,0,2,0,https://www.inaturalist.org/observations/124259845,"2024-05-06 09:57:04"
6486,122608,beetle,family,Elateridae,beetle,0,0,2,0,https://www.inaturalist.org/observations/124258294,"2024-04-29 09:57:04"
6487,122583,ant,genus,Camponotus,ant,0,0,2,0,https://www.inaturalist.org/observations/124254026,"2024-04-29 09:57:04"
6488,122575,beetle,family,Elateridae,beetle,0,0,2,0,https://www.inaturalist.org/observations/124251101,"2024-04-29 09:57:04"
6489,122558,beetle,family,Elateridae,beetle,0,0,2,0,https://www.inaturalist.org/observations/124248102,"2024-04-29 09:57:04"
6490,122551,grasshopper,genus,Melanoplus,grasshopper,0,0,2,0,https://www.inaturalist.org/observations/124245781,"2024-04-29 09:57:04"
6491,122540,beetle,genus,Bassareus,beetle,0,0,3,0,https://www.inaturalist.org/observations/124245194,"2024-04-29 09:57:04"
6492,122538,beetle,species,"Cycloneda munda",beetle,0,0,4,0,https://www.inaturalist.org/observations/124244841,"2024-04-22 09:57:06"
6493,122537,beetle,species,"Pseudoedophrys hilleri",beetle,0,0,2,0,https://www.inaturalist.org/observations/124244509,"2024-04-22 09:57:06"
6494,122527,spider,family,Dictynidae,spider,0,0,2,0,https://www.inaturalist.org/observations/124242372,"2024-04-22 09:57:06"
6495,122520,beetle,subfamily,Eumolpinae,beetle,0,0,2,0,https://www.inaturalist.org/observations/124241206,"2024-04-22 09:57:06"
6496,122510,beetle,species,"Pseudoedophrys hilleri",beetle,0,0,3,0,https://www.inaturalist.org/observations/124240608,"2024-04-22 09:57:06"
6497,122453,beetle,order,Coleoptera,beetle,0,0,2,0,https://www.inaturalist.org/observations/124193002,"2024-04-22 09:57:06"
6498,122451,beetle,species,"Oncometopia orbona",leafhopper,0,0,4,1,https://www.inaturalist.org/observations/124192722,"2024-04-22 09:57:06"
6499,122414,spider,suborder,Araneomorphae,spider,0,0,2,0,https://www.inaturalist.org/observations/124191882,"2024-04-22 09:57:06"
6500,122380,fly,family,Salticidae,spider,0,0,3,1,https://www.inaturalist.org/observations/124191216,"2024-04-22 09:57:06"
6501,122424,fly,complex,"Condylostylus comatus",fly,0,0,3,0,https://www.inaturalist.org/observations/124188850,"2024-04-15 09:57:04"
6502,122423,beetle,species,"Popillia japonica",beetle,0,0,3,0,https://www.inaturalist.org/observations/124188570,"2024-04-15 09:57:04"
6503,122377,beetle,family,Scarabaeidae,beetle,0,0,2,0,https://www.inaturalist.org/observations/124188311,"2024-04-15 09:57:04"
6504,122362,caterpillar,genus,Asterocampa,caterpillar,0,0,3,0,https://www.inaturalist.org/observations/124185009,"2024-04-08 09:57:04"
6505,122493,ant,family,Cleridae,beetle,0,0,5,1,https://www.inaturalist.org/observations/124171955,"2024-04-08 09:57:04"
6507,122489,ant,family,Membracidae,leafhopper,0,0,4,1,https://www.inaturalist.org/observations/124170337,"2024-04-08 09:57:04"
6508,122464,leafhopper,genus,Acanalonia,leafhopper,0,0,2,0,https://www.inaturalist.org/observations/124159836,"2023-11-13 09:57:05"
6509,122419,beetle,family,Chrysomelidae,beetle,0,0,2,0,https://www.inaturalist.org/observations/124154450,"2023-11-13 09:57:05"
6510,124917,fly,stateofmatter,Life,fly,0,0,1,0,https://www.inaturalist.org/observations/125349550,"2024-05-13 09:42:04"
6511,124913,fly,subclass,Pterygota,Psocodea,0,0,2,1,https://www.inaturalist.org/observations/125348406,"2024-05-13 09:42:04"
6512,124910,ant,complex,"Formica fusca",ant,0,0,2,0,https://www.inaturalist.org/observations/125348005,"2024-05-13 09:42:04"
6513,124882,bee,superfamily,Ichneumonoidea,bee,0,0,2,0,https://www.inaturalist.org/observations/125343455,"2024-05-13 09:42:04"
6514,124865,bee,family,Ichneumonidae,bee,0,0,2,0,https://www.inaturalist.org/observations/125339091,"2024-05-13 09:42:04"
6515,124856,fly,genus,Gymnopternus,fly,0,0,4,0,https://www.inaturalist.org/observations/125336450,"2024-05-13 09:42:04"
6516,124817,caterpillar,family,Gracillariidae,caterpillar,0,0,2,0,https://www.inaturalist.org/observations/125331994,"2024-05-13 09:45:04"
6517,124811,beetle,genus,Rhagonycha,beetle,0,0,3,0,https://www.inaturalist.org/observations/125329955,"2024-05-13 09:45:04"
6518,124807,caterpillar,family,Noctuidae,caterpillar,0,0,2,0,https://www.inaturalist.org/observations/125328936,"2024-05-13 09:45:04"
6519,124793,caterpillar,species,"Acronicta americana",caterpillar,0,0,3,0,https://www.inaturalist.org/observations/125327556,"2024-05-13 09:45:04"
6520,124777,grasshopper,species,"Meconema thalassinum",grasshopper,0,0,3,0,https://www.inaturalist.org/observations/125324126,"2024-05-13 09:45:04"
6521,124772,caterpillar,species,"Acronicta americana",caterpillar,0,0,3,0,https://www.inaturalist.org/observations/125321709,"2024-05-13 09:45:04"
6522,124742,bee,superfamily,Chalcidoidea,bee,0,0,2,0,https://www.inaturalist.org/observations/125318508,"2024-05-13 09:45:04"
6523,124740,grasshopper,species,"Hapithus saltator",grasshopper,0,0,2,0,https://www.inaturalist.org/observations/125317552,"2024-05-13 09:45:04"
6524,124731,leafhopper,species,"Ormenoides venusta",leafhopper,0,0,3,0,https://www.inaturalist.org/observations/125315856,"2024-05-13 09:45:04"
6525,124715,leafhopper,species,"Acanalonia conica",leafhopper,0,0,3,0,https://www.inaturalist.org/observations/125314568,"2024-05-13 09:45:04"
6526,124687,beetle,species,"Harmonia axyridis",beetle,0,0,4,0,https://www.inaturalist.org/observations/125308302,"2024-05-13 09:48:04"
6527,124686,grasshopper,species,"Phyllopalpus pulchellus",grasshopper,0,0,3,0,https://www.inaturalist.org/observations/125307981,"2024-05-13 09:48:04"
6528,124669,leafhopper,species,"Thionia bullata",leafhopper,0,0,3,0,https://www.inaturalist.org/observations/125306968,"2024-05-13 09:48:04"
6529,124651,ant,genus,Temnothorax,ant,0,0,2,0,https://www.inaturalist.org/observations/125305859,"2024-05-13 09:48:04"
6530,124580,bee,superfamily,Chalcidoidea,bee,0,0,2,0,https://www.inaturalist.org/observations/125300449,"2024-05-13 09:48:04"
6531,124567,truebugs,species,"Lygaeus turcicus",truebugs,0,0,2,0,https://www.inaturalist.org/observations/125297133,"2024-05-13 09:48:04"
6532,124563,grasshopper,species,"Meconema thalassinum",grasshopper,0,0,4,0,https://www.inaturalist.org/observations/125229449,"2024-05-13 09:48:04"
6533,124543,fly,infraorder,Cicadomorpha,leafhopper,0,0,3,1,https://www.inaturalist.org/observations/125222535,"2024-05-13 09:51:03"
6534,124540,truebugs,infraorder,Pentatomomorpha,truebugs,0,0,2,0,https://www.inaturalist.org/observations/125221542,"2024-05-13 09:51:03"
6535,124481,beetle,order,Thysanoptera,Thysanoptera,0,0,3,1,https://www.inaturalist.org/observations/125213117,"2024-05-13 09:51:03"
6536,124439,beetle,family,Pentatomidae,truebugs,0,0,3,1,https://www.inaturalist.org/observations/125210120,"2024-05-13 09:51:03"
6537,124437,spider,family,Araneidae,spider,0,0,2,0,https://www.inaturalist.org/observations/125209676,"2024-05-13 09:51:03"
6538,124422,spider,superfamily,Araneoidea,spider,0,0,2,0,https://www.inaturalist.org/observations/125208161,"2024-05-13 09:51:03"
6539,124416,beetle,family,Chrysomelidae,beetle,0,0,2,0,https://www.inaturalist.org/observations/125205759,"2024-05-13 09:51:03"
6540,124415,beetle,family,Chrysomelidae,beetle,0,0,2,0,https://www.inaturalist.org/observations/125205214,"2024-05-13 09:51:03"
6541,124319,leafhopper,subgenus,Gyponana,leafhopper,0,0,2,0,https://www.inaturalist.org/observations/125166515,"2024-05-13 09:51:03"
6542,124314,fly,order,Hymenoptera,bee,0,0,3,2,https://www.inaturalist.org/observations/125166212,"2024-05-13 09:51:03"
6543,121149,fly,complex,"Condylostylus comatus",fly,0,0,4,0,https://www.inaturalist.org/observations/125078524,"2024-05-13 09:54:04"
6544,121147,spider,species,"Araneus guttulatus",spider,0,0,3,0,https://www.inaturalist.org/observations/125077838,"2024-05-13 09:54:04"
6545,124132,spider,subfamily,Thomisinae,spider,0,0,3,0,https://www.inaturalist.org/observations/125076173,"2024-05-13 09:54:04"
6546,121370,truebugs,species,"Arilus cristatus",truebugs,0,0,3,0,https://www.inaturalist.org/observations/125073710,"2024-05-13 09:54:04"
6547,124129,bee,superfamily,Chalcidoidea,bee,0,0,2,0,https://www.inaturalist.org/observations/125072510,"2024-05-13 09:54:04"
6548,121378,caterpillar,subfamily,Sphinginae,caterpillar,0,0,3,0,https://www.inaturalist.org/observations/125069938,"2024-05-13 09:54:04"
6549,124112,bee,superfamily,Chalcidoidea,bee,0,0,2,0,https://www.inaturalist.org/observations/125065037,"2024-05-13 09:54:04"
6550,124107,beetle,species,"Polydrusus formosus",beetle,0,0,2,0,https://www.inaturalist.org/observations/125063090,"2024-05-13 09:54:04"
6551,124100,bee,family,Braconidae,bee,0,0,2,0,https://www.inaturalist.org/observations/125060802,"2024-05-13 09:54:04"
6552,124085,fly,family,Cecidomyiidae,fly,0,0,3,0,https://www.inaturalist.org/observations/125056224,"2024-05-13 09:57:04"
6553,124071,moths,genus,Phyllocnistis,moths,0,0,3,0,https://www.inaturalist.org/observations/125052864,"2024-05-13 09:57:04"
6554,124070,bee,superfamily,Chalcidoidea,bee,0,0,2,0,https://www.inaturalist.org/observations/125052373,"2024-05-13 09:57:04"
6555,124068,truebugs,suborder,Heteroptera,truebugs,0,0,2,0,https://www.inaturalist.org/observations/125051732,"2024-05-13 09:57:04"
6556,121367,beetle,genus,Monocrepidius,beetle,0,0,3,0,https://www.inaturalist.org/observations/125048747,"2024-05-13 09:57:04"
6557,124044,beetle,species,"Scirtes tibialis",beetle,0,0,2,0,https://www.inaturalist.org/observations/125043164,"2024-05-13 09:57:04"
6558,124031,bee,superfamily,Chalcidoidea,bee,0,0,2,0,https://www.inaturalist.org/observations/125039951,"2024-05-06 09:39:04"
6559,124027,fly,subclass,Pterygota,Psocodea,0,0,2,1,https://www.inaturalist.org/observations/125038782,"2024-05-06 09:39:04"
6560,123958,beetle,species,"Urgleptes querci",beetle,0,0,4,0,https://www.inaturalist.org/observations/125030239,"2024-05-06 09:42:04"
6561,123951,unidentified,suborder,Heteroptera,truebugs,0,0,2,0,https://www.inaturalist.org/observations/125028842,"2024-05-06 09:42:04"
6562,123949,beetle,subfamily,Cantharinae,beetle,0,0,2,0,https://www.inaturalist.org/observations/125028510,"2024-05-06 09:42:04"
6563,123941,truebugs,genus,Gargaphia,truebugs,0,0,2,0,https://www.inaturalist.org/observations/125026081,"2024-05-06 09:42:04"
6564,123939,fly,species,"Condylostylus patibulatus",fly,0,0,3,0,https://www.inaturalist.org/observations/125025716,"2024-05-06 09:42:04"
6565,123936,truebugs,superfamily,Pentatomoidea,truebugs,0,0,2,0,https://www.inaturalist.org/observations/125024937,"2024-05-06 09:42:04"
6566,123935,beetle,superfamily,Curculionoidea,beetle,0,0,2,0,https://www.inaturalist.org/observations/125024502,"2024-05-06 09:42:04"
6567,123926,truebugs,family,Miridae,truebugs,0,0,2,0,https://www.inaturalist.org/observations/125022054,"2024-05-06 09:42:04"
6568,123925,beetle,species,"Harmonia axyridis",beetle,0,0,3,0,https://www.inaturalist.org/observations/125021673,"2024-05-06 09:42:04"
6569,123910,truebugs,species,"Halyomorpha halys",truebugs,0,0,4,0,https://www.inaturalist.org/observations/125020449,"2024-05-06 09:42:04"
6570,123889,leafhopper,species,"Flatormenis proxima",leafhopper,0,0,3,0,https://www.inaturalist.org/observations/125020107,"2024-05-06 09:42:04"
6571,123869,unidentified,genus,Corythucha,truebugs,0,0,2,0,https://www.inaturalist.org/observations/125018208,"2024-05-06 09:42:04"
6572,123868,unidentified,family,Chrysopidae,Neuroptera,0,0,1,0,https://www.inaturalist.org/observations/125017683,"2024-05-06 09:42:04"
6573,123724,ant,species,"Tapinoma sessile",ant,0,0,5,0,https://www.inaturalist.org/observations/124911808,"2024-05-06 09:45:04"
6574,123720,truebugs,order,Coleoptera,beetle,0,0,4,1,https://www.inaturalist.org/observations/124910683,"2024-05-06 09:45:04"
6575,123665,leafhopper,species,"Agalliopsis ancistra",leafhopper,0,0,2,0,https://www.inaturalist.org/observations/124904159,"2024-05-06 09:45:04"
6576,123654,ant,genus,Lasius,ant,0,0,2,0,https://www.inaturalist.org/observations/124901530,"2024-05-06 09:45:04"
6577,123651,beetle,species,"Pseudoedophrys hilleri",beetle,0,0,2,0,https://www.inaturalist.org/observations/124900710,"2024-05-06 09:45:04"
6578,123649,truebugs,superfamily,Pentatomoidea,truebugs,0,0,2,0,https://www.inaturalist.org/observations/124900155,"2024-05-06 09:45:04"
6579,123604,truebugs,species,"Pselliopus cinctus",truebugs,0,0,3,0,https://www.inaturalist.org/observations/124894855,"2024-05-06 09:48:04"
6580,123599,leafhopper,species,"Flatormenis proxima",leafhopper,0,0,3,0,https://www.inaturalist.org/observations/124893978,"2024-05-06 09:48:04"
6581,123590,truebugs,species,"Acanthocephala terminalis",truebugs,0,0,3,0,https://www.inaturalist.org/observations/124893069,"2024-05-06 09:48:04"
6582,123574,grasshopper,species,"Phyllopalpus pulchellus",grasshopper,0,0,3,0,https://www.inaturalist.org/observations/124892377,"2024-05-06 09:48:04"
6583,123560,leafhopper,species,"Ormenoides venusta",leafhopper,0,0,3,0,https://www.inaturalist.org/observations/124890187,"2024-05-06 09:48:04"
6584,123552,ant,complex,"Formica fusca",ant,0,0,2,0,https://www.inaturalist.org/observations/124888565,"2024-05-06 09:48:04"
6585,123551,leafhopper,species,"Flatormenis proxima",leafhopper,0,0,2,0,https://www.inaturalist.org/observations/124888198,"2024-05-06 09:48:04"
6586,123543,ant,species,"Camponotus snellingi",ant,0,0,4,0,https://www.inaturalist.org/observations/124887196,"2024-05-06 09:48:04"
6587,123531,beetle,species,"Cyrtepistomus castaneus",beetle,0,0,2,0,https://www.inaturalist.org/observations/124885874,"2024-05-06 09:48:04"
6588,123526,truebugs,genus,Euschistus,truebugs,0,0,3,0,https://www.inaturalist.org/observations/124884704,"2024-05-06 09:48:04"
6589,123519,leafhopper,species,"Acanalonia conica",leafhopper,0,0,3,0,https://www.inaturalist.org/observations/124883740,"2024-05-06 09:48:04"
6590,123502,leafhopper,species,"Ormenoides venusta",leafhopper,0,0,2,0,https://www.inaturalist.org/observations/124881781,"2024-05-06 09:48:04"
6591,123501,leafhopper,species,"Ormenoides venusta",leafhopper,0,0,3,0,https://www.inaturalist.org/observations/124881404,"2024-05-06 09:48:04"
6592,123497,beetle,family,Chrysomelidae,beetle,0,0,2,0,https://www.inaturalist.org/observations/124881015,"2024-05-06 09:48:04"
6593,123496,beetle,family,Elateridae,beetle,0,0,2,0,https://www.inaturalist.org/observations/124880701,"2024-05-06 09:48:04"
6594,123476,beetle,species,"Pseudoedophrys hilleri",beetle,0,0,2,0,https://www.inaturalist.org/observations/124879703,"2024-05-06 09:48:04"
6595,123475,ant,subgenus,Myrmentoma,ant,0,0,2,0,https://www.inaturalist.org/observations/124879387,"2024-05-06 09:48:04"
6596,123436,truebugs,subfamily,Pentatominae,truebugs,0,0,3,0,https://www.inaturalist.org/observations/124876653,"2024-05-06 09:48:04"
6597,123361,grasshopper,genus,Oecanthus,grasshopper,0,0,3,0,https://www.inaturalist.org/observations/124730603,"2024-05-06 09:51:04"
6598,123357,fly,suborder,Nematocera,fly,0,0,2,0,https://www.inaturalist.org/observations/124728571,"2024-05-06 09:51:04"
6599,123356,grasshopper,genus,Oecanthus,grasshopper,0,0,3,0,https://www.inaturalist.org/observations/124728173,"2024-05-06 09:51:04"
6600,123355,bee,superfamily,Chalcidoidea,bee,0,0,2,0,https://www.inaturalist.org/observations/124727878,"2024-05-06 09:51:04"
6601,123352,fly,complex,"Condylostylus comatus",fly,0,0,3,0,https://www.inaturalist.org/observations/124726621,"2024-05-06 09:51:04"
6602,123347,spider,family,Dictynidae,spider,0,0,2,0,https://www.inaturalist.org/observations/124724751,"2024-05-06 09:51:04"
6603,123346,grasshopper,genus,Oecanthus,grasshopper,0,0,3,0,https://www.inaturalist.org/observations/124724358,"2024-05-06 09:51:04"
6604,123343,other,order,Psocodea,Psocodea,0,0,1,0,https://www.inaturalist.org/observations/124723664,"2024-05-06 09:51:04"
6605,123342,spider,complex,"Enoplognatha ovata",spider,0,0,3,0,https://www.inaturalist.org/observations/124723393,"2024-05-06 09:51:04"
6606,123341,spider,genus,Theridion,spider,0,0,2,0,https://www.inaturalist.org/observations/124722857,"2024-05-06 09:51:04"
6607,123340,grasshopper,species,"Oecanthus fultoni",grasshopper,0,0,3,0,https://www.inaturalist.org/observations/124722530,"2024-05-06 09:51:04"
6608,123337,truebugs,family,Pentatomidae,truebugs,0,0,2,0,https://www.inaturalist.org/observations/124721494,"2024-05-06 09:51:04"
6609,122705,leafhopper,species,"Ormenoides venusta",leafhopper,0,0,3,0,https://www.inaturalist.org/observations/124274690,"2024-05-06 09:57:04"
6610,122662,leafhopper,species,"Ormenoides venusta",leafhopper,0,0,2,0,https://www.inaturalist.org/observations/124268092,"2024-05-06 09:57:04"
6611,122648,leafhopper,species,"Ormenoides venusta",leafhopper,0,0,3,0,https://www.inaturalist.org/observations/124264969,"2024-05-06 09:57:04"
6612,122633,other,genus,Anystis,Trombidiformes,0,0,1,0,https://www.inaturalist.org/observations/124264294,"2024-05-06 09:57:04"
6613,122570,leafhopper,species,"Japananus hyalinus",leafhopper,0,0,2,0,https://www.inaturalist.org/observations/124250020,"2024-04-29 09:57:04"
6614,122557,leafhopper,tribe,Nephesini,leafhopper,0,0,2,0,https://www.inaturalist.org/observations/124247582,"2024-04-29 09:57:04"
6615,122556,leafhopper,species,"Thionia bullata",leafhopper,0,0,3,0,https://www.inaturalist.org/observations/124247192,"2024-04-29 09:57:04"
6616,122513,leafhopper,species,"Metcalfa pruinosa",leafhopper,0,0,3,0,https://www.inaturalist.org/observations/124240954,"2024-04-22 09:57:06"
6617,122356,grasshopper,species,"Neoxabea bipunctata",grasshopper,0,0,4,0,https://www.inaturalist.org/observations/124132731,"2023-10-02 09:57:04"
6618,122342,grasshopper,suborder,Ensifera,grasshopper,0,0,2,0,https://www.inaturalist.org/observations/124130019,"2023-10-02 09:57:04"
6619,122340,beetle,genus,Photuris,beetle,0,0,3,0,https://www.inaturalist.org/observations/124129572,"2023-10-02 09:57:04"
6620,122325,beetle,family,Elateridae,beetle,0,0,2,0,https://www.inaturalist.org/observations/124127376,"2023-10-02 09:57:04"
6621,122316,caterpillar,family,Noctuidae,caterpillar,0,0,2,0,https://www.inaturalist.org/observations/124116967,"2023-10-02 09:57:04"
6622,122286,caterpillar,family,Geometridae,caterpillar,0,0,2,0,https://www.inaturalist.org/observations/124112067,"2023-10-02 09:57:04"
6623,122255,leafhopper,species,"Ormenoides venusta",leafhopper,0,0,3,0,https://www.inaturalist.org/observations/124106956,"2023-09-25 09:57:05"
6624,122249,spider,genus,Wulfila,spider,0,0,3,0,https://www.inaturalist.org/observations/124106329,"2023-09-25 09:57:05"
6625,122241,unidentified,order,Blattodea,Blattodea,0,0,1,0,https://www.inaturalist.org/observations/124105625,"2023-09-25 09:57:05"
6626,122234,daddylonglegs,superfamily,Phalangioidea,daddylonglegs,0,0,2,0,https://www.inaturalist.org/observations/124104849,"2023-09-25 09:57:05"
6627,122169,grasshopper,genus,Oecanthus,grasshopper,0,0,3,0,https://www.inaturalist.org/observations/124101078,"2023-09-25 09:57:05"
6628,122156,spider,tribe,Misumenini,spider,0,0,3,0,https://www.inaturalist.org/observations/124099478,"2023-09-25 09:57:05"
6629,122143,grasshopper,suborder,Ensifera,grasshopper,0,0,2,0,https://www.inaturalist.org/observations/124098306,"2023-09-25 09:57:05"
6630,122125,beetle,family,Pentatomidae,truebugs,0,0,3,1,https://www.inaturalist.org/observations/124047990,"2023-09-25 09:57:05"
6631,122112,leafhopper,genus,Cyrtolobus,leafhopper,0,0,3,0,https://www.inaturalist.org/observations/124031592,"2023-09-25 09:57:05"
6632,122110,spider,tribe,Misumenini,spider,0,0,3,0,https://www.inaturalist.org/observations/124031151,"2023-09-25 09:57:05"
6633,122108,beetle,tribe,Mordellistenini,beetle,0,0,3,0,https://www.inaturalist.org/observations/124030856,"2023-09-25 09:57:05"
6634,122107,beetle,species,"Harmonia axyridis",beetle,0,0,4,0,https://www.inaturalist.org/observations/124030573,"2023-09-25 09:57:05"
6635,122104,leafhopper,tribe,Smiliini,leafhopper,0,0,3,0,https://www.inaturalist.org/observations/124029712,"2023-09-25 09:57:05"
6636,122102,fly,infraorder,Culicomorpha,fly,0,0,2,0,https://www.inaturalist.org/observations/124029085,"2023-09-25 09:57:05"
6637,122100,bee,order,Hemiptera,truebugs,0,0,3,1,https://www.inaturalist.org/observations/124028553,"2023-09-25 09:57:05"
6638,122093,other,genus,Anystis,Trombidiformes,0,0,1,0,https://www.inaturalist.org/observations/124026454,"2023-09-25 09:57:05"
6639,122089,fly,species,"Delphinia picta",fly,0,0,4,0,https://www.inaturalist.org/observations/124025047,"2023-09-25 09:57:05"
6640,122086,beetle,species,"Polydrusus formosus",beetle,0,0,3,0,https://www.inaturalist.org/observations/124024270,"2023-09-25 09:57:05"
6641,122083,beetle,species,"Harmonia axyridis",beetle,1,0,4,0,https://www.inaturalist.org/observations/124023273,"2023-09-18 09:57:05"
6642,122080,spider,family,Philodromidae,spider,0,0,3,0,https://www.inaturalist.org/observations/124021034,"2023-09-18 09:57:05"
6643,122077,bee,species,"Evaniella semaeoda",bee,0,0,3,0,https://www.inaturalist.org/observations/124009340,"2023-09-11 09:57:05"
6644,122076,beetle,species,"Strophosoma melanogrammum",beetle,0,0,2,0,https://www.inaturalist.org/observations/124008857,"2023-09-11 09:57:05"
6645,122072,fly,tribe,Diaphorini,fly,0,0,4,0,https://www.inaturalist.org/observations/124006861,"2023-09-11 09:57:05"
6646,122069,caterpillar,family,Geometridae,caterpillar,0,0,2,0,https://www.inaturalist.org/observations/124005855,"2023-09-11 09:57:05"
6647,122064,fly,tribe,Diaphorini,fly,0,0,4,0,https://www.inaturalist.org/observations/124004723,"2023-09-11 09:57:05"
6648,122063,ant,species,"Camponotus pennsylvanicus",ant,0,0,3,0,https://www.inaturalist.org/observations/124004377,"2023-09-11 09:57:05"
6649,122060,bee,genus,Caliroa,bee,0,1,3,0,https://www.inaturalist.org/observations/124002995,"2023-09-11 09:57:05"
6650,122057,beetle,family,Elateridae,beetle,0,0,2,0,https://www.inaturalist.org/observations/124001861,"2023-09-04 09:57:05"
6651,122053,beetle,family,Elateridae,beetle,0,0,2,0,https://www.inaturalist.org/observations/124000727,"2023-09-04 09:57:05"
6652,122052,fly,family,Cecidomyiidae,fly,0,0,3,0,https://www.inaturalist.org/observations/124000188,"2023-09-04 09:57:05"
6653,122051,bee,infraorder,Proctotrupomorpha,bee,0,0,3,0,https://www.inaturalist.org/observations/123999684,"2023-09-04 09:57:05"
6654,122048,fly,superfamily,Sciaroidea,fly,0,0,3,0,https://www.inaturalist.org/observations/123999191,"2023-09-04 09:57:05"
6655,122046,fly,family,Cecidomyiidae,fly,0,0,3,0,https://www.inaturalist.org/observations/123998375,"2023-09-04 09:57:05"
6656,122045,beetle,family,Mordellidae,beetle,0,0,2,0,https://www.inaturalist.org/observations/123997944,"2023-09-04 09:57:05"
6657,122044,moths,family,Coniopterygidae,Neuroptera,0,0,3,1,https://www.inaturalist.org/observations/123997584,"2023-09-04 09:57:05"
6658,122039,ant,genus,Temnothorax,ant,0,0,2,0,https://www.inaturalist.org/observations/123995939,"2023-09-04 09:57:05"
6659,122035,ant,species,"Camponotus pennsylvanicus",ant,0,0,3,0,https://www.inaturalist.org/observations/123994436,"2023-09-04 09:57:05"
6660,122034,ant,subgenus,Crematogaster,ant,0,0,2,0,https://www.inaturalist.org/observations/123993998,"2023-09-04 09:57:05"
6661,122032,fly,subclass,Pterygota,beetle,0,0,2,1,https://www.inaturalist.org/observations/123993162,"2023-09-04 09:57:05"
6662,122031,truebugs,genus,Phytocoris,truebugs,0,0,3,0,https://www.inaturalist.org/observations/123992809,"2023-09-04 09:57:05"
6663,122030,bee,family,Diapriidae,bee,0,0,3,0,https://www.inaturalist.org/observations/123992456,"2023-09-04 09:57:05"
6664,122029,leafhopper,superfamily,Cercopoidea,leafhopper,0,0,2,0,https://www.inaturalist.org/observations/123992057,"2023-09-04 09:57:05"
6665,122028,leafhopper,superfamily,Cercopoidea,leafhopper,0,0,2,0,https://www.inaturalist.org/observations/123991722,"2023-09-04 09:57:05"
6666,122027,daddylonglegs,superfamily,Phalangioidea,daddylonglegs,0,0,2,0,https://www.inaturalist.org/observations/123991322,"2023-09-04 09:57:05"
6667,122026,bee,superfamily,Chalcidoidea,bee,0,0,2,0,https://www.inaturalist.org/observations/123990961,"2023-09-04 09:57:05"
6668,121957,beetle,species,"Popillia japonica",beetle,0,0,4,0,https://www.inaturalist.org/observations/123977781,"2023-09-04 09:57:05"
6669,121865,ant,genus,Formica,ant,0,0,2,0,https://www.inaturalist.org/observations/123968606,"2023-09-04 09:57:05"
6670,121862,aphid,subgenus,Lineomyzocallis,aphid,0,0,4,0,https://www.inaturalist.org/observations/123968301,"2023-09-04 09:57:05"
6671,121861,truebugs,species,"Podisus placidus",truebugs,0,0,4,0,https://www.inaturalist.org/observations/123966416,"2023-09-04 09:57:05"
6672,121859,bee,epifamily,Anthophila,bee,0,0,2,0,https://www.inaturalist.org/observations/123965040,"2023-09-04 09:57:05"
6673,121845,truebugs,superfamily,Pentatomoidea,truebugs,0,0,2,0,https://www.inaturalist.org/observations/123964077,"2023-09-04 09:57:05"
6674,121838,bee,subclass,Pterygota,beetle,0,0,2,1,https://www.inaturalist.org/observations/123963685,"2023-09-04 09:57:05"
6675,121829,beetle,species,"Conoderus lividus",beetle,0,0,2,0,https://www.inaturalist.org/observations/123902421,"2023-09-04 09:57:05"
6676,121822,grasshopper,species,"Neoxabea bipunctata",grasshopper,0,0,4,0,https://www.inaturalist.org/observations/123901557,"2023-09-04 09:57:05"
6677,121820,truebugs,species,"Neortholomus scolopax",truebugs,0,0,2,0,https://www.inaturalist.org/observations/123900917,"2023-09-04 09:57:05"
6678,121804,beetle,species,"Anatis mali",beetle,0,0,3,0,https://www.inaturalist.org/observations/123899611,"2023-09-04 09:57:05"
6679,121802,beetle,family,Mordellidae,beetle,0,0,2,0,https://www.inaturalist.org/observations/123898932,"2023-09-04 09:57:05"
6680,121800,beetle,infraorder,Fulgoromorpha,leafhopper,0,0,5,1,https://www.inaturalist.org/observations/123898604,"2023-09-04 09:57:05"
6681,121790,unidentified,suborder,Heteroptera,truebugs,0,0,3,0,https://www.inaturalist.org/observations/123897286,"2023-08-28 09:57:04"
6682,121786,beetle,family,Miridae,truebugs,0,0,4,1,https://www.inaturalist.org/observations/123896587,"2023-08-28 09:57:04"
6683,121779,beetle,order,Hemiptera,truebugs,0,0,3,1,https://www.inaturalist.org/observations/123895973,"2023-08-28 09:57:04"
6684,121775,beetle,species,"Polydrusus formosus",beetle,0,0,2,0,https://www.inaturalist.org/observations/123891745,"2023-08-28 09:57:04"
6685,121774,beetle,species,"Lucidota atra",beetle,0,0,4,0,https://www.inaturalist.org/observations/123891387,"2023-08-28 09:57:04"
6686,121773,aphid,order,Psocodea,Psocodea,0,0,3,1,https://www.inaturalist.org/observations/123891099,"2023-08-28 09:57:04"
6687,121772,truebugs,genus,Banasa,truebugs,0,0,3,0,https://www.inaturalist.org/observations/123890743,"2023-08-28 09:57:04"
6688,121771,beetle,order,Psocodea,Psocodea,0,0,3,1,https://www.inaturalist.org/observations/123890426,"2023-08-28 09:57:04"
6689,121769,beetle,species,"Psyllobora vigintimaculata",beetle,0,0,4,0,https://www.inaturalist.org/observations/123889770,"2023-08-28 09:57:04"
6690,121766,fly,order,Psocodea,Psocodea,0,0,3,1,https://www.inaturalist.org/observations/123886252,"2023-08-28 09:57:04"
6691,121763,leafhopper,suborder,Heteroptera,truebugs,0,0,3,1,https://www.inaturalist.org/observations/123883628,"2023-08-28 09:57:04"
6692,121761,ant,suborder,Apocrita,bee,0,0,3,1,https://www.inaturalist.org/observations/123882848,"2023-08-28 09:57:04"
6693,121754,truebugs,superfamily,Curculionoidea,beetle,0,0,4,1,https://www.inaturalist.org/observations/123873891,"2023-08-28 09:57:04"
6694,121751,fly,infraorder,Fulgoromorpha,leafhopper,0,0,4,1,https://www.inaturalist.org/observations/123873576,"2023-08-28 09:57:04"
6695,121749,leafhopper,species,"Graphocephala coccinea",leafhopper,0,0,3,0,https://www.inaturalist.org/observations/123873183,"2023-08-28 09:57:04"
6696,121746,beetle,family,Mordellidae,beetle,0,0,2,0,https://www.inaturalist.org/observations/123872331,"2023-08-28 09:57:04"
6697,121745,leafhopper,order,Lepidoptera,moths,0,0,3,1,https://www.inaturalist.org/observations/123871948,"2023-08-28 09:57:04"
6698,121742,moths,species,"Idaea dimidiata",moths,0,0,2,0,https://www.inaturalist.org/observations/123871167,"2023-08-28 09:57:04"
6699,121740,truebugs,tribe,Ceratocapsini,truebugs,0,0,3,0,https://www.inaturalist.org/observations/123870514,"2023-08-28 09:57:04"
6700,121736,truebugs,species,"Halyomorpha halys",truebugs,0,0,4,0,https://www.inaturalist.org/observations/123869887,"2023-08-28 09:57:04"
6701,121680,ant,species,"Prenolepis imparis",ant,0,0,3,0,https://www.inaturalist.org/observations/123855993,"2023-08-28 09:57:04"
6702,121674,bee,species,"Polistes metricus",bee,0,0,5,0,https://www.inaturalist.org/observations/123854679,"2023-08-28 09:57:04"
6703,121671,leafhopper,species,"Flatormenis proxima",leafhopper,0,0,2,0,https://www.inaturalist.org/observations/123854022,"2023-08-28 09:57:04"
6704,121669,leafhopper,species,"Ormenoides venusta",leafhopper,0,0,4,0,https://www.inaturalist.org/observations/123853648,"2023-08-28 09:57:04"
6705,121668,beetle,species,"Pseudoedophrys hilleri",beetle,0,0,3,0,https://www.inaturalist.org/observations/123853235,"2023-08-28 09:57:04"
6706,121657,beetle,family,Mordellidae,beetle,0,0,2,0,https://www.inaturalist.org/observations/123852483,"2023-08-28 09:57:04"
6707,121656,leafhopper,species,"Flatormenis proxima",leafhopper,0,0,4,0,https://www.inaturalist.org/observations/123852150,"2023-08-28 09:57:04"
6708,121655,leafhopper,species,"Metcalfa pruinosa",leafhopper,0,0,3,0,https://www.inaturalist.org/observations/123851641,"2023-08-28 09:57:04"
6709,121641,ant,genus,Myrmica,ant,0,0,3,0,https://www.inaturalist.org/observations/123848822,"2023-08-21 09:54:04"
6710,121634,beetle,class,Insecta,beetle,0,0,1,0,https://www.inaturalist.org/observations/123847527,"2023-08-21 09:54:04"
6711,121630,leafhopper,genus,Scaphoideus,leafhopper,0,0,2,0,https://www.inaturalist.org/observations/123847187,"2023-08-21 09:54:04"
6712,121627,caterpillar,family,Geometridae,caterpillar,0,0,2,0,https://www.inaturalist.org/observations/123846363,"2023-08-21 09:54:04"
6713,121613,grasshopper,suborder,Ensifera,grasshopper,0,0,2,0,https://www.inaturalist.org/observations/123845922,"2023-08-21 09:54:04"
6714,121600,caterpillar,family,Geometridae,caterpillar,0,0,2,0,https://www.inaturalist.org/observations/123845151,"2023-08-21 09:54:04"
6715,121589,truebugs,species,"Acanthocephala terminalis",truebugs,0,0,4,0,https://www.inaturalist.org/observations/123844803,"2023-08-21 09:54:04"
6716,121588,beetle,family,Mordellidae,beetle,0,0,2,0,https://www.inaturalist.org/observations/123844471,"2023-08-21 09:54:04"
6717,121587,leafhopper,species,"Ormenoides venusta",leafhopper,0,0,4,0,https://www.inaturalist.org/observations/123844003,"2023-08-21 09:54:04"
6718,121584,fly,genus,Homoneura,fly,0,0,3,0,https://www.inaturalist.org/observations/123843183,"2023-08-21 09:54:04"
6719,121574,leafhopper,species,"Japananus hyalinus",leafhopper,0,0,2,0,https://www.inaturalist.org/observations/123842432,"2023-08-21 09:54:04"
6720,121571,beetle,family,Chrysomelidae,beetle,0,0,3,0,https://www.inaturalist.org/observations/123841314,"2023-08-21 09:54:04"
6721,121562,ant,complex,"Formica fusca",ant,0,0,4,0,https://www.inaturalist.org/observations/123840531,"2023-08-21 09:54:04"
6722,121557,truebugs,order,Hemiptera,aphid,0,0,2,1,https://www.inaturalist.org/observations/123839638,"2023-08-21 09:54:04"
6723,121553,beetle,family,Chrysomelidae,beetle,0,0,2,0,https://www.inaturalist.org/observations/123838858,"2023-08-21 09:54:04"
6724,121552,daddylonglegs,superfamily,Phalangioidea,daddylonglegs,0,0,2,0,https://www.inaturalist.org/observations/123838331,"2023-08-21 09:54:04"
6725,121543,beetle,family,Chrysomelidae,beetle,0,0,2,0,https://www.inaturalist.org/observations/123837079,"2023-08-21 09:57:04"
6726,121539,ant,subgenus,Crematogaster,ant,0,0,3,0,https://www.inaturalist.org/observations/123836662,"2023-08-21 09:57:04"
6727,121535,beetle,family,Mordellidae,beetle,0,0,2,0,https://www.inaturalist.org/observations/123836294,"2023-08-21 09:57:04"
6728,121526,leafhopper,species,"Ormenoides venusta",leafhopper,0,0,4,0,https://www.inaturalist.org/observations/123835369,"2023-08-21 09:57:04"
6729,121507,ant,subgenus,Myrmentoma,ant,0,0,3,0,https://www.inaturalist.org/observations/123833175,"2023-08-21 09:57:04"
6730,121500,truebugs,genus,Empicoris,truebugs,0,0,3,0,https://www.inaturalist.org/observations/123832531,"2023-08-21 09:57:04"
6731,121499,beetle,family,Elateridae,beetle,0,0,2,0,https://www.inaturalist.org/observations/123832123,"2023-08-21 09:57:04"
6732,121497,leafhopper,species,"Flatormenis proxima",leafhopper,0,0,3,0,https://www.inaturalist.org/observations/123831634,"2023-08-21 09:57:04"
6733,121490,unidentified,suborder,Heteroptera,truebugs,0,0,1,0,https://www.inaturalist.org/observations/123830839,"2023-08-21 09:57:04"
6734,121487,leafhopper,species,"Ormenoides venusta",leafhopper,0,0,3,0,https://www.inaturalist.org/observations/123830515,"2023-08-21 09:57:04"
6735,121483,grasshopper,suborder,Ensifera,grasshopper,0,0,2,0,https://www.inaturalist.org/observations/123829835,"2023-08-21 09:57:04"
6736,121480,bee,superfamily,Chalcidoidea,bee,0,0,3,0,https://www.inaturalist.org/observations/123828749,"2023-08-21 09:57:04"
6737,121479,beetle,species,"Cyrtepistomus castaneus",beetle,0,0,2,0,https://www.inaturalist.org/observations/123828315,"2023-08-21 09:57:04"
6738,121478,leafhopper,species,"Ormenoides venusta",leafhopper,0,0,4,0,https://www.inaturalist.org/observations/123827948,"2023-08-21 09:57:04"
6739,121477,spider,subfamily,Salticinae,spider,0,0,2,0,https://www.inaturalist.org/observations/123827608,"2023-08-21 09:57:04"
6740,121474,caterpillar,genus,Anisota,caterpillar,0,0,2,0,https://www.inaturalist.org/observations/123827308,"2023-08-21 09:57:04"
6741,121473,caterpillar,genus,Anisota,caterpillar,0,0,2,0,https://www.inaturalist.org/observations/123826840,"2023-08-21 09:57:04"
6742,121470,beetle,species,"Cyrtepistomus castaneus",beetle,0,0,3,0,https://www.inaturalist.org/observations/123826215,"2023-08-21 09:57:04"
6743,121467,leafhopper,species,"Ormenoides venusta",leafhopper,0,0,4,0,https://www.inaturalist.org/observations/123825957,"2023-08-21 09:57:04"
6744,121455,leafhopper,species,"Ormenoides venusta",leafhopper,0,0,4,0,https://www.inaturalist.org/observations/123824331,"2023-08-21 09:57:04"
6745,121306,grasshopper,species,"Camptonotus carolinensis",grasshopper,0,0,3,0,https://www.inaturalist.org/observations/123690895,"2023-08-21 09:57:04"
6746,121278,spider,tribe,Misumenini,spider,0,0,3,0,https://www.inaturalist.org/observations/123688927,"2023-08-21 09:57:04"
6747,121234,beetle,species,"Cyrtepistomus castaneus",beetle,0,0,3,0,https://www.inaturalist.org/observations/123686082,"2023-08-21 09:57:04"
6748,121210,beetle,species,"Harmonia axyridis",beetle,1,0,5,0,https://www.inaturalist.org/observations/123685689,"2023-08-21 09:57:04"
6749,121208,bee,superfamily,Cynipoidea,bee,0,0,3,0,https://www.inaturalist.org/observations/123684919,"2023-08-21 09:57:04"
6750,121207,bee,infraorder,Proctotrupomorpha,bee,0,0,4,0,https://www.inaturalist.org/observations/123684572,"2023-08-21 09:57:04"
6751,121206,spider,genus,Theridion,spider,0,0,4,0,https://www.inaturalist.org/observations/123684282,"2023-08-21 09:57:04"
6752,121205,spider,genus,Philodromus,spider,0,0,3,0,https://www.inaturalist.org/observations/123684039,"2023-08-21 09:57:04"
6753,121182,fly,zoosection,Aschiza,fly,0,0,4,0,https://www.inaturalist.org/observations/123682713,"2023-08-14 09:51:04"
6754,121179,fly,genus,Condylostylus,fly,0,0,4,0,https://www.inaturalist.org/observations/123681788,"2023-08-14 09:51:04"
6755,121056,grasshopper,suborder,Ensifera,grasshopper,0,0,3,0,https://www.inaturalist.org/observations/123515507,"2023-08-14 09:51:04"
6756,120813,leafhopper,tribe,Nephesini,leafhopper,0,0,3,0,https://www.inaturalist.org/observations/123278616,"2023-08-14 09:54:04"
6757,120791,caterpillar,genus,Anisota,caterpillar,0,0,2,0,https://www.inaturalist.org/observations/123273495,"2023-08-14 09:54:04"
6758,120782,ant,complex,"Monomorium minimum",ant,0,0,3,0,https://www.inaturalist.org/observations/123272004,"2023-08-14 09:54:04"
6759,120774,leafhopper,species,"Ormenoides venusta",leafhopper,0,0,3,0,https://www.inaturalist.org/observations/123271062,"2023-08-14 09:54:04"
6760,120772,beetle,family,Chrysomelidae,beetle,0,0,2,0,https://www.inaturalist.org/observations/123270682,"2023-08-14 09:54:04"
6761,120743,leafhopper,species,"Flatormenis proxima",leafhopper,0,0,3,0,https://www.inaturalist.org/observations/123265487,"2023-08-14 09:54:04"
6762,120728,bee,genus,Caliroa,bee,0,1,2,0,https://www.inaturalist.org/observations/123264067,"2023-08-14 09:54:04"
6763,120721,leafhopper,species,"Flatormenis proxima",leafhopper,0,0,2,0,https://www.inaturalist.org/observations/123262047,"2023-08-14 09:54:04"
6764,120611,beetle,family,Chrysomelidae,beetle,0,0,2,0,https://www.inaturalist.org/observations/123245860,"2023-08-14 09:57:04"
6765,120522,bee,genus,Caliroa,bee,0,1,2,0,https://www.inaturalist.org/observations/123232301,"2023-08-07 09:54:04"
6766,120461,truebugs,genus,Empicoris,truebugs,0,0,2,0,https://www.inaturalist.org/observations/123224845,"2023-08-07 09:54:04"
6767,120309,ant,subgenus,Myrmentoma,ant,0,0,2,0,https://www.inaturalist.org/observations/123126456,"2023-08-07 09:57:05"
6768,120185,caterpillar,species,"Lymantria dispar",caterpillar,0,0,3,0,https://www.inaturalist.org/observations/123114046,"2023-07-31 09:45:05"
6769,120159,caterpillar,species,"Lymantria dispar",caterpillar,0,0,3,0,https://www.inaturalist.org/observations/123111588,"2023-07-31 09:45:05"
6770,119926,other,genus,Nylanderia,ant,0,0,2,0,https://www.inaturalist.org/observations/123083078,"2023-07-31 09:48:05"
6771,110573,fly,subclass,Pterygota,bee,0,0,2,1,https://www.inaturalist.org/observations/122983731,"2023-07-31 09:51:05"
6772,118362,fly,family,Chironomidae,fly,0,0,2,0,https://www.inaturalist.org/observations/122206030,"2023-07-24 09:39:05"
6773,117800,caterpillar,class,Diplopoda,Polydesmida,0,0,2,1,https://www.inaturalist.org/observations/122035217,"2023-07-24 09:48:05"
6774,117793,caterpillar,order,Polydesmida,Polydesmida,0,0,3,1,https://www.inaturalist.org/observations/122034673,"2023-07-24 09:48:05"
6775,117350,fly,subclass,Pterygota,fly,0,0,1,0,https://www.inaturalist.org/observations/121922868,"2023-07-24 09:54:06"
6776,117346,other,genus,Profenusa,bee,0,1,1,0,https://www.inaturalist.org/observations/121921015,"2022-11-28 03:57:05"
6777,117307,other,genus,Anystis,Trombidiformes,0,0,1,0,https://www.inaturalist.org/observations/121911626,"2022-10-31 04:00:07"
6778,117268,fly,subclass,Pterygota,fly,0,0,1,0,https://www.inaturalist.org/observations/121900217,"2023-07-24 09:57:05"
6779,116573,bee,suborder,Symphyta,bee,0,1,1,0,https://www.inaturalist.org/observations/121635366,"2023-07-17 09:27:06"
6780,116543,bee,order,Lepidoptera,caterpillar,0,0,3,0,https://www.inaturalist.org/observations/121633281,"2023-07-17 09:27:06"
6781,116344,unidentified,genus,Anystis,Trombidiformes,0,0,2,0,https://www.inaturalist.org/observations/121610972,"2023-07-17 09:30:07"
6782,115409,bee,subclass,Pterygota,fly,0,0,1,0,https://www.inaturalist.org/observations/121091697,"2023-07-17 09:42:05"
6783,115134,beetle,suborder,Heteroptera,truebugs,0,0,3,1,https://www.inaturalist.org/observations/120970100,"2023-07-17 09:45:06"
6784,114900,spider,superfamily,Thomisoidea,spider,0,0,3,0,https://www.inaturalist.org/observations/120838317,"2023-07-17 09:48:05"
6785,111236,ant,infraorder,Entelegynae,spider,0,0,3,1,https://www.inaturalist.org/observations/119434009,"2023-07-10 09:51:05"
6786,110901,unidentified,suborder,Heteroptera,truebugs,0,0,1,0,https://www.inaturalist.org/observations/118963940,"2023-07-10 09:54:05"
6787,109451,other,order,Thysanoptera,Thysanoptera,0,0,1,0,https://www.inaturalist.org/observations/118561377,"2022-12-19 05:30:06"
6788,108703,other,order,Geophilomorpha,Geophilomorpha,0,0,1,0,https://www.inaturalist.org/observations/118421168,"2023-07-03 09:54:06"
6789,108227,unidentified,species,"Attalus scincetus",beetle,0,0,3,0,https://www.inaturalist.org/observations/118351977,"2023-06-26 09:30:06"
6790,105946,unidentified,family,Staphylinidae,beetle,0,0,2,0,https://www.inaturalist.org/observations/118203780,"2023-06-26 09:51:05"
6791,105807,unidentified,species,"Bibio superfluus",fly,0,0,2,0,https://www.inaturalist.org/observations/118188201,"2023-06-26 09:54:05"
6792,105748,unidentified,genus,Trioza,aphid,0,0,2,0,https://www.inaturalist.org/observations/118186804,"2023-06-26 09:54:05"
6793,105705,unidentified,species,"Neoxabea bipunctata",grasshopper,0,0,3,0,https://www.inaturalist.org/observations/118178291,"2023-06-26 09:54:05"
6794,105558,truebugs,superfamily,Curculionoidea,beetle,0,0,3,1,https://www.inaturalist.org/observations/118164733,"2023-06-26 09:57:06"
6795,105504,unidentified,suborder,Hemerobiiformia,Neuroptera,0,0,1,0,https://www.inaturalist.org/observations/118162134,"2023-06-26 09:57:06"
6796,105495,unidentified,suborder,Hemerobiiformia,Neuroptera,0,0,1,0,https://www.inaturalist.org/observations/118161801,"2023-06-26 09:57:06"
6797,105471,unidentified,family,Cicadellidae,leafhopper,0,0,1,0,https://www.inaturalist.org/observations/118159634,"2023-06-26 09:57:06"
6798,105455,unidentified,suborder,Hemerobiiformia,Neuroptera,0,0,1,0,https://www.inaturalist.org/observations/118158217,"2023-06-19 09:21:05"
6799,127202,beetle,superfamily,Pentatomoidea,truebugs,0,0,5,1,https://www.inaturalist.org/observations/126694664,"2024-05-20 09:36:05"
6800,127198,leafhopper,species,"Acanalonia conica",leafhopper,0,0,4,0,https://www.inaturalist.org/observations/126690090,"2024-05-20 09:36:05"
6801,127179,caterpillar,species,"Hyphantria cunea",caterpillar,0,0,3,0,https://www.inaturalist.org/observations/126680912,"2024-05-20 09:36:05"
6802,127176,spider,tribe,Misumenini,spider,0,0,3,0,https://www.inaturalist.org/observations/126679321,"2024-05-20 09:36:05"
6803,127170,leafhopper,family,Cicadellidae,leafhopper,0,0,2,0,https://www.inaturalist.org/observations/126676813,"2024-05-20 09:36:05"
6804,127167,beetle,superfamily,Pentatomoidea,truebugs,0,0,3,1,https://www.inaturalist.org/observations/126671806,"2024-05-20 09:36:05"
6805,127008,truebugs,genus,Acanalonia,leafhopper,0,0,3,1,https://www.inaturalist.org/observations/126470704,"2024-05-20 09:39:05"
6806,127000,ant,species,"Camponotus pennsylvanicus",ant,0,0,3,0,https://www.inaturalist.org/observations/126467052,"2024-05-20 09:39:05"
6807,126958,fly,tribe,Dolichopodini,fly,0,0,4,0,https://www.inaturalist.org/observations/126383295,"2024-05-20 09:39:05"
6808,126956,ant,genus,Formica,ant,0,0,2,0,https://www.inaturalist.org/observations/126382814,"2024-05-20 09:39:05"
6809,126947,beetle,species,"Harmonia axyridis",beetle,0,0,3,0,https://www.inaturalist.org/observations/126380505,"2024-05-20 09:39:05"
6810,126945,fly,family,Cecidomyiidae,fly,0,0,2,0,https://www.inaturalist.org/observations/126379680,"2024-05-20 09:39:05"
6811,126944,bee,superfamily,Chalcidoidea,bee,0,0,2,0,https://www.inaturalist.org/observations/126379290,"2024-05-20 09:39:05"
6812,126943,truebugs,genus,Hyaliodes,truebugs,0,0,2,0,https://www.inaturalist.org/observations/126378935,"2024-05-20 09:39:05"
6813,126940,grasshopper,species,"Meconema thalassinum",grasshopper,0,0,4,0,https://www.inaturalist.org/observations/126377713,"2024-05-20 09:39:05"
6814,126934,ant,complex,"Formica fusca",ant,0,0,2,0,https://www.inaturalist.org/observations/126375525,"2024-05-20 09:39:05"
6815,126933,leafhopper,species,"Metcalfa pruinosa",leafhopper,0,0,3,0,https://www.inaturalist.org/observations/126375120,"2024-05-20 09:39:05"
6816,126931,caterpillar,family,Geometridae,caterpillar,0,0,2,0,https://www.inaturalist.org/observations/126374613,"2024-05-20 09:39:05"
6817,126928,bee,infraorder,Proctotrupomorpha,bee,0,0,2,0,https://www.inaturalist.org/observations/126374273,"2024-05-20 09:39:05"
6818,126926,ant,species,"Monomorium minimum",ant,0,0,3,0,https://www.inaturalist.org/observations/126373441,"2024-05-20 09:39:05"
6819,126918,ant,subgenus,Myrmentoma,ant,0,0,3,0,https://www.inaturalist.org/observations/126372232,"2024-05-20 09:39:05"
6820,126917,ant,species,"Camponotus snellingi",ant,0,0,3,0,https://www.inaturalist.org/observations/126371915,"2024-05-20 09:39:05"
6821,126916,other,order,Stylommatophora,Stylommatophora,0,0,1,0,https://www.inaturalist.org/observations/126371528,"2024-05-20 09:42:05"
6822,126913,beetle,species,"Pseudocneorhinus bifasciatus",beetle,0,0,2,0,https://www.inaturalist.org/observations/126370743,"2024-05-20 09:42:05"
6823,126901,fly,family,Cecidomyiidae,fly,0,0,2,0,https://www.inaturalist.org/observations/126368328,"2024-05-20 09:42:05"
6824,126898,fly,genus,Gymnopternus,fly,0,0,4,0,https://www.inaturalist.org/observations/126367092,"2024-05-20 09:42:05"
6825,126897,ant,subgenus,Myrmentoma,ant,0,0,4,0,https://www.inaturalist.org/observations/126366523,"2024-05-20 09:42:05"
6826,126894,fly,infraorder,Tipulomorpha,fly,0,0,3,0,https://www.inaturalist.org/observations/126366134,"2024-05-20 09:42:05"
6827,126891,ant,subgenus,Myrmentoma,ant,0,0,3,0,https://www.inaturalist.org/observations/126365777,"2024-05-20 09:42:05"
6828,126890,ant,subgenus,Myrmentoma,ant,0,0,4,0,https://www.inaturalist.org/observations/126365410,"2024-05-20 09:42:05"
6829,126886,caterpillar,species,"Acronicta americana",caterpillar,0,0,3,0,https://www.inaturalist.org/observations/126364661,"2024-05-20 09:42:05"
6830,126882,beetle,subfamily,Alleculinae,beetle,0,0,2,0,https://www.inaturalist.org/observations/126363400,"2024-05-20 09:42:05"
6831,126881,bee,superfamily,Chalcidoidea,bee,0,0,2,0,https://www.inaturalist.org/observations/126363032,"2024-05-20 09:42:05"
6832,126871,truebugs,genus,Hyaliodes,truebugs,0,0,2,0,https://www.inaturalist.org/observations/126361164,"2024-05-20 09:42:05"
6833,126870,beetle,family,Elateridae,beetle,0,0,2,0,https://www.inaturalist.org/observations/126360847,"2024-05-20 09:42:05"
6834,126865,beetle,family,Elateridae,beetle,0,0,2,0,https://www.inaturalist.org/observations/126360572,"2024-05-20 09:42:05"
6835,126860,caterpillar,species,"Halysidota tessellaris",caterpillar,0,0,4,0,https://www.inaturalist.org/observations/126359879,"2024-05-20 09:42:05"
6836,126844,caterpillar,species,"Acronicta retardata",caterpillar,0,0,3,0,https://www.inaturalist.org/observations/126356858,"2024-05-20 09:42:05"
6837,126837,leafhopper,species,"Agalliopsis ancistra",leafhopper,0,0,2,0,https://www.inaturalist.org/observations/126355579,"2024-05-20 09:42:05"
6838,126836,beetle,family,Chrysomelidae,beetle,0,0,2,0,https://www.inaturalist.org/observations/126355215,"2024-05-20 09:42:05"
6839,126833,ant,complex,"Formica neogagates",ant,0,0,3,0,https://www.inaturalist.org/observations/126354491,"2024-05-20 09:42:05"
6840,126832,fly,genus,Gymnopternus,fly,0,0,4,0,https://www.inaturalist.org/observations/126354109,"2024-05-20 09:42:05"
6841,126827,fly,family,Cecidomyiidae,fly,0,0,3,0,https://www.inaturalist.org/observations/126352172,"2024-05-20 09:45:05"
6842,126819,ant,complex,"Formica fusca",ant,0,0,2,0,https://www.inaturalist.org/observations/126350897,"2024-05-20 09:45:05"
6843,126812,leafhopper,species,"Metcalfa pruinosa",leafhopper,0,0,3,0,https://www.inaturalist.org/observations/126349399,"2024-05-20 09:45:05"
6844,126802,ant,species,"Temnothorax curvispinosus",ant,0,0,3,0,https://www.inaturalist.org/observations/126348305,"2024-05-20 09:45:05"
6845,126801,fly,family,Cecidomyiidae,fly,0,0,2,0,https://www.inaturalist.org/observations/126347888,"2024-05-20 09:45:05"
6846,126797,fly,genus,Gymnopternus,fly,0,0,3,0,https://www.inaturalist.org/observations/126346542,"2024-05-20 09:45:05"
6847,126780,caterpillar,species,"Natada nasoni",caterpillar,0,0,4,0,https://www.inaturalist.org/observations/126344721,"2024-05-20 09:45:05"
6848,126745,fly,complex,"Condylostylus caudatus",fly,0,0,4,0,https://www.inaturalist.org/observations/126340154,"2024-05-20 09:45:05"
6849,126743,fly,family,Sciaridae,fly,0,0,2,0,https://www.inaturalist.org/observations/126339478,"2024-05-20 09:45:05"
6850,126739,ant,complex,"Formica fusca",ant,0,0,2,0,https://www.inaturalist.org/observations/126338285,"2024-05-20 09:45:05"
6851,126738,ant,subgenus,Crematogaster,ant,0,0,3,0,https://www.inaturalist.org/observations/126338004,"2024-05-20 09:45:05"
6852,126714,fly,genus,Gymnopternus,fly,0,0,3,0,https://www.inaturalist.org/observations/126334493,"2024-05-20 09:48:05"
6853,126695,ant,species,"Camponotus subbarbatus",ant,0,0,3,0,https://www.inaturalist.org/observations/126254005,"2024-05-20 09:48:05"
6854,126686,truebugs,superfamily,Curculionoidea,beetle,0,0,4,1,https://www.inaturalist.org/observations/126250632,"2024-05-20 09:48:05"
6855,126678,ant,subgenus,Myrmentoma,ant,0,0,3,0,https://www.inaturalist.org/observations/126248706,"2024-05-20 09:48:05"
6856,126677,unidentified,order,Archaeognatha,Archaeognatha,0,0,1,0,https://www.inaturalist.org/observations/126248316,"2024-05-20 09:48:05"
6857,126638,beetle,suborder,Heteroptera,truebugs,0,0,3,1,https://www.inaturalist.org/observations/126214454,"2024-05-20 09:48:05"
6858,126600,beetle,species,"Pseudoedophrys hilleri",beetle,0,0,2,0,https://www.inaturalist.org/observations/126210691,"2024-05-20 09:48:05"
6859,126599,beetle,genus,Rhagonycha,beetle,0,0,3,0,https://www.inaturalist.org/observations/126210368,"2024-05-20 09:48:05"
6861,126592,other,suborder,Hemerobiiformia,Neuroptera,0,0,1,0,https://www.inaturalist.org/observations/126209526,"2024-05-20 09:48:05"
6862,126584,fly,complex,"Condylostylus sipho",fly,0,0,3,0,https://www.inaturalist.org/observations/126209069,"2024-05-20 09:48:05"
6863,126460,grasshopper,species,"Meconema thalassinum",grasshopper,0,0,5,0,https://www.inaturalist.org/observations/126136281,"2024-05-20 09:48:05"
6864,126457,other,complex,"Forficula auricularia",Dermaptera,0,0,4,0,https://www.inaturalist.org/observations/126113200,"2024-05-20 09:48:05"
6865,126456,beetle,species,"Popillia japonica",beetle,0,0,3,0,https://www.inaturalist.org/observations/126112788,"2024-05-20 09:48:05"
6866,126454,spider,family,Theridiidae,spider,0,0,2,0,https://www.inaturalist.org/observations/126112365,"2024-05-20 09:48:05"
6867,126453,other,infraorder,Epidermaptera,Dermaptera,0,0,2,0,https://www.inaturalist.org/observations/126112056,"2024-05-20 09:48:05"
6868,126451,fly,order,Psocodea,Psocodea,0,0,3,1,https://www.inaturalist.org/observations/126111711,"2024-05-20 09:48:05"
6869,126450,beetle,family,Aderidae,beetle,0,0,2,0,https://www.inaturalist.org/observations/126111338,"2024-05-20 09:48:05"
6870,126449,beetle,family,Aderidae,beetle,0,0,2,0,https://www.inaturalist.org/observations/126111046,"2024-05-20 09:48:05"
6871,126448,fly,subclass,Pterygota,bee,0,0,2,1,https://www.inaturalist.org/observations/126110698,"2024-05-20 09:48:05"
6872,126445,spider,family,Theridiidae,spider,0,0,2,0,https://www.inaturalist.org/observations/126110362,"2024-05-20 09:51:05"
6873,126444,fly,suborder,Apocrita,bee,0,0,4,1,https://www.inaturalist.org/observations/126109956,"2024-05-20 09:51:05"
6874,126437,beetle,order,Psocodea,Psocodea,0,0,3,1,https://www.inaturalist.org/observations/126108782,"2024-05-20 09:51:05"
6875,126433,leafhopper,genus,Acanalonia,leafhopper,0,0,2,0,https://www.inaturalist.org/observations/126107560,"2024-05-20 09:51:05"
6876,126425,beetle,species,"Cyrtepistomus castaneus",beetle,0,0,2,0,https://www.inaturalist.org/observations/126106095,"2024-05-20 09:51:05"
6877,126424,beetle,species,"Propylea quatuordecimpunctata",beetle,0,0,4,0,https://www.inaturalist.org/observations/126105692,"2024-05-20 09:51:05"
6878,126285,beetle,species,"Synolabus bipustulatus",beetle,0,0,3,0,https://www.inaturalist.org/observations/126101415,"2024-05-20 09:51:05"
6879,126283,daddylonglegs,family,Formicidae,ant,0,0,3,1,https://www.inaturalist.org/observations/126100576,"2024-05-20 09:51:05"
6880,126282,caterpillar,genus,Acronicta,caterpillar,0,0,2,0,https://www.inaturalist.org/observations/126100157,"2024-05-20 09:51:05"
6881,126281,bee,infraorder,Proctotrupomorpha,bee,0,0,2,0,https://www.inaturalist.org/observations/126099732,"2024-05-20 09:51:05"
6882,126280,fly,genus,Gymnopternus,fly,0,0,4,0,https://www.inaturalist.org/observations/126099341,"2024-05-20 09:51:05"
6883,126265,bee,infraorder,Proctotrupomorpha,bee,0,0,2,0,https://www.inaturalist.org/observations/126097269,"2024-05-20 09:51:05"
6884,126263,ant,subgenus,Myrmentoma,ant,0,0,2,0,https://www.inaturalist.org/observations/126096506,"2024-05-20 09:51:05"
6885,126257,fly,suborder,Heteroptera,truebugs,0,0,3,1,https://www.inaturalist.org/observations/126095391,"2024-05-20 09:51:05"
6886,126256,truebugs,superfamily,Pentatomoidea,truebugs,0,0,2,0,https://www.inaturalist.org/observations/126095050,"2024-05-20 09:51:05"
6887,126255,beetle,species,"Mordella marginata",beetle,0,0,3,0,https://www.inaturalist.org/observations/126094746,"2024-05-20 09:51:05"
6888,126252,beetle,family,Chrysomelidae,beetle,0,0,2,0,https://www.inaturalist.org/observations/126094268,"2024-05-20 09:51:05"
6889,126250,fly,genus,Gymnopternus,fly,0,0,4,0,https://www.inaturalist.org/observations/126093495,"2024-05-20 09:51:05"
6890,126249,spider,genus,Wulfila,spider,0,0,3,0,https://www.inaturalist.org/observations/126093120,"2024-05-20 09:51:05"
6891,126247,beetle,family,Scirtidae,beetle,0,0,2,0,https://www.inaturalist.org/observations/126092500,"2024-05-20 09:51:05"
6892,126246,leafhopper,genus,Cedusa,leafhopper,0,0,3,0,https://www.inaturalist.org/observations/126092082,"2024-05-20 09:51:05"
6893,126242,ant,genus,Formica,ant,0,0,2,0,https://www.inaturalist.org/observations/126091128,"2024-05-20 09:51:05"
6894,126240,fly,genus,Gymnopternus,fly,0,0,4,0,https://www.inaturalist.org/observations/126090458,"2024-05-20 09:51:05"
6895,126238,fly,genus,Gymnopternus,fly,0,0,4,0,https://www.inaturalist.org/observations/126089785,"2024-05-20 09:51:05"
6896,126233,fly,family,Chironomidae,fly,0,0,2,0,https://www.inaturalist.org/observations/126087975,"2024-05-20 09:54:05"
6897,126230,bee,superfamily,Chalcidoidea,bee,0,0,2,0,https://www.inaturalist.org/observations/126086800,"2024-05-20 09:54:05"
6898,126225,fly,family,Chironomidae,fly,0,0,2,0,https://www.inaturalist.org/observations/126085331,"2024-05-20 09:54:05"
6899,126224,beetle,species,"Harmonia axyridis",beetle,0,0,4,0,https://www.inaturalist.org/observations/126084942,"2024-05-20 09:54:05"
6900,126218,spider,infraorder,Entelegynae,spider,0,0,2,0,https://www.inaturalist.org/observations/126083360,"2024-05-20 09:54:05"
6901,126217,spider,infraorder,Entelegynae,spider,0,0,2,0,https://www.inaturalist.org/observations/126082982,"2024-05-20 09:54:05"
6902,126216,fly,genus,Gymnopternus,fly,0,0,4,0,https://www.inaturalist.org/observations/126082563,"2024-05-20 09:54:05"
6903,126215,fly,tribe,Dolichopodini,fly,0,0,4,0,https://www.inaturalist.org/observations/126082102,"2024-05-20 09:54:05"
6904,126214,fly,family,Chironomidae,fly,0,0,2,0,https://www.inaturalist.org/observations/126081685,"2024-05-20 09:54:05"
6905,126212,spider,infraorder,Entelegynae,spider,0,0,2,0,https://www.inaturalist.org/observations/126080928,"2024-05-20 09:54:05"
6906,126209,ant,subgenus,Crematogaster,ant,0,0,2,0,https://www.inaturalist.org/observations/126080535,"2024-05-20 09:54:05"
6907,126208,ant,complex,"Formica fusca",ant,0,0,2,0,https://www.inaturalist.org/observations/126080161,"2024-05-20 09:54:05"
6908,126207,fly,genus,Gymnopternus,fly,0,0,4,0,https://www.inaturalist.org/observations/126079831,"2024-05-20 09:54:05"
6909,126206,fly,tribe,Dolichopodini,fly,0,0,4,0,https://www.inaturalist.org/observations/126079430,"2024-05-20 09:54:05"
6910,126205,ant,species,"Tapinoma sessile",ant,0,0,3,0,https://www.inaturalist.org/observations/126079111,"2024-05-20 09:54:05"
6911,126199,grasshopper,species,"Neoxabea bipunctata",grasshopper,0,0,4,0,https://www.inaturalist.org/observations/126076865,"2024-05-20 09:54:05"
6912,126183,beetle,family,Chrysomelidae,beetle,0,0,2,0,https://www.inaturalist.org/observations/126076108,"2024-05-20 09:54:05"
6913,126163,beetle,superfamily,Pentatomoidea,truebugs,0,0,3,1,https://www.inaturalist.org/observations/126074058,"2024-05-20 09:54:05"
6914,126162,beetle,species,"Polydrusus formosus",beetle,0,0,4,0,https://www.inaturalist.org/observations/126073668,"2024-05-20 09:54:05"
6915,126160,beetle,species,"Cyrtepistomus castaneus",beetle,0,0,2,0,https://www.inaturalist.org/observations/126072792,"2024-05-20 09:54:05"
6916,126159,beetle,species,"Odontota dorsalis",beetle,0,0,3,0,https://www.inaturalist.org/observations/126072380,"2024-05-20 09:54:05"
6917,126158,unidentified,order,Psocodea,Psocodea,0,0,1,0,https://www.inaturalist.org/observations/126072027,"2024-05-20 09:54:05"
6918,126156,beetle,family,Clastopteridae,leafhopper,0,0,5,1,https://www.inaturalist.org/observations/126071183,"2024-05-20 09:54:05"
6919,126153,beetle,species,"Cyrtepistomus castaneus",beetle,0,0,2,0,https://www.inaturalist.org/observations/126070403,"2024-05-20 09:54:05"
6920,126152,moths,genus,Acrobasis,moths,0,0,2,0,https://www.inaturalist.org/observations/126070037,"2024-05-20 09:54:05"
6921,126142,beetle,species,"Pseudoedophrys hilleri",beetle,0,0,2,0,https://www.inaturalist.org/observations/126069217,"2024-05-20 09:57:05"
6922,126131,unidentified,suborder,Heteroptera,truebugs,0,0,1,0,https://www.inaturalist.org/observations/126068427,"2024-05-20 09:57:05"
6923,126091,unidentified,order,Thysanoptera,Thysanoptera,0,0,1,0,https://www.inaturalist.org/observations/126066468,"2024-05-20 09:57:05"
6924,126059,bee,family,Mordellidae,beetle,0,0,4,1,https://www.inaturalist.org/observations/126062619,"2024-05-20 09:57:05"
6925,126007,bee,genus,Lasioglossum,bee,0,0,3,0,https://www.inaturalist.org/observations/126058793,"2024-05-20 09:57:05"
6926,124985,spider,genus,Araneus,spider,0,0,3,0,https://www.inaturalist.org/observations/125974326,"2024-05-20 09:57:05"
6927,124984,unidentified,order,Hemiptera,truebugs,0,0,1,0,https://www.inaturalist.org/observations/125973860,"2024-05-20 09:57:05"
6928,124959,caterpillar,subtribe,Sphingina,caterpillar,0,0,4,0,https://www.inaturalist.org/observations/125971034,"2024-05-20 09:57:05"
6929,124928,caterpillar,genus,Asterocampa,caterpillar,0,0,3,0,https://www.inaturalist.org/observations/125968885,"2024-05-20 09:57:05"
6930,124927,ant,order,Hemiptera,truebugs,0,0,3,1,https://www.inaturalist.org/observations/125968489,"2024-05-20 09:57:05"
6931,125859,caterpillar,species,"Phobetron pithecium",caterpillar,0,0,3,0,https://www.inaturalist.org/observations/125951965,"2024-05-13 09:33:04"
6932,125842,caterpillar,order,Lepidoptera,caterpillar,0,0,3,0,https://www.inaturalist.org/observations/125949238,"2024-05-13 09:33:04"
6933,125835,fly,genus,Chrysops,fly,0,0,3,0,https://www.inaturalist.org/observations/125948843,"2024-05-13 09:33:04"
6934,125834,truebugs,species,"Euschistus servus",truebugs,0,0,2,0,https://www.inaturalist.org/observations/125948452,"2024-05-13 09:33:04"
6935,125832,fly,species,"Anthrax argyropygus",fly,0,0,4,0,https://www.inaturalist.org/observations/125947979,"2024-05-13 09:33:04"
6936,125827,beetle,family,Elateridae,beetle,0,0,2,0,https://www.inaturalist.org/observations/125947236,"2024-05-13 09:33:04"
6937,125819,leafhopper,species,"Ormenoides venusta",leafhopper,0,0,3,0,https://www.inaturalist.org/observations/125946434,"2024-05-13 09:33:04"
6938,125818,caterpillar,order,Lepidoptera,caterpillar,0,0,3,0,https://www.inaturalist.org/observations/125946025,"2024-05-13 09:33:04"
6939,125817,ant,complex,"Monomorium minimum",ant,0,0,3,0,https://www.inaturalist.org/observations/125945580,"2024-05-13 09:33:04"
6940,125816,beetle,subfamily,Eumolpinae,beetle,0,0,2,0,https://www.inaturalist.org/observations/125945208,"2024-05-13 09:33:04"
6941,125800,beetle,family,Chrysomelidae,beetle,0,0,2,0,https://www.inaturalist.org/observations/125943640,"2024-05-13 09:33:04"
6942,125799,spider,species,"Verrucosa arenata",spider,0,0,3,0,https://www.inaturalist.org/observations/125943232,"2024-05-13 09:33:04"
6943,125796,leafhopper,species,"Ormenoides venusta",leafhopper,0,0,3,0,https://www.inaturalist.org/observations/125942876,"2024-05-13 09:33:04"
6944,125795,caterpillar,order,Lepidoptera,caterpillar,0,0,3,0,https://www.inaturalist.org/observations/125942432,"2024-05-13 09:33:04"
6945,125794,caterpillar,tribe,Orgyiini,caterpillar,0,0,3,0,https://www.inaturalist.org/observations/125941994,"2024-05-13 09:33:04"
6946,125782,caterpillar,order,Lepidoptera,caterpillar,0,0,2,0,https://www.inaturalist.org/observations/125939757,"2024-05-13 09:33:04"
6947,125736,leafhopper,species,"Ormenoides venusta",leafhopper,0,0,2,0,https://www.inaturalist.org/observations/125935377,"2024-05-13 09:36:04"
6948,125733,leafhopper,species,"Acanalonia conica",leafhopper,0,0,3,0,https://www.inaturalist.org/observations/125934478,"2024-05-13 09:36:04"
6949,125730,leafhopper,species,"Ormenoides venusta",leafhopper,0,0,3,0,https://www.inaturalist.org/observations/125933995,"2024-05-13 09:36:04"
6950,125712,caterpillar,species,"Acronicta americana",caterpillar,0,0,3,0,https://www.inaturalist.org/observations/125931404,"2024-05-13 09:36:04"
6951,125711,caterpillar,species,"Acronicta americana",caterpillar,0,0,3,0,https://www.inaturalist.org/observations/125931035,"2024-05-13 09:36:04"
6952,125704,leafhopper,species,"Graphocephala coccinea",leafhopper,0,0,3,0,https://www.inaturalist.org/observations/125930096,"2024-05-13 09:36:04"
6953,125702,ant,species,"Lasius neoniger",ant,0,0,3,0,https://www.inaturalist.org/observations/125929594,"2024-05-13 09:36:04"
6954,125696,leafhopper,species,"Pelitropis rotulata",leafhopper,0,0,2,0,https://www.inaturalist.org/observations/125928169,"2024-05-13 09:36:04"
6955,125695,ant,subgenus,Myrmentoma,ant,0,0,4,0,https://www.inaturalist.org/observations/125927762,"2024-05-13 09:36:04"
6956,125666,spider,species,"Verrucosa arenata",spider,0,0,3,0,https://www.inaturalist.org/observations/125922665,"2024-05-13 09:36:04"
6957,125661,leafhopper,species,"Ormenoides venusta",leafhopper,0,0,3,0,https://www.inaturalist.org/observations/125921903,"2024-05-13 09:36:04"
6958,125660,leafhopper,species,"Metcalfa pruinosa",leafhopper,0,0,3,0,https://www.inaturalist.org/observations/125921597,"2024-05-13 09:36:04"
6959,125639,beetle,species,"Harmonia axyridis",beetle,0,0,3,0,https://www.inaturalist.org/observations/125832508,"2024-05-13 09:36:04"
6960,125638,truebugs,order,Coleoptera,beetle,0,0,3,1,https://www.inaturalist.org/observations/125831976,"2024-05-13 09:36:04"
6961,125633,beetle,species,"Harmonia axyridis",beetle,1,0,4,0,https://www.inaturalist.org/observations/125828061,"2024-05-13 09:36:04"
6962,125608,truebugs,genus,Hyaliodes,truebugs,0,0,2,0,https://www.inaturalist.org/observations/125824262,"2024-05-13 09:36:04"
6963,125601,other,genus,Triaenodes,Trichoptera,0,0,1,0,https://www.inaturalist.org/observations/125821766,"2024-05-13 09:39:04"
6964,125575,fly,species,"Stenochironomus cinctus",fly,0,0,5,0,https://www.inaturalist.org/observations/125818972,"2024-05-13 09:39:04"
6965,125573,other,order,Psocodea,Psocodea,0,0,1,0,https://www.inaturalist.org/observations/125817952,"2024-05-13 09:39:04"
6966,125568,grasshopper,genus,Oecanthus,grasshopper,0,0,4,0,https://www.inaturalist.org/observations/125816587,"2024-05-13 09:39:04"
6967,125562,grasshopper,genus,Oecanthus,grasshopper,0,0,4,0,https://www.inaturalist.org/observations/125815812,"2024-05-13 09:39:04"
6968,125557,truebugs,family,Miridae,truebugs,0,0,2,0,https://www.inaturalist.org/observations/125814276,"2024-05-13 09:39:04"
6969,125552,moths,species,"Argyresthia oreasella",moths,0,0,3,0,https://www.inaturalist.org/observations/125812866,"2024-05-13 09:39:04"
6970,125551,fly,family,Chironomidae,fly,0,0,2,0,https://www.inaturalist.org/observations/125812454,"2024-05-13 09:39:04"
6971,125455,spider,species,"Misumessus oblongus",spider,0,0,3,0,https://www.inaturalist.org/observations/125781266,"2024-05-13 09:39:04"
6972,125415,leafhopper,tribe,Nephesini,leafhopper,0,0,3,0,https://www.inaturalist.org/observations/125778002,"2024-05-13 09:39:04"
6973,125375,leafhopper,species,"Ormenoides venusta",leafhopper,0,0,3,0,https://www.inaturalist.org/observations/125773665,"2024-05-13 09:39:04"
6974,125244,beetle,species,"Cyrtepistomus castaneus",beetle,0,0,2,0,https://www.inaturalist.org/observations/125643619,"2024-05-13 09:39:04"
6975,125216,daddylonglegs,order,Opiliones,daddylonglegs,0,0,2,0,https://www.inaturalist.org/observations/125619264,"2024-05-13 09:42:04"
6976,125215,aphid,order,Hemiptera,truebugs,0,0,2,1,https://www.inaturalist.org/observations/125618304,"2024-05-13 09:42:04"
6977,124919,ant,species,"Monomorium minimum",ant,0,0,3,0,https://www.inaturalist.org/observations/125350193,"2024-05-13 09:42:04"
6978,124915,ant,species,"Monomorium minimum",ant,0,0,3,0,https://www.inaturalist.org/observations/125349213,"2024-05-13 09:42:04"
6979,124893,beetle,family,Eucnemidae,beetle,0,0,2,0,https://www.inaturalist.org/observations/125347235,"2024-05-13 09:42:04"
6980,124891,beetle,genus,Rhagonycha,beetle,0,0,3,0,https://www.inaturalist.org/observations/125346456,"2024-05-13 09:42:04"
6981,124887,beetle,family,Mordellidae,beetle,0,0,2,0,https://www.inaturalist.org/observations/125345187,"2024-05-13 09:42:04"
6982,124886,beetle,family,Mordellidae,beetle,0,0,2,0,https://www.inaturalist.org/observations/125344839,"2024-05-13 09:42:04"
6983,124868,other,family,Tingidae,truebugs,0,0,1,0,https://www.inaturalist.org/observations/125339902,"2022-11-07 02:06:07"
6984,124849,beetle,species,"Strangalia famelica",beetle,0,0,4,0,https://www.inaturalist.org/observations/125335548,"2024-05-13 09:42:04"
6985,124848,beetle,genus,Rhagonycha,beetle,0,0,3,0,https://www.inaturalist.org/observations/125335119,"2024-05-13 09:42:04"
6986,124832,beetle,species,"Pseudoedophrys hilleri",beetle,0,0,2,0,https://www.inaturalist.org/observations/125333776,"2024-05-13 09:45:04"
6987,124821,beetle,species,"Cyrtepistomus castaneus",beetle,0,0,2,0,https://www.inaturalist.org/observations/125332618,"2024-05-13 09:45:04"
6988,124796,beetle,species,"Pseudocneorhinus bifasciatus",beetle,0,0,2,0,https://www.inaturalist.org/observations/125328096,"2024-05-13 09:45:04"
6989,124781,beetle,genus,Rhagonycha,beetle,0,0,3,0,https://www.inaturalist.org/observations/125325635,"2024-05-13 09:45:04"
6990,124747,beetle,family,Elateridae,beetle,0,0,2,0,https://www.inaturalist.org/observations/125320282,"2024-05-13 09:45:04"
6991,124745,beetle,genus,Rhagonycha,beetle,0,0,3,0,https://www.inaturalist.org/observations/125319892,"2024-05-13 09:45:04"
6992,124732,truebugs,genus,Hyaliodes,truebugs,0,0,2,0,https://www.inaturalist.org/observations/125316345,"2024-05-13 09:45:04"
6993,124720,beetle,species,"Cyrtepistomus castaneus",beetle,0,0,2,0,https://www.inaturalist.org/observations/125314983,"2024-05-13 09:45:04"
6994,124713,other,order,Psocodea,Psocodea,0,0,1,0,https://www.inaturalist.org/observations/125313780,"2024-05-13 09:45:04"
6995,124688,beetle,family,Elateridae,beetle,0,0,2,0,https://www.inaturalist.org/observations/125308710,"2024-05-13 09:48:04"
6996,124607,beetle,species,"Pseudocneorhinus bifasciatus",beetle,0,0,3,0,https://www.inaturalist.org/observations/125300760,"2024-05-13 09:48:04"
6997,124579,other,order,Psocodea,Psocodea,0,0,1,0,https://www.inaturalist.org/observations/125300113,"2024-05-13 09:48:04"
6998,124569,truebugs,family,Miridae,truebugs,0,0,2,0,https://www.inaturalist.org/observations/125297877,"2024-05-13 09:48:04"
6999,124566,beetle,species,"Psyllobora vigintimaculata",beetle,0,0,4,0,https://www.inaturalist.org/observations/125296823,"2024-05-13 09:48:04"
7000,124373,unidentified,species,"Pantomorus cervinus",beetle,0,0,2,0,https://www.inaturalist.org/observations/125180354,"2024-05-13 09:51:03"
7001,124274,moths,species,"Anageshna primordialis",moths,0,0,2,0,https://www.inaturalist.org/observations/125163618,"2024-05-13 09:51:03"
7002,124086,truebugs,suborder,Auchenorrhyncha,leafhopper,0,0,3,1,https://www.inaturalist.org/observations/125056642,"2024-05-13 09:57:04"
7003,123976,fly,species,"Condylostylus patibulatus",fly,0,0,3,0,https://www.inaturalist.org/observations/125033169,"2024-05-06 09:42:04"
7004,123957,unidentified,order,Psocodea,Psocodea,0,0,1,0,https://www.inaturalist.org/observations/125029844,"2024-05-06 09:42:04"
7005,123947,unidentified,order,Entomobryomorpha,Entomobryomorpha,0,0,1,0,https://www.inaturalist.org/observations/125027702,"2024-05-06 09:42:04"
7006,123928,beetle,family,Elateridae,beetle,0,0,2,0,https://www.inaturalist.org/observations/125022922,"2024-05-06 09:42:04"
7007,123911,beetle,species,"Pseudoedophrys hilleri",beetle,0,0,2,0,https://www.inaturalist.org/observations/125020825,"2024-05-06 09:42:04"
7008,123784,beetle,family,Mordellidae,beetle,0,0,2,0,https://www.inaturalist.org/observations/124929370,"2024-05-06 09:45:04"
7009,123777,truebugs,infraorder,Fulgoromorpha,leafhopper,0,0,4,1,https://www.inaturalist.org/observations/124926946,"2024-05-06 09:45:04"
7010,123729,beetle,family,Chrysomelidae,beetle,0,0,2,0,https://www.inaturalist.org/observations/124913025,"2024-05-06 09:45:04"
7011,123664,beetle,family,Chrysomelidae,beetle,0,0,2,0,https://www.inaturalist.org/observations/124903666,"2024-05-06 09:45:04"
7012,123655,beetle,species,"Brachys aerosus",beetle,0,0,4,0,https://www.inaturalist.org/observations/124901880,"2024-05-06 09:45:04"
7013,123546,moths,genus,Hypagyrtis,moths,0,0,2,0,https://www.inaturalist.org/observations/124887532,"2024-05-06 09:48:04"
7014,123510,beetle,family,Elateridae,beetle,0,0,2,0,https://www.inaturalist.org/observations/124882416,"2024-05-06 09:48:04"
7015,123442,ant,subgenus,Myrmentoma,ant,0,0,2,0,https://www.inaturalist.org/observations/124877292,"2024-05-06 09:48:04"
7016,122062,beetle,family,Cantharidae,beetle,0,0,2,0,https://www.inaturalist.org/observations/124003905,"2023-09-11 09:57:05"
7018,120770,leafhopper,family,Reduviidae,truebugs,0,0,3,1,https://www.inaturalist.org/observations/123269909,"2023-08-14 09:54:04"
7019,120676,truebugs,family,Cercopidae,leafhopper,0,0,3,1,https://www.inaturalist.org/observations/123253804,"2023-08-14 09:57:04"
7020,120318,truebugs,family,Cercopidae,leafhopper,0,0,3,1,https://www.inaturalist.org/observations/123129640,"2023-08-07 09:57:05"
7021,119724,caterpillar,genus,Profenusa,bee,0,1,1,0,https://www.inaturalist.org/observations/122973211,"2023-07-31 09:51:05"
7022,118378,moths,genus,Acrolophus,moths,0,0,2,0,https://www.inaturalist.org/observations/122208001,"2023-07-24 09:39:05"
7023,118260,beetle,subtribe,Cryptocephalina,beetle,0,0,3,0,https://www.inaturalist.org/observations/122183691,"2023-07-24 09:42:05"
7024,117359,beetle,genus,Contacyphon,beetle,0,0,3,0,https://www.inaturalist.org/observations/121928417,"2023-07-24 09:51:06"
7025,117285,beetle,family,Chrysomelidae,beetle,0,0,2,0,https://www.inaturalist.org/observations/121904878,"2023-07-24 09:54:06"
7026,117284,beetle,species,"Cyrtepistomus castaneus",beetle,0,0,2,0,https://www.inaturalist.org/observations/121904584,"2023-07-24 09:57:05"
7027,116787,beetle,family,Cerambycidae,beetle,0,0,2,0,https://www.inaturalist.org/observations/121744113,"2023-07-17 09:24:06"
7028,115601,beetle,genus,Contacyphon,beetle,0,0,3,0,https://www.inaturalist.org/observations/121119058,"2023-07-17 09:36:05"
7029,115600,beetle,family,Lycidae,beetle,0,0,2,0,https://www.inaturalist.org/observations/121118717,"2023-07-17 09:36:05"
7030,115336,beetle,genus,Photuris,beetle,0,0,4,0,https://www.inaturalist.org/observations/121086276,"2023-07-17 09:42:05"
7031,114630,truebugs,suborder,Auchenorrhyncha,leafhopper,0,0,3,1,https://www.inaturalist.org/observations/120717179,"2023-07-17 09:54:06"
7032,111198,beetle,species,"Lechriops oculatus",beetle,0,0,2,0,https://www.inaturalist.org/observations/119425570,"2023-07-10 09:54:05"
7033,110352,beetle,family,Elateridae,beetle,0,0,2,0,https://www.inaturalist.org/observations/118914007,"2023-07-03 09:33:07"
7034,110043,beetle,family,Cantharidae,beetle,0,0,2,0,https://www.inaturalist.org/observations/118795650,"2023-07-03 09:36:06"
7035,109113,beetle,species,"Phyllobius oblongus",beetle,0,0,2,0,https://www.inaturalist.org/observations/118525983,"2023-07-03 09:48:06"
7036,108861,beetle,family,Mordellidae,beetle,0,0,2,0,https://www.inaturalist.org/observations/118508441,"2023-07-03 09:51:05"
7037,104878,leafhopper,species,"Zelus luridus",truebugs,0,0,3,1,https://www.inaturalist.org/observations/96524041,"2023-06-19 09:27:05"
7038,102766,unidentified,order,Trombidiformes,Trombidiformes,0,0,1,0,https://www.inaturalist.org/observations/90899046,"2023-06-19 09:51:06"
7039,102672,bee,subclass,Pterygota,bee,0,1,2,1,https://www.inaturalist.org/observations/90667227,"2023-06-19 09:54:05"
7040,102251,unidentified,order,Psocodea,Psocodea,0,0,1,0,https://www.inaturalist.org/observations/90169026,"2023-06-12 09:24:06"
7041,101278,leafhopper,genus,Zelus,truebugs,0,0,3,1,https://www.inaturalist.org/observations/89205918,"2023-06-12 09:33:05"
7042,100829,bee,subfamily,Tiphiinae,bee,0,0,2,0,https://www.inaturalist.org/observations/88969891,"2023-06-12 09:39:05"
7043,100709,bee,family,Pompilidae,bee,0,0,2,0,https://www.inaturalist.org/observations/88871924,"2023-06-12 09:42:06"
7044,100508,spider,infraorder,Entelegynae,spider,0,0,3,1,https://www.inaturalist.org/observations/88703449,"2023-06-12 09:45:06"
7045,100507,spider,infraorder,Entelegynae,spider,0,0,3,1,https://www.inaturalist.org/observations/88703135,"2023-06-12 09:45:06"
7046,100130,ant,subgenus,Myrmentoma,ant,0,0,2,0,https://www.inaturalist.org/observations/88377081,"2023-06-12 09:45:06"
7047,99411,unidentified,suborder,Hemerobiiformia,Neuroptera,0,0,1,0,https://www.inaturalist.org/observations/88117842,"2023-06-12 09:51:06"
7048,99199,beetle,family,Cantharidae,beetle,0,0,2,0,https://www.inaturalist.org/observations/87993820,"2023-06-12 09:54:05"
7049,99180,beetle,genus,Contacyphon,beetle,0,0,3,0,https://www.inaturalist.org/observations/87990300,"2023-06-12 09:54:05"
7050,98732,bee,family,Crabronidae,bee,0,0,2,0,https://www.inaturalist.org/observations/87552144,"2023-06-05 09:24:06"
7051,98666,bee,family,Ichneumonidae,bee,0,0,2,0,https://www.inaturalist.org/observations/87503696,"2023-06-05 09:27:06"
7052,98346,unidentified,genus,Acanthocephala,truebugs,0,0,2,0,https://www.inaturalist.org/observations/87291192,"2023-06-05 09:27:06"
7053,91173,leafhopper,genus,Chinavia,truebugs,0,0,3,1,https://www.inaturalist.org/observations/87172534,"2023-06-05 09:30:06"
7054,97831,unidentified,order,Blattodea,Blattodea,0,0,1,0,https://www.inaturalist.org/observations/86975375,"2023-06-05 09:36:05"
7055,97467,unidentified,order,Lepidoptera,moths,0,0,1,0,https://www.inaturalist.org/observations/86879917,"2023-06-05 09:39:05"
7056,96908,leafhopper,order,Hemiptera,truebugs,0,0,3,1,https://www.inaturalist.org/observations/86319719,"2023-06-05 09:48:05"
7057,96785,unidentified,genus,Acanalonia,leafhopper,0,0,1,0,https://www.inaturalist.org/observations/86287341,"2023-06-05 09:51:05"
7058,96743,beetle,family,Chrysomelidae,beetle,0,0,2,0,https://www.inaturalist.org/observations/86285169,"2023-06-05 09:51:05"
7059,96658,beetle,subfamily,Eumolpinae,beetle,0,0,2,0,https://www.inaturalist.org/observations/86278625,"2023-06-05 09:51:05"
7060,128837,caterpillar,species,"Halysidota tessellaris",caterpillar,0,0,3,0,https://www.inaturalist.org/observations/127493010,"2024-05-27 09:39:05"
7061,128835,caterpillar,subfamily,Limacodinae,caterpillar,0,0,5,0,https://www.inaturalist.org/observations/127492295,"2024-05-27 09:39:05"
7062,128800,ant,subgenus,Crematogaster,ant,0,0,3,0,https://www.inaturalist.org/observations/127423862,"2024-05-27 09:39:05"
7063,128754,caterpillar,tribe,Catocalini,caterpillar,0,0,2,0,https://www.inaturalist.org/observations/127392513,"2024-05-27 09:39:05"
7064,128689,beetle,species,"Harmonia axyridis",beetle,0,0,3,0,https://www.inaturalist.org/observations/127390766,"2024-05-27 09:39:05"
7065,128668,fly,superfamily,Ichneumonoidea,bee,0,0,3,1,https://www.inaturalist.org/observations/127389475,"2024-05-27 09:39:05"
7066,128665,fly,family,Chironomidae,fly,0,0,2,0,https://www.inaturalist.org/observations/127388190,"2024-05-27 09:39:05"
7067,128664,fly,family,Limoniidae,fly,0,0,2,0,https://www.inaturalist.org/observations/127387439,"2024-05-27 09:39:05"
7068,128649,caterpillar,species,"Heterocampa obliqua",caterpillar,0,0,3,0,https://www.inaturalist.org/observations/127386186,"2024-05-27 09:39:05"
7069,128648,caterpillar,genus,Acronicta,caterpillar,0,0,2,0,https://www.inaturalist.org/observations/127385748,"2024-05-27 09:39:05"
7070,128645,truebugs,species,"Zelus luridus",truebugs,0,0,3,0,https://www.inaturalist.org/observations/127384915,"2024-05-27 09:39:05"
7071,128610,ant,genus,Camponotus,ant,0,0,2,0,https://www.inaturalist.org/observations/127382632,"2024-05-27 09:42:05"
7072,128608,beetle,genus,Monarthrum,beetle,0,0,3,0,https://www.inaturalist.org/observations/127381601,"2024-05-27 09:42:05"
7073,128607,truebugs,family,Reduviidae,truebugs,0,0,2,0,https://www.inaturalist.org/observations/127381112,"2024-05-27 09:42:05"
7074,128600,other,genus,Lestes,Odonata,0,0,2,0,https://www.inaturalist.org/observations/127380311,"2022-10-31 01:12:05"
7075,128599,spider,family,Philodromidae,spider,0,0,2,0,https://www.inaturalist.org/observations/127379945,"2024-05-27 09:42:05"
7076,128598,ant,species,"Camponotus pennsylvanicus",ant,0,0,3,0,https://www.inaturalist.org/observations/127379607,"2024-05-27 09:42:05"
7077,128590,leafhopper,species,"Ormenoides venusta",leafhopper,0,0,4,0,https://www.inaturalist.org/observations/127378701,"2024-05-27 09:42:05"
7078,128586,ant,subfamily,Formicinae,ant,0,0,2,0,https://www.inaturalist.org/observations/127378246,"2024-05-27 09:42:05"
7079,128581,beetle,tribe,Choragini,beetle,0,0,3,0,https://www.inaturalist.org/observations/127377802,"2024-05-27 09:42:05"
7080,128564,spider,species,"Verrucosa arenata",spider,0,0,3,0,https://www.inaturalist.org/observations/127375557,"2024-05-27 09:42:05"
7081,128562,ant,complex,"Monomorium minimum",ant,0,0,5,0,https://www.inaturalist.org/observations/127375212,"2024-05-27 09:42:05"
7082,128558,other,species,"Leucochrysa pavida",Neuroptera,0,0,2,0,https://www.inaturalist.org/observations/127374899,"2024-05-27 09:42:05"
7083,128555,bee,superfamily,Chalcidoidea,bee,0,0,2,0,https://www.inaturalist.org/observations/127373799,"2024-05-27 09:42:05"
7084,128543,beetle,family,Elateridae,beetle,0,0,2,0,https://www.inaturalist.org/observations/127371034,"2024-05-27 09:42:05"
7085,128538,ant,species,"Camponotus castaneus",ant,0,0,3,0,https://www.inaturalist.org/observations/127370606,"2024-05-27 09:42:05"
7086,128536,ant,complex,"Formica fusca",ant,0,0,2,0,https://www.inaturalist.org/observations/127370266,"2024-05-27 09:42:05"
7087,128528,ant,subfamily,Formicinae,ant,0,0,2,0,https://www.inaturalist.org/observations/127368770,"2024-05-27 09:42:05"
7088,128524,ant,genus,Camponotus,ant,0,0,2,0,https://www.inaturalist.org/observations/127368042,"2024-05-27 09:42:05"
7089,128481,bee,family,Braconidae,bee,0,0,2,0,https://www.inaturalist.org/observations/127361445,"2024-05-27 09:45:06"
7090,128478,beetle,species,"Mordella marginata",beetle,0,0,3,0,https://www.inaturalist.org/observations/127360388,"2024-05-27 09:45:06"
7091,128477,ant,complex,"Formica fusca",ant,0,0,2,0,https://www.inaturalist.org/observations/127360089,"2024-05-27 09:45:06"
7092,128476,ant,subgenus,Crematogaster,ant,0,0,2,0,https://www.inaturalist.org/observations/127359722,"2024-05-27 09:45:06"
7093,128475,beetle,species,"Tytthonyx erythrocephala",beetle,0,0,3,0,https://www.inaturalist.org/observations/127359281,"2024-05-27 09:45:06"
7094,128454,beetle,subfamily,Eumolpinae,beetle,0,0,2,0,https://www.inaturalist.org/observations/127355740,"2024-05-27 09:45:06"
7095,128448,ant,species,"Temnothorax curvispinosus",ant,0,0,4,0,https://www.inaturalist.org/observations/127354313,"2024-05-27 09:45:06"
7096,128442,ant,subgenus,Myrmentoma,ant,0,0,3,0,https://www.inaturalist.org/observations/127352856,"2024-05-27 09:45:06"
7097,128389,daddylonglegs,order,Opiliones,daddylonglegs,0,0,2,0,https://www.inaturalist.org/observations/127276847,"2024-05-27 09:45:06"
7098,128387,beetle,species,"Harmonia axyridis",beetle,0,0,3,0,https://www.inaturalist.org/observations/127276446,"2024-05-27 09:45:06"
7099,128386,beetle,species,"Harmonia axyridis",beetle,0,0,3,0,https://www.inaturalist.org/observations/127276066,"2024-05-27 09:45:06"
7100,128325,ant,subgenus,Lasius,ant,0,0,2,0,https://www.inaturalist.org/observations/127258719,"2024-05-27 09:45:06"
7101,128324,beetle,species,"Harmonia axyridis",beetle,0,0,5,0,https://www.inaturalist.org/observations/127258384,"2024-05-27 09:45:06"
7102,128323,unidentified,order,Ephemeroptera,Ephemeroptera,0,0,1,0,https://www.inaturalist.org/observations/127254760,"2024-05-27 09:45:06"
7103,128322,truebugs,order,Hemiptera,leafhopper,0,0,2,1,https://www.inaturalist.org/observations/127253747,"2024-05-27 09:45:06"
7104,128316,beetle,species,"Anatis mali",beetle,0,0,4,0,https://www.inaturalist.org/observations/127249267,"2024-05-27 09:45:06"
7105,128253,unidentified,superfamily,Pentatomoidea,truebugs,0,0,2,0,https://www.inaturalist.org/observations/127225484,"2024-05-27 09:48:06"
7106,128244,beetle,family,Elateridae,beetle,0,0,2,0,https://www.inaturalist.org/observations/127224318,"2024-05-27 09:48:06"
7107,128243,beetle,family,Elateridae,beetle,0,0,2,0,https://www.inaturalist.org/observations/127223837,"2024-05-27 09:48:06"
7108,128242,grasshopper,species,"Phyllopalpus pulchellus",grasshopper,0,0,3,0,https://www.inaturalist.org/observations/127223426,"2024-05-27 09:48:06"
7109,128235,grasshopper,species,"Phyllopalpus pulchellus",grasshopper,0,0,3,0,https://www.inaturalist.org/observations/127223032,"2024-05-27 09:48:06"
7110,128234,ant,species,"Camponotus pennsylvanicus",ant,0,0,3,0,https://www.inaturalist.org/observations/127222721,"2024-05-27 09:48:06"
7111,128222,beetle,family,Elateridae,beetle,0,0,2,0,https://www.inaturalist.org/observations/127222005,"2024-05-27 09:48:06"
7112,128187,spider,family,Araneidae,spider,0,0,2,0,https://www.inaturalist.org/observations/127218825,"2024-05-27 09:48:06"
7113,128180,spider,genus,Colonus,spider,0,0,2,0,https://www.inaturalist.org/observations/127218260,"2024-05-27 09:48:06"
7114,128179,truebugs,species,"Lygaeus turcicus",truebugs,0,0,3,0,https://www.inaturalist.org/observations/127217909,"2024-05-27 09:48:06"
7115,128162,spider,genus,Araneus,spider,0,0,3,0,https://www.inaturalist.org/observations/127216750,"2024-05-27 09:48:06"
7116,128159,beetle,species,"Pseudoedophrys hilleri",beetle,0,0,2,0,https://www.inaturalist.org/observations/127216200,"2024-05-27 09:48:06"
7117,128097,beetle,species,"Polydrusus formosus",beetle,0,0,3,0,https://www.inaturalist.org/observations/127145961,"2024-05-27 09:48:06"
7118,128091,beetle,family,Chrysomelidae,beetle,0,0,2,0,https://www.inaturalist.org/observations/127144728,"2024-05-27 09:48:06"
7119,128077,beetle,species,"Harmonia axyridis",beetle,1,0,4,0,https://www.inaturalist.org/observations/127142078,"2024-05-27 09:48:06"
7120,128074,beetle,species,"Harmonia axyridis",beetle,1,0,3,0,https://www.inaturalist.org/observations/127141655,"2024-05-27 09:48:06"
7121,128070,beetle,species,"Harmonia axyridis",beetle,1,0,3,0,https://www.inaturalist.org/observations/127141143,"2024-05-27 09:48:06"
7122,128062,beetle,species,"Harmonia axyridis",beetle,1,0,4,0,https://www.inaturalist.org/observations/127136192,"2024-05-27 09:48:06"
7123,128057,caterpillar,order,Lepidoptera,caterpillar,0,0,2,0,https://www.inaturalist.org/observations/127135818,"2024-05-27 09:48:06"
7124,128056,fly,tribe,Diaphorini,fly,0,0,4,0,https://www.inaturalist.org/observations/127135406,"2024-05-27 09:48:06"
7125,128055,aphid,family,Aphididae,aphid,0,0,2,0,https://www.inaturalist.org/observations/127135041,"2024-05-27 09:48:06"
7126,128051,other,species,"Tenodera sinensis",Mantodea,0,0,2,0,https://www.inaturalist.org/observations/127134217,"2024-05-27 09:48:06"
7127,128030,spider,genus,Anyphaena,spider,0,0,4,0,https://www.inaturalist.org/observations/127122638,"2024-05-27 09:48:06"
7128,128023,unidentified,family,Reduviidae,truebugs,0,0,1,0,https://www.inaturalist.org/observations/127122217,"2024-05-27 09:48:06"
7129,128019,beetle,family,Coccinellidae,beetle,1,0,3,0,https://www.inaturalist.org/observations/127121193,"2024-05-27 09:48:06"
7130,128013,truebugs,family,Miridae,truebugs,0,0,2,0,https://www.inaturalist.org/observations/127120835,"2024-05-27 09:48:06"
7131,127993,moths,family,Crambidae,moths,0,0,3,0,https://www.inaturalist.org/observations/127120525,"2024-05-27 09:48:06"
7132,127981,spider,family,Dictynidae,spider,0,0,3,0,https://www.inaturalist.org/observations/127119842,"2024-05-27 09:48:06"
7133,127978,beetle,subclass,Pterygota,Neuroptera,0,0,2,1,https://www.inaturalist.org/observations/127118522,"2024-05-27 09:48:06"
7134,127974,ant,subgenus,Myrmentoma,ant,0,0,4,0,https://www.inaturalist.org/observations/127116880,"2024-05-27 09:51:06"
7135,127973,spider,family,Dictynidae,spider,0,0,2,0,https://www.inaturalist.org/observations/127116402,"2024-05-27 09:51:06"
7136,127972,truebugs,superfamily,Pentatomoidea,truebugs,0,0,2,0,https://www.inaturalist.org/observations/127116029,"2024-05-27 09:51:06"
7137,127971,spider,family,Hahniidae,spider,0,0,2,0,https://www.inaturalist.org/observations/127115671,"2024-05-27 09:51:06"
7138,127969,truebugs,suborder,Hemerobiiformia,Neuroptera,0,0,3,1,https://www.inaturalist.org/observations/127114961,"2024-05-27 09:51:06"
7139,127967,truebugs,family,Miridae,truebugs,0,0,2,0,https://www.inaturalist.org/observations/127114302,"2024-05-27 09:51:06"
7140,127966,fly,family,Chironomidae,fly,0,0,2,0,https://www.inaturalist.org/observations/127114035,"2024-05-27 09:51:06"
7141,127964,bee,family,Figitidae,bee,0,0,3,0,https://www.inaturalist.org/observations/127113212,"2024-05-27 09:51:06"
7142,127962,truebugs,family,Pentatomidae,truebugs,0,0,2,0,https://www.inaturalist.org/observations/127112463,"2024-05-27 09:51:06"
7143,127960,leafhopper,family,Cicadellidae,leafhopper,0,0,2,0,https://www.inaturalist.org/observations/127112045,"2024-05-27 09:51:06"
7144,127956,truebugs,genus,Phymata,truebugs,0,0,2,0,https://www.inaturalist.org/observations/127110456,"2024-05-27 09:51:06"
7145,127954,spider,order,Araneae,spider,0,0,2,0,https://www.inaturalist.org/observations/127109605,"2024-05-27 09:51:06"
7146,127953,ant,species,"Camponotus pennsylvanicus",ant,0,0,3,0,https://www.inaturalist.org/observations/127109105,"2024-05-27 09:51:06"
7147,127952,spider,family,Dictynidae,spider,0,0,3,0,https://www.inaturalist.org/observations/127108711,"2024-05-27 09:51:06"
7148,127950,spider,infraorder,Entelegynae,spider,0,0,2,0,https://www.inaturalist.org/observations/127108014,"2024-05-27 09:51:06"
7149,127944,spider,family,Dictynidae,spider,0,0,2,0,https://www.inaturalist.org/observations/127106922,"2024-05-27 09:51:06"
7150,127943,ant,species,"Temnothorax curvispinosus",ant,0,0,7,0,https://www.inaturalist.org/observations/127106487,"2024-05-27 09:51:06"
7151,127941,fly,genus,Gymnopternus,fly,0,0,4,0,https://www.inaturalist.org/observations/127106122,"2024-05-27 09:51:06"
7152,127931,ant,subgenus,Crematogaster,ant,0,0,2,0,https://www.inaturalist.org/observations/127104259,"2024-05-27 09:51:06"
7153,127930,ant,complex,"Formica fusca",ant,0,0,3,0,https://www.inaturalist.org/observations/127103859,"2024-05-27 09:51:06"
7154,127929,beetle,genus,Hyperaspis,beetle,0,0,3,0,https://www.inaturalist.org/observations/127103441,"2024-05-27 09:51:06"
7155,127928,truebugs,family,Miridae,truebugs,0,0,2,0,https://www.inaturalist.org/observations/127102952,"2024-05-27 09:51:06"
7156,127926,bee,superfamily,Chalcidoidea,bee,0,0,3,0,https://www.inaturalist.org/observations/127102243,"2024-05-27 09:51:06"
7157,127906,beetle,subfamily,Cantharinae,beetle,0,0,3,0,https://www.inaturalist.org/observations/127101358,"2024-05-27 09:51:06"
7158,127905,fly,genus,Gymnopternus,fly,0,0,4,0,https://www.inaturalist.org/observations/127100965,"2024-05-27 09:51:06"
7159,127904,truebugs,family,Miridae,truebugs,0,0,2,0,https://www.inaturalist.org/observations/127100598,"2024-05-27 09:51:06"
7160,127903,fly,suborder,Brachycera,fly,0,0,2,0,https://www.inaturalist.org/observations/127100201,"2024-05-27 09:51:06"
7161,127902,bee,family,Ichneumonidae,bee,0,0,3,0,https://www.inaturalist.org/observations/127099873,"2024-05-27 09:51:06"
7162,127899,truebugs,family,Reduviidae,truebugs,0,0,2,0,https://www.inaturalist.org/observations/127099062,"2024-05-27 09:51:06"
7163,127898,spider,family,Dictynidae,spider,0,0,3,0,https://www.inaturalist.org/observations/127098662,"2024-05-27 09:51:06"
7164,127897,truebugs,family,Miridae,truebugs,0,0,2,0,https://www.inaturalist.org/observations/127098373,"2024-05-27 09:51:06"
7165,127896,fly,tribe,Dolichopodini,fly,0,0,4,0,https://www.inaturalist.org/observations/127098015,"2024-05-27 09:51:06"
7166,127872,beetle,superfamily,Pentatomoidea,truebugs,0,0,3,1,https://www.inaturalist.org/observations/127092120,"2024-05-27 09:54:06"
7167,127867,moths,species,"Lymantria dispar",moths,0,0,3,0,https://www.inaturalist.org/observations/127091029,"2024-05-27 09:54:06"
7168,127800,other,order,Psocodea,Psocodea,0,0,3,1,https://www.inaturalist.org/observations/127084922,"2024-05-27 09:54:06"
7169,127799,ant,complex,"Formica pallidefulva",ant,0,0,4,0,https://www.inaturalist.org/observations/127084625,"2024-05-27 09:54:06"
7170,127798,ant,subgenus,Lasius,ant,0,0,2,0,https://www.inaturalist.org/observations/127084357,"2024-05-27 09:54:06"
7171,127787,truebugs,genus,Acanthocephala,truebugs,0,0,3,0,https://www.inaturalist.org/observations/127084088,"2024-05-27 09:54:06"
7172,127773,other,order,Thysanoptera,Thysanoptera,0,0,3,1,https://www.inaturalist.org/observations/127082809,"2024-05-27 09:54:06"
7173,127749,caterpillar,family,Geometridae,caterpillar,0,0,2,0,https://www.inaturalist.org/observations/127022720,"2024-05-27 09:54:06"
7174,127731,caterpillar,suborder,Symphyta,bee,0,1,3,1,https://www.inaturalist.org/observations/127021986,"2024-05-27 09:54:06"
7175,127728,beetle,family,Elateridae,beetle,0,0,2,0,https://www.inaturalist.org/observations/127021588,"2024-05-27 09:54:06"
7176,127725,caterpillar,family,Geometridae,caterpillar,0,0,2,0,https://www.inaturalist.org/observations/127021010,"2024-05-27 09:54:06"
7177,127708,beetle,genus,Acanalonia,leafhopper,0,0,3,1,https://www.inaturalist.org/observations/126992888,"2024-05-27 09:54:06"
7178,127706,truebugs,genus,Lasiomerus,truebugs,0,0,2,0,https://www.inaturalist.org/observations/126992432,"2024-05-27 09:54:06"
7179,127702,beetle,order,Entomobryomorpha,Entomobryomorpha,0,0,3,1,https://www.inaturalist.org/observations/126991701,"2024-05-27 09:54:06"
7180,127701,beetle,species,"Psyllobora vigintimaculata",beetle,0,0,4,0,https://www.inaturalist.org/observations/126990028,"2024-05-27 09:54:06"
7181,127700,truebugs,family,Miridae,truebugs,0,0,2,0,https://www.inaturalist.org/observations/126989646,"2024-05-27 09:54:06"
7182,127699,fly,genus,Coenosia,fly,0,0,2,0,https://www.inaturalist.org/observations/126989263,"2024-05-27 09:54:06"
7183,127693,leafhopper,family,Cicadellidae,leafhopper,0,0,2,0,https://www.inaturalist.org/observations/126988057,"2024-05-27 09:54:06"
7184,127692,ant,subgenus,Lasius,ant,0,0,2,0,https://www.inaturalist.org/observations/126987674,"2024-05-27 09:54:06"
7185,127691,caterpillar,class,Insecta,moths,0,0,1,0,https://www.inaturalist.org/observations/126987257,"2024-05-27 09:54:06"
7186,127684,beetle,family,Elateridae,beetle,0,0,2,0,https://www.inaturalist.org/observations/126986827,"2024-05-27 09:54:06"
7187,127681,caterpillar,family,Geometridae,caterpillar,0,0,2,0,https://www.inaturalist.org/observations/126986390,"2024-05-27 09:54:06"
7188,127674,ant,species,"Camponotus snellingi",ant,0,0,3,0,https://www.inaturalist.org/observations/126985596,"2024-05-27 09:54:06"
7189,127673,ant,species,"Pseudomyrmex ejectus",ant,0,0,3,0,https://www.inaturalist.org/observations/126985235,"2024-05-27 09:54:06"
7190,127670,beetle,species,"Cyrtepistomus castaneus",beetle,0,0,2,0,https://www.inaturalist.org/observations/126984899,"2024-05-27 09:54:06"
7191,127668,beetle,family,Chrysomelidae,beetle,0,0,2,0,https://www.inaturalist.org/observations/126984516,"2024-05-27 09:54:06"
7192,127667,bee,superfamily,Chalcidoidea,bee,0,0,3,0,https://www.inaturalist.org/observations/126984155,"2024-05-27 09:54:06"
7193,127660,beetle,family,Elateridae,beetle,0,0,2,0,https://www.inaturalist.org/observations/126983715,"2024-05-27 09:54:06"
7194,127659,ant,species,"Camponotus snellingi",ant,0,0,4,0,https://www.inaturalist.org/observations/126983348,"2024-05-27 09:54:06"
7195,127658,truebugs,family,Chrysomelidae,beetle,0,0,4,1,https://www.inaturalist.org/observations/126982905,"2024-05-27 09:54:06"
7196,127657,aphid,family,Aphididae,aphid,0,0,2,0,https://www.inaturalist.org/observations/126982531,"2024-05-27 09:54:06"
7197,127654,beetle,family,Chrysomelidae,beetle,0,0,2,0,https://www.inaturalist.org/observations/126981395,"2024-05-27 09:54:06"
7198,127653,beetle,family,Elateridae,beetle,0,0,2,0,https://www.inaturalist.org/observations/126980989,"2024-05-27 09:54:06"
7199,127647,truebugs,superfamily,Curculionoidea,beetle,0,0,3,1,https://www.inaturalist.org/observations/126980178,"2024-05-27 09:54:06"
7200,127645,beetle,species,"Coccinella septempunctata",beetle,0,0,3,0,https://www.inaturalist.org/observations/126979841,"2024-05-27 09:54:06"
7201,127637,truebugs,family,Chrysomelidae,beetle,0,0,4,1,https://www.inaturalist.org/observations/126978623,"2024-05-27 09:54:06"
7202,127635,spider,genus,Colonus,spider,0,0,2,0,https://www.inaturalist.org/observations/126977835,"2024-05-27 09:54:06"
7203,127633,truebugs,genus,Podisus,truebugs,0,0,3,0,https://www.inaturalist.org/observations/126977425,"2024-05-27 09:54:06"
7204,127619,beetle,family,Elateridae,beetle,0,0,2,0,https://www.inaturalist.org/observations/126975983,"2024-05-27 09:57:06"
7205,127616,ant,species,"Camponotus snellingi",ant,0,0,3,0,https://www.inaturalist.org/observations/126975633,"2024-05-27 09:57:06"
7206,127614,ant,complex,"Formica fusca",ant,0,0,2,0,https://www.inaturalist.org/observations/126975219,"2024-05-27 09:57:06"
7207,127613,leafhopper,species,"Ormenoides venusta",leafhopper,0,0,4,0,https://www.inaturalist.org/observations/126974852,"2024-05-27 09:57:06"
7208,127607,beetle,family,Chrysomelidae,beetle,0,0,3,0,https://www.inaturalist.org/observations/126974160,"2024-05-27 09:57:06"
7209,127602,truebugs,genus,Acanalonia,leafhopper,0,0,3,1,https://www.inaturalist.org/observations/126973832,"2024-05-27 09:57:06"
7210,127597,leafhopper,subfamily,Typhlocybinae,leafhopper,0,0,3,0,https://www.inaturalist.org/observations/126973099,"2024-05-27 09:57:06"
7211,127596,grasshopper,genus,Oecanthus,grasshopper,0,0,3,0,https://www.inaturalist.org/observations/126972725,"2024-05-27 09:57:06"
7212,127591,beetle,species,"Psyllobora vigintimaculata",beetle,0,0,3,0,https://www.inaturalist.org/observations/126972338,"2024-05-27 09:57:06"
7213,127576,beetle,species,"Pseudocneorhinus bifasciatus",beetle,0,0,3,0,https://www.inaturalist.org/observations/126968357,"2024-05-27 09:57:06"
7214,127575,beetle,genus,Ormiscus,beetle,0,0,2,0,https://www.inaturalist.org/observations/126967987,"2024-05-27 09:57:06"
7215,127573,beetle,family,Elateridae,beetle,0,0,2,0,https://www.inaturalist.org/observations/126967204,"2024-05-27 09:57:06"
7216,127565,leafhopper,species,"Ormenoides venusta",leafhopper,0,0,4,0,https://www.inaturalist.org/observations/126965144,"2024-05-27 09:57:06"
7217,127561,spider,family,Salticidae,spider,0,0,3,0,https://www.inaturalist.org/observations/126964460,"2024-05-27 09:57:06"
7218,127556,beetle,species,"Polydrusus formosus",beetle,0,0,4,0,https://www.inaturalist.org/observations/126963218,"2024-05-27 09:57:06"
7219,127543,ant,species,"Camponotus snellingi",ant,0,0,3,0,https://www.inaturalist.org/observations/126959863,"2024-05-27 09:57:06"
7220,127520,ant,subgenus,Crematogaster,ant,0,0,5,0,https://www.inaturalist.org/observations/126956014,"2024-05-20 09:30:06"
7221,127510,beetle,species,"Pseudocneorhinus bifasciatus",beetle,0,0,3,0,https://www.inaturalist.org/observations/126954949,"2024-05-20 09:30:06"
7222,127507,beetle,species,"Cryptocephalus badius",beetle,0,0,3,0,https://www.inaturalist.org/observations/126953940,"2024-05-20 09:30:06"
7223,127501,bee,superfamily,Chalcidoidea,bee,0,0,2,0,https://www.inaturalist.org/observations/126953292,"2024-05-20 09:30:06"
7224,127500,bee,superfamily,Chalcidoidea,bee,0,0,2,0,https://www.inaturalist.org/observations/126952977,"2024-05-20 09:30:06"
7225,127499,beetle,species,"Cryptocephalus badius",beetle,0,0,3,0,https://www.inaturalist.org/observations/126952616,"2024-05-20 09:30:06"
7226,127498,beetle,species,"Bassareus mammifer",beetle,0,0,3,0,https://www.inaturalist.org/observations/126952277,"2024-05-20 09:30:06"
7227,127493,beetle,subclass,Pterygota,beetle,0,0,1,0,https://www.inaturalist.org/observations/126951377,"2024-05-20 09:33:05"
7228,127491,ant,species,"Tapinoma sessile",ant,0,0,3,0,https://www.inaturalist.org/observations/126950788,"2024-05-20 09:33:05"
7229,127490,beetle,genus,Isomira,beetle,0,0,2,0,https://www.inaturalist.org/observations/126950505,"2024-05-20 09:33:05"
7230,127483,beetle,family,Elateridae,beetle,0,0,2,0,https://www.inaturalist.org/observations/126948278,"2024-05-20 09:33:05"
7231,127481,beetle,family,Mordellidae,beetle,0,0,2,0,https://www.inaturalist.org/observations/126947652,"2024-05-20 09:33:05"
7232,127478,ant,subgenus,Crematogaster,ant,0,0,4,0,https://www.inaturalist.org/observations/126947329,"2024-05-20 09:33:05"
7233,127471,beetle,superfamily,Pentatomoidea,truebugs,0,0,3,1,https://www.inaturalist.org/observations/126881353,"2024-05-20 09:33:05"
7234,127416,grasshopper,species,"Oecanthus fultoni",grasshopper,0,0,3,0,https://www.inaturalist.org/observations/126855035,"2024-05-20 09:33:05"
7235,127409,truebugs,genus,Lasiomerus,truebugs,0,0,2,0,https://www.inaturalist.org/observations/126854706,"2024-05-20 09:33:05"
7236,127403,fly,genus,Microtendipes,fly,0,0,3,0,https://www.inaturalist.org/observations/126853996,"2024-05-20 09:33:05"
7237,127392,beetle,subfamily,Lampyrinae,beetle,0,0,4,0,https://www.inaturalist.org/observations/126852001,"2024-05-20 09:33:05"
7238,127391,grasshopper,genus,Oecanthus,grasshopper,0,0,3,0,https://www.inaturalist.org/observations/126851591,"2024-05-20 09:33:05"
7239,127376,beetle,genus,Photinus,beetle,0,0,3,0,https://www.inaturalist.org/observations/126835510,"2024-05-20 09:33:05"
7240,127334,other,species,"Stagmomantis carolina",Mantodea,0,0,2,0,https://www.inaturalist.org/observations/126821003,"2024-05-20 09:33:05"
7241,127293,truebugs,family,Pentatomidae,truebugs,0,0,2,0,https://www.inaturalist.org/observations/126814783,"2024-05-20 09:33:05"
7242,127209,ant,subfamily,Myrmicinae,ant,0,0,2,0,https://www.inaturalist.org/observations/126793389,"2024-05-20 09:36:05"
7243,127201,truebugs,genus,Euschistus,truebugs,0,0,4,0,https://www.inaturalist.org/observations/126694177,"2024-05-20 09:36:05"
7244,127199,ant,zoosubsection,Acalyptratae,fly,0,0,6,1,https://www.inaturalist.org/observations/126690612,"2024-05-20 09:36:05"
7245,127110,beetle,species,"Pseudoedophrys hilleri",beetle,0,0,3,0,https://www.inaturalist.org/observations/126558211,"2024-05-20 09:36:05"
7246,127109,leafhopper,suborder,Auchenorrhyncha,leafhopper,0,0,2,0,https://www.inaturalist.org/observations/126557798,"2024-05-20 09:36:05"
7247,127107,fly,genus,Macrodiplosis,fly,0,0,3,0,https://www.inaturalist.org/observations/126557290,"2024-05-20 09:36:05"
7248,127106,fly,subclass,Pterygota,fly,0,0,2,1,https://www.inaturalist.org/observations/126556879,"2024-05-20 09:36:05"
7249,127105,beetle,species,"Pseudoedophrys hilleri",beetle,0,0,3,0,https://www.inaturalist.org/observations/126556468,"2024-05-20 09:36:05"
7250,127104,fly,complex,"Condylostylus sipho",fly,0,0,4,0,https://www.inaturalist.org/observations/126556138,"2024-05-20 09:36:05"
7251,127103,beetle,species,"Pseudoedophrys hilleri",beetle,0,0,3,0,https://www.inaturalist.org/observations/126555427,"2024-05-20 09:36:05"
7252,127102,leafhopper,suborder,Auchenorrhyncha,leafhopper,0,0,2,0,https://www.inaturalist.org/observations/126555009,"2024-05-20 09:36:05"
7253,127101,beetle,species,"Pseudoedophrys hilleri",beetle,0,0,3,0,https://www.inaturalist.org/observations/126554626,"2024-05-20 09:36:05"
7254,127052,fly,species,"Condylostylus patibulatus",fly,0,0,3,0,https://www.inaturalist.org/observations/126487827,"2024-05-20 09:36:05"
7255,127016,ant,subfamily,Formicinae,ant,0,0,2,0,https://www.inaturalist.org/observations/126472792,"2024-05-20 09:39:05"
7256,126781,beetle,species,"Cryptocephalus mutabilis",beetle,0,0,3,0,https://www.inaturalist.org/observations/126345045,"2024-05-20 09:45:05"
7257,130048,ant,subgenus,Myrmentoma,ant,0,0,3,0,https://www.inaturalist.org/observations/128649068,"2024-06-03 09:51:06"
7258,130046,beetle,species,"Pseudoedophrys hilleri",beetle,0,0,3,0,https://www.inaturalist.org/observations/128648014,"2024-06-03 09:51:06"
7259,130044,beetle,species,"Harmonia axyridis",beetle,0,0,3,0,https://www.inaturalist.org/observations/128647122,"2024-06-03 09:51:06"
7260,129999,beetle,species,"Popillia japonica",beetle,0,0,3,0,https://www.inaturalist.org/observations/128484839,"2024-06-03 09:51:06"
7261,129980,spider,genus,Colonus,spider,0,0,4,0,https://www.inaturalist.org/observations/128474531,"2024-06-03 09:51:06"
7262,129971,spider,stateofmatter,Life,spider,0,0,1,0,https://www.inaturalist.org/observations/128473527,"2024-06-03 09:54:05"
7263,129970,ant,family,Formicidae,ant,0,0,3,0,https://www.inaturalist.org/observations/128473133,"2024-06-03 09:54:05"
7264,129964,ant,complex,"Monomorium minimum",ant,0,0,2,0,https://www.inaturalist.org/observations/128472200,"2024-06-03 09:54:05"
7265,129943,ant,complex,"Formica fusca",ant,0,0,4,0,https://www.inaturalist.org/observations/128469366,"2024-06-03 09:54:05"
7266,129905,grasshopper,superfamily,Grylloidea,grasshopper,0,0,2,0,https://www.inaturalist.org/observations/128462729,"2024-06-03 09:54:05"
7267,129903,spider,genus,Theridion,spider,0,0,2,0,https://www.inaturalist.org/observations/128462206,"2024-06-03 09:54:05"
7268,129902,grasshopper,family,Gryllidae,grasshopper,0,0,2,0,https://www.inaturalist.org/observations/128461757,"2024-06-03 09:54:05"
7269,129886,grasshopper,superfamily,Grylloidea,grasshopper,0,0,2,0,https://www.inaturalist.org/observations/128458639,"2024-06-03 09:54:05"
7270,129852,truebugs,genus,Hyaliodes,truebugs,0,0,2,0,https://www.inaturalist.org/observations/128452140,"2024-06-03 09:57:05"
7271,129849,bee,superfamily,Chalcidoidea,bee,0,0,2,0,https://www.inaturalist.org/observations/128451094,"2024-06-03 09:57:05"
7272,129832,spider,family,Dictynidae,spider,0,0,2,0,https://www.inaturalist.org/observations/128449914,"2024-06-03 09:57:05"
7273,129831,ant,species,"Camponotus pennsylvanicus",ant,0,0,2,0,https://www.inaturalist.org/observations/128449480,"2024-06-03 09:57:05"
7274,129806,ant,subgenus,Crematogaster,ant,0,0,2,0,https://www.inaturalist.org/observations/128446044,"2024-06-03 09:57:05"
7275,129803,caterpillar,species,"Paonias excaecata",caterpillar,0,0,4,0,https://www.inaturalist.org/observations/128444937,"2024-06-03 09:57:05"
7276,129686,spider,genus,Wulfila,spider,0,0,2,0,https://www.inaturalist.org/observations/128289124,"2024-05-27 09:27:05"
7277,129620,bee,subfamily,Encyrtinae,bee,0,0,2,0,https://www.inaturalist.org/observations/128203364,"2024-05-27 09:27:05"
7278,129617,truebugs,species,"Lygaeus turcicus",truebugs,0,0,3,0,https://www.inaturalist.org/observations/128193048,"2024-05-27 09:27:05"
7279,129598,spider,family,Araneidae,spider,0,0,2,0,https://www.inaturalist.org/observations/128183875,"2024-05-27 09:27:05"
7280,129587,bee,superfamily,Chalcidoidea,bee,0,0,2,0,https://www.inaturalist.org/observations/128183457,"2024-05-27 09:27:05"
7281,129564,beetle,genus,Phyllobaenus,beetle,0,0,2,0,https://www.inaturalist.org/observations/128180782,"2024-05-27 09:27:05"
7282,129562,spider,genus,Pityohyphantes,spider,0,0,2,0,https://www.inaturalist.org/observations/128179860,"2024-05-27 09:27:05"
7283,129561,spider,family,Dictynidae,spider,0,0,2,0,https://www.inaturalist.org/observations/128179500,"2024-05-27 09:27:05"
7284,129541,ant,species,"Camponotus pennsylvanicus",ant,0,0,3,0,https://www.inaturalist.org/observations/128178207,"2024-05-27 09:27:05"
7285,129540,beetle,genus,Phyllobaenus,beetle,0,0,2,0,https://www.inaturalist.org/observations/128177737,"2024-05-27 09:27:05"
7286,129505,fly,infraorder,Tipulomorpha,fly,0,0,2,0,https://www.inaturalist.org/observations/128174370,"2024-05-27 09:27:05"
7287,129497,beetle,superfamily,Pentatomoidea,truebugs,0,0,3,1,https://www.inaturalist.org/observations/128173013,"2024-05-27 09:30:06"
7288,129493,ant,complex,"Formica fusca",ant,0,0,2,0,https://www.inaturalist.org/observations/128171580,"2024-05-27 09:30:07"
7289,129492,ant,species,"Camponotus pennsylvanicus",ant,0,0,3,0,https://www.inaturalist.org/observations/128171080,"2024-05-27 09:30:07"
7290,129485,ant,complex,"Formica fusca",ant,0,0,2,0,https://www.inaturalist.org/observations/128168656,"2024-05-27 09:30:07"
7291,129484,ant,subgenus,Crematogaster,ant,0,0,2,0,https://www.inaturalist.org/observations/128168300,"2024-05-27 09:30:07"
7292,129481,truebugs,family,Miridae,truebugs,0,0,2,0,https://www.inaturalist.org/observations/128166861,"2024-05-27 09:30:07"
7293,129478,bee,family,Braconidae,bee,0,0,2,0,https://www.inaturalist.org/observations/128164604,"2024-05-27 09:30:07"
7294,129474,caterpillar,species,"Halysidota harrisii",caterpillar,0,0,3,0,https://www.inaturalist.org/observations/128160872,"2024-05-27 09:30:07"
7295,129465,leafhopper,species,"Metcalfa pruinosa",leafhopper,0,0,3,0,https://www.inaturalist.org/observations/128153987,"2024-05-27 09:30:07"
7296,129463,beetle,species,"Pseudoedophrys hilleri",beetle,0,0,3,0,https://www.inaturalist.org/observations/128153192,"2024-05-27 09:30:07"
7297,129459,beetle,species,"Pseudoedophrys hilleri",beetle,0,0,2,0,https://www.inaturalist.org/observations/128151601,"2024-05-27 09:30:07"
7298,129456,beetle,family,Elateridae,beetle,0,0,2,0,https://www.inaturalist.org/observations/128150374,"2024-05-27 09:30:07"
7299,129455,caterpillar,species,"Halysidota tessellaris",caterpillar,0,0,4,0,https://www.inaturalist.org/observations/128149938,"2024-05-27 09:30:07"
7300,129453,beetle,order,Psocodea,Psocodea,0,0,3,1,https://www.inaturalist.org/observations/128147628,"2024-05-27 09:30:07"
7301,129450,caterpillar,family,Geometridae,caterpillar,0,0,2,0,https://www.inaturalist.org/observations/128146743,"2024-05-27 09:30:07"
7302,129449,spider,species,"Verrucosa arenata",spider,0,0,3,0,https://www.inaturalist.org/observations/128146321,"2024-05-27 09:30:07"
7303,129446,ant,complex,"Formica fusca",ant,0,0,2,0,https://www.inaturalist.org/observations/128145304,"2024-05-27 09:30:07"
7304,129445,caterpillar,genus,Orgyia,caterpillar,0,0,2,0,https://www.inaturalist.org/observations/128144942,"2024-05-27 09:30:07"
7305,129443,ant,subgenus,Myrmentoma,ant,0,0,2,0,https://www.inaturalist.org/observations/128144060,"2024-05-27 09:30:07"
7306,129442,bee,epifamily,Anthophila,bee,0,0,2,0,https://www.inaturalist.org/observations/128143749,"2024-05-27 09:30:07"
7307,129440,beetle,species,"Cyrtepistomus castaneus",beetle,0,0,2,0,https://www.inaturalist.org/observations/128142997,"2024-05-27 09:30:07"
7308,129364,fly,complex,"Condylostylus sipho",fly,0,0,3,0,https://www.inaturalist.org/observations/128131712,"2024-05-27 09:33:05"
7309,129349,grasshopper,species,"Neoxabea bipunctata",grasshopper,0,0,4,0,https://www.inaturalist.org/observations/128067602,"2024-05-27 09:33:05"
7310,129326,truebugs,infraorder,Pentatomomorpha,truebugs,0,0,2,0,https://www.inaturalist.org/observations/128065174,"2024-05-27 09:33:05"
7311,129322,beetle,species,"Cyrtepistomus castaneus",beetle,0,0,3,0,https://www.inaturalist.org/observations/128064827,"2024-05-27 09:33:05"
7312,129317,ant,species,"Tapinoma sessile",ant,0,0,3,0,https://www.inaturalist.org/observations/128041839,"2024-05-27 09:33:05"
7313,129310,ant,species,"Lasius neoniger",ant,0,0,2,0,https://www.inaturalist.org/observations/128034199,"2024-05-27 09:33:05"
7314,129309,beetle,species,"Cyrtepistomus castaneus",beetle,0,0,4,0,https://www.inaturalist.org/observations/128033832,"2024-05-27 09:33:05"
7315,129308,bee,order,Lepidoptera,caterpillar,0,0,2,0,https://www.inaturalist.org/observations/128033506,"2024-05-27 09:33:05"
7316,129306,leafhopper,species,"Jikradia olitoria",leafhopper,0,0,2,0,https://www.inaturalist.org/observations/128032744,"2024-05-27 09:33:05"
7317,129304,ant,genus,Lasius,ant,0,0,3,0,https://www.inaturalist.org/observations/128031886,"2024-05-27 09:33:05"
7318,129300,caterpillar,family,Geometridae,caterpillar,0,0,2,0,https://www.inaturalist.org/observations/128029741,"2024-05-27 09:33:05"
7319,129286,spider,family,Thomisidae,spider,0,0,2,0,https://www.inaturalist.org/observations/128003957,"2024-05-27 09:33:05"
7320,129282,caterpillar,family,Geometridae,caterpillar,0,0,2,0,https://www.inaturalist.org/observations/128002969,"2024-05-27 09:33:05"
7321,129275,caterpillar,family,Geometridae,caterpillar,0,0,2,0,https://www.inaturalist.org/observations/128002564,"2024-05-27 09:33:05"
7322,129267,caterpillar,family,Geometridae,caterpillar,0,0,2,0,https://www.inaturalist.org/observations/128002078,"2024-05-27 09:33:05"
7323,129251,moths,species,"Hypsoropha hormos",moths,0,0,3,0,https://www.inaturalist.org/observations/128001607,"2024-05-27 09:33:05"
7324,129228,caterpillar,species,"Natada nasoni",caterpillar,0,0,3,0,https://www.inaturalist.org/observations/127999147,"2024-05-27 09:33:05"
7325,129218,grasshopper,family,Tettigoniidae,grasshopper,0,0,2,0,https://www.inaturalist.org/observations/127998710,"2024-05-27 09:33:05"
7326,129212,bee,species,"Vespula maculifrons",bee,0,0,3,0,https://www.inaturalist.org/observations/127998378,"2024-05-27 09:33:05"
7327,129207,unidentified,species,"Bothriocera cognita",leafhopper,0,0,2,0,https://www.inaturalist.org/observations/127998084,"2024-05-27 09:33:05"
7328,129206,grasshopper,genus,Scudderia,grasshopper,0,0,2,0,https://www.inaturalist.org/observations/127997676,"2024-05-27 09:33:05"
7329,129194,spider,species,"Verrucosa arenata",spider,0,0,3,0,https://www.inaturalist.org/observations/127997300,"2024-05-27 09:33:05"
7330,129156,caterpillar,family,Geometridae,caterpillar,0,0,3,0,https://www.inaturalist.org/observations/127995588,"2024-05-27 09:36:05"
7331,129149,beetle,family,Elateridae,beetle,0,0,2,0,https://www.inaturalist.org/observations/127995200,"2024-05-27 09:36:05"
7332,129138,beetle,family,Elateridae,beetle,0,0,2,0,https://www.inaturalist.org/observations/127994076,"2024-05-27 09:36:05"
7333,129109,leafhopper,species,"Ormenoides venusta",leafhopper,0,0,4,0,https://www.inaturalist.org/observations/127990154,"2024-05-27 09:36:05"
7334,129104,truebugs,genus,Lasiomerus,truebugs,0,0,2,0,https://www.inaturalist.org/observations/127989829,"2024-05-27 09:36:05"
7335,129102,moths,subtribe,Spilosomina,moths,0,0,3,0,https://www.inaturalist.org/observations/127989274,"2024-05-27 09:36:05"
7336,129094,bee,family,Ichneumonidae,bee,0,0,4,1,https://www.inaturalist.org/observations/127988984,"2024-05-27 09:36:05"
7337,129069,beetle,species,"Harmonia axyridis",beetle,1,0,3,0,https://www.inaturalist.org/observations/127879690,"2024-05-27 09:36:05"
7338,129066,aphid,order,Araneae,spider,0,0,4,1,https://www.inaturalist.org/observations/127878488,"2024-05-27 09:36:05"
7339,129065,spider,genus,Theridion,spider,0,0,3,0,https://www.inaturalist.org/observations/127878031,"2024-05-27 09:36:05"
7340,129063,beetle,species,"Chinavia hilaris",truebugs,0,0,4,1,https://www.inaturalist.org/observations/127877301,"2024-05-27 09:36:05"
7341,129056,fly,family,Tingidae,truebugs,0,0,3,1,https://www.inaturalist.org/observations/127874769,"2024-05-27 09:36:05"
7342,129022,truebugs,order,Hemiptera,leafhopper,0,0,2,1,https://www.inaturalist.org/observations/127851421,"2024-05-27 09:36:05"
7343,129021,beetle,superfamily,Pentatomoidea,truebugs,0,0,3,1,https://www.inaturalist.org/observations/127850944,"2024-05-27 09:36:05"
7344,129001,beetle,superfamily,Elateroidea,beetle,0,0,2,0,https://www.inaturalist.org/observations/127845075,"2024-05-27 09:36:05"
7345,128996,beetle,species,"Cyrtepistomus castaneus",beetle,0,0,3,0,https://www.inaturalist.org/observations/127844662,"2024-05-27 09:36:05"
7346,128992,spider,subfamily,Salticinae,spider,0,0,2,0,https://www.inaturalist.org/observations/127843871,"2024-05-27 09:36:05"
7347,128991,beetle,species,"Cycloneda munda",beetle,0,0,4,0,https://www.inaturalist.org/observations/127843565,"2024-05-27 09:36:05"
7348,128979,beetle,species,"Pseudoedophrys hilleri",beetle,0,0,3,0,https://www.inaturalist.org/observations/127842433,"2024-05-27 09:36:05"
7349,128978,spider,infraorder,Entelegynae,spider,0,0,2,0,https://www.inaturalist.org/observations/127840648,"2024-05-27 09:36:05"
7350,128974,grasshopper,suborder,Ensifera,grasshopper,0,0,2,0,https://www.inaturalist.org/observations/127839204,"2024-05-27 09:36:05"
7351,128971,caterpillar,subfamily,Limacodinae,caterpillar,0,0,3,0,https://www.inaturalist.org/observations/127838795,"2024-05-27 09:36:05"
7352,128970,daddylonglegs,genus,Leiobunum,daddylonglegs,0,0,2,0,https://www.inaturalist.org/observations/127838505,"2024-05-27 09:36:05"
7353,128953,leafhopper,species,"Ormenoides venusta",leafhopper,0,0,2,0,https://www.inaturalist.org/observations/127836579,"2024-05-27 09:36:05"
7354,128927,beetle,family,Elateridae,beetle,0,0,3,0,https://www.inaturalist.org/observations/127834397,"2024-05-27 09:36:05"
7355,128926,beetle,family,Chrysomelidae,beetle,0,0,2,0,https://www.inaturalist.org/observations/127834143,"2024-05-27 09:36:05"
7356,128920,truebugs,species,"Zelus luridus",truebugs,0,0,3,0,https://www.inaturalist.org/observations/127833883,"2024-05-27 09:36:05"
7357,128919,grasshopper,species,"Phyllopalpus pulchellus",grasshopper,0,0,3,0,https://www.inaturalist.org/observations/127833605,"2024-05-27 09:39:05"
7358,128913,other,order,Ephemeroptera,Ephemeroptera,0,0,3,1,https://www.inaturalist.org/observations/127827870,"2024-05-27 09:39:05"
7359,128910,leafhopper,subclass,Pterygota,leafhopper,0,0,1,0,https://www.inaturalist.org/observations/127827037,"2024-05-27 09:39:05"
7360,128908,spider,family,Dictynidae,spider,0,0,2,0,https://www.inaturalist.org/observations/127825944,"2024-05-27 09:39:05"
7361,128907,spider,genus,Hentzia,spider,0,0,3,0,https://www.inaturalist.org/observations/127825443,"2024-05-27 09:39:05"
7362,128905,fly,family,Chloropidae,fly,0,0,4,0,https://www.inaturalist.org/observations/127824478,"2024-05-27 09:39:05"
7363,128903,beetle,subclass,Pterygota,beetle,0,0,1,0,https://www.inaturalist.org/observations/127823183,"2024-05-27 09:39:05"
7364,128901,fly,superfamily,Muscoidea,fly,0,0,5,0,https://www.inaturalist.org/observations/127821424,"2024-05-27 09:39:05"
7365,128899,beetle,phylum,Arthropoda,beetle,0,0,1,0,https://www.inaturalist.org/observations/127821254,"2024-05-27 09:39:05"
7366,128871,moths,species,"Satyrium calanus",moths,0,0,5,0,https://www.inaturalist.org/observations/127676084,"2024-05-27 09:39:05"
7367,128868,leafhopper,species,"Jikradia olitoria",leafhopper,0,0,2,0,https://www.inaturalist.org/observations/127674903,"2024-05-27 09:39:05"
7368,128866,fly,suborder,Brachycera,fly,0,0,2,0,https://www.inaturalist.org/observations/127673391,"2024-05-27 09:39:05"
7369,128862,fly,complex,"Condylostylus comatus",fly,0,0,3,0,https://www.inaturalist.org/observations/127672948,"2024-05-27 09:39:05"
7370,128861,truebugs,order,Coleoptera,beetle,0,0,3,1,https://www.inaturalist.org/observations/127672602,"2024-05-27 09:39:05"
7371,128859,spider,species,"Verrucosa arenata",spider,0,0,4,0,https://www.inaturalist.org/observations/127664647,"2024-05-27 09:39:05"
7372,128858,bee,order,Diptera,fly,0,0,3,1,https://www.inaturalist.org/observations/127663684,"2024-05-27 09:39:05"
7373,128857,fly,zoosection,Schizophora,fly,0,0,2,0,https://www.inaturalist.org/observations/127661945,"2024-05-27 09:39:05"
7374,128816,daddylonglegs,genus,Leiobunum,daddylonglegs,0,0,2,0,https://www.inaturalist.org/observations/127488031,"2024-05-27 09:39:05"
7375,128667,truebugs,family,Miridae,truebugs,0,0,2,0,https://www.inaturalist.org/observations/127389066,"2024-05-27 09:39:05"
7376,128666,spider,infraorder,Entelegynae,spider,0,0,2,0,https://www.inaturalist.org/observations/127388647,"2024-05-27 09:39:05"
7377,128646,spider,genus,Wulfila,spider,0,0,3,0,https://www.inaturalist.org/observations/127385276,"2024-05-27 09:39:05"
7378,128606,other,order,Thysanoptera,Thysanoptera,0,0,1,0,https://www.inaturalist.org/observations/127380668,"2022-12-19 01:12:05"
7379,128580,spider,infraorder,Entelegynae,spider,0,0,2,0,https://www.inaturalist.org/observations/127377405,"2024-05-27 09:42:05"
7380,128577,fly,suborder,Brachycera,fly,0,0,2,0,https://www.inaturalist.org/observations/127376684,"2024-05-27 09:42:05"
7381,128570,leafhopper,tribe,Ceresini,leafhopper,0,0,3,0,https://www.inaturalist.org/observations/127375943,"2024-05-27 09:42:05"
7382,128557,leafhopper,species,"Ormenoides venusta",leafhopper,0,0,4,0,https://www.inaturalist.org/observations/127374499,"2024-05-27 09:42:05"
7383,128556,spider,family,Thomisidae,spider,0,0,3,0,https://www.inaturalist.org/observations/127374137,"2024-05-27 09:42:05"
7384,128553,fly,genus,Gymnopternus,fly,0,0,4,0,https://www.inaturalist.org/observations/127373151,"2024-05-27 09:42:05"
7385,128550,spider,family,Dictynidae,spider,0,0,3,0,https://www.inaturalist.org/observations/127372044,"2024-05-27 09:42:05"
7386,128532,grasshopper,suborder,Ensifera,grasshopper,0,0,2,0,https://www.inaturalist.org/observations/127369892,"2024-05-27 09:42:05"
7387,128515,spider,genus,Hentzia,spider,0,0,3,0,https://www.inaturalist.org/observations/127367372,"2024-05-27 09:42:05"
7388,128514,spider,family,Dictynidae,spider,0,0,3,0,https://www.inaturalist.org/observations/127367067,"2024-05-27 09:42:05"
7389,128511,spider,infraorder,Entelegynae,spider,0,0,2,0,https://www.inaturalist.org/observations/127365969,"2024-05-27 09:42:05"
7390,128510,spider,family,Dictynidae,spider,0,0,3,0,https://www.inaturalist.org/observations/127365597,"2024-05-27 09:42:05"
7391,128502,beetle,superfamily,Elateroidea,beetle,0,0,2,0,https://www.inaturalist.org/observations/127364900,"2024-05-27 09:42:05"
7392,128494,spider,species,"Lyssomanes viridis",spider,0,0,4,0,https://www.inaturalist.org/observations/127364454,"2024-05-27 09:45:06"
7393,128491,fly,tribe,Dolichopodini,fly,0,0,4,0,https://www.inaturalist.org/observations/127363312,"2024-05-27 09:45:06"
7394,128485,spider,genus,Hentzia,spider,0,0,3,0,https://www.inaturalist.org/observations/127362565,"2024-05-27 09:45:06"
7395,128483,fly,family,Phoridae,fly,0,0,3,0,https://www.inaturalist.org/observations/127362202,"2024-05-27 09:45:06"
7396,128482,fly,family,Chironomidae,fly,0,0,2,0,https://www.inaturalist.org/observations/127361805,"2024-05-27 09:45:06"
7397,128480,truebugs,family,Miridae,truebugs,0,0,2,0,https://www.inaturalist.org/observations/127361033,"2024-05-27 09:45:06"
7398,128479,spider,superfamily,Lycosoidea,spider,0,0,3,0,https://www.inaturalist.org/observations/127360696,"2024-05-27 09:45:06"
7399,128473,truebugs,family,Tingidae,truebugs,0,0,2,0,https://www.inaturalist.org/observations/127358880,"2024-05-27 09:45:06"
7400,128472,truebugs,family,Miridae,truebugs,0,0,2,0,https://www.inaturalist.org/observations/127358582,"2024-05-27 09:45:06"
7401,128471,truebugs,superfamily,Pentatomoidea,truebugs,0,0,2,0,https://www.inaturalist.org/observations/127358237,"2024-05-27 09:45:06"
7402,128469,spider,infraorder,Entelegynae,spider,0,0,2,0,https://www.inaturalist.org/observations/127357470,"2024-05-27 09:45:06"
7403,128465,daddylonglegs,superfamily,Phalangioidea,daddylonglegs,0,0,2,0,https://www.inaturalist.org/observations/127356750,"2024-05-27 09:45:06"
7404,128462,spider,genus,Theridion,spider,0,0,3,0,https://www.inaturalist.org/observations/127356405,"2024-05-27 09:45:06"
7405,128446,spider,family,Dictynidae,spider,0,0,2,0,https://www.inaturalist.org/observations/127353686,"2024-05-27 09:45:06"
7406,128443,fly,species,"Neodexiopsis calopyga",fly,0,0,4,0,https://www.inaturalist.org/observations/127353139,"2024-05-27 09:45:06"
7407,128409,leafhopper,infraorder,Cicadomorpha,leafhopper,0,0,2,0,https://www.inaturalist.org/observations/127285070,"2024-05-27 09:45:06"
7408,128347,fly,suborder,Heteroptera,truebugs,0,0,3,1,https://www.inaturalist.org/observations/127269944,"2024-05-27 09:45:06"
7409,128326,fly,suborder,Brachycera,fly,0,0,2,0,https://www.inaturalist.org/observations/127259066,"2024-05-27 09:45:06"
7410,128227,leafhopper,species,"Pelitropis rotulata",leafhopper,0,0,2,0,https://www.inaturalist.org/observations/127222374,"2024-05-27 09:48:06"
7411,128218,spider,family,Thomisidae,spider,0,0,3,0,https://www.inaturalist.org/observations/127221665,"2024-05-27 09:48:06"
7412,128184,unidentified,suborder,Heteroptera,truebugs,0,0,1,0,https://www.inaturalist.org/observations/127218532,"2024-05-27 09:48:06"
7413,128147,bee,species,"Macremphytus testaceus",bee,0,1,1,0,https://www.inaturalist.org/observations/127163211,"2024-05-27 09:48:06"
7414,128092,truebugs,genus,Hyaliodes,truebugs,0,0,2,0,https://www.inaturalist.org/observations/127144987,"2024-05-27 09:48:06"
7415,128078,truebugs,genus,Hyaliodes,truebugs,0,0,2,0,https://www.inaturalist.org/observations/127142399,"2024-05-27 09:48:06"
7416,128020,truebugs,genus,Hyaliodes,truebugs,0,0,2,0,https://www.inaturalist.org/observations/127121683,"2024-05-27 09:48:06"
7417,127567,leafhopper,species,"Jikradia olitoria",leafhopper,0,0,2,0,https://www.inaturalist.org/observations/126965569,"2024-05-27 09:57:06"
7418,127424,truebugs,family,Miridae,truebugs,0,0,2,0,https://www.inaturalist.org/observations/126856227,"2024-05-20 09:33:05"
7419,127408,spider,tribe,Misumenini,spider,0,0,3,0,https://www.inaturalist.org/observations/126854331,"2024-05-20 09:33:05"
7420,127398,beetle,suborder,Polyphaga,beetle,0,0,2,0,https://www.inaturalist.org/observations/126853625,"2024-05-20 09:33:05"
7421,127394,fly,family,Dolichopodidae,fly,0,0,4,0,https://www.inaturalist.org/observations/126852787,"2024-05-20 09:33:05"
7422,127380,beetle,species,"Cycloneda munda",beetle,0,0,4,0,https://www.inaturalist.org/observations/126836465,"2024-05-20 09:33:05"
7423,127357,beetle,order,Hemiptera,truebugs,0,0,3,1,https://www.inaturalist.org/observations/126829054,"2024-05-20 09:33:05"
7424,127216,grasshopper,suborder,Ensifera,grasshopper,0,0,2,0,https://www.inaturalist.org/observations/126803900,"2024-05-20 09:36:05"
7425,127206,bee,order,Hemiptera,truebugs,0,0,1,0,https://www.inaturalist.org/observations/126792378,"2024-05-20 09:36:05"
7426,127168,other,tribe,Chrysopini,Neuroptera,0,0,2,0,https://www.inaturalist.org/observations/126698279,"2024-05-20 09:36:05"
7427,127048,grasshopper,genus,Oecanthus,grasshopper,0,0,3,0,https://www.inaturalist.org/observations/126487379,"2024-05-20 09:36:05"
7428,126912,beetle,family,Elateridae,beetle,0,0,2,0,https://www.inaturalist.org/observations/126370234,"2024-05-20 09:42:05"
7429,126231,ant,genus,Temnothorax,ant,0,0,2,0,https://www.inaturalist.org/observations/126087226,"2024-05-20 09:54:05"
7430,126161,ant,subgenus,Crematogaster,ant,0,0,2,0,https://www.inaturalist.org/observations/126073222,"2024-05-20 09:54:05"
7431,126151,ant,subgenus,Crematogaster,ant,0,0,2,0,https://www.inaturalist.org/observations/126069555,"2024-05-20 09:54:05"
7432,126063,grasshopper,family,Tettigoniidae,grasshopper,0,0,2,0,https://www.inaturalist.org/observations/126062936,"2024-05-20 09:57:05"
7433,126020,grasshopper,suborder,Ensifera,grasshopper,0,0,2,0,https://www.inaturalist.org/observations/126060404,"2024-05-20 09:57:05"
7434,125813,beetle,species,"Lebia fuscata",beetle,0,0,3,0,https://www.inaturalist.org/observations/125944408,"2024-05-13 09:33:04"
7435,125694,grasshopper,genus,Oecanthus,grasshopper,0,0,3,0,https://www.inaturalist.org/observations/125927431,"2024-05-13 09:36:04"
7436,125678,grasshopper,superfamily,Grylloidea,grasshopper,0,0,2,0,https://www.inaturalist.org/observations/125923866,"2024-05-13 09:36:04"
7437,125674,beetle,species,"Cyrtepistomus castaneus",beetle,0,0,2,0,https://www.inaturalist.org/observations/125923321,"2024-05-13 09:36:04"
7438,125553,fly,subclass,Pterygota,fly,0,0,2,1,https://www.inaturalist.org/observations/125813323,"2024-05-13 09:39:04"
7439,125378,grasshopper,superfamily,Grylloidea,grasshopper,0,0,2,0,https://www.inaturalist.org/observations/125773903,"2024-05-13 09:39:04"
7440,125374,grasshopper,genus,Oecanthus,grasshopper,0,0,3,0,https://www.inaturalist.org/observations/125773332,"2024-05-13 09:39:04"
7441,125369,grasshopper,family,Trigonidiidae,grasshopper,0,0,2,0,https://www.inaturalist.org/observations/125773075,"2024-05-13 09:39:04"
7442,124890,ant,species,"Temnothorax curvispinosus",ant,0,0,2,0,https://www.inaturalist.org/observations/125346095,"2024-05-13 09:42:04"
7443,124847,ant,species,"Camponotus pennsylvanicus",ant,0,0,2,0,https://www.inaturalist.org/observations/125334678,"2024-05-13 09:42:04"
7444,124788,ant,subgenus,Myrmentoma,ant,0,0,3,0,https://www.inaturalist.org/observations/125327167,"2024-05-13 09:45:04"
7445,124775,ant,complex,"Formica fusca",ant,0,0,2,0,https://www.inaturalist.org/observations/125323321,"2024-05-13 09:45:04"
7446,124754,ant,complex,"Formica neogagates",ant,0,0,3,0,https://www.inaturalist.org/observations/125320700,"2024-05-13 09:45:04"
7447,124703,ant,genus,Temnothorax,ant,0,0,2,0,https://www.inaturalist.org/observations/125309700,"2024-05-13 09:48:04"
7448,124557,ant,genus,Myrmica,ant,0,0,3,0,https://www.inaturalist.org/observations/125228525,"2024-05-13 09:51:03"
7449,124469,grasshopper,superfamily,Grylloidea,grasshopper,0,0,2,0,https://www.inaturalist.org/observations/125212465,"2024-05-13 09:51:03"
7450,121372,beetle,tribe,Lepturini,beetle,0,0,2,0,https://www.inaturalist.org/observations/125072917,"2024-05-13 09:54:04"
7451,121383,ant,species,"Camponotus nearcticus",ant,0,0,3,0,https://www.inaturalist.org/observations/125069182,"2024-05-13 09:54:04"
7452,124110,ant,complex,"Formica fusca",ant,0,0,2,0,https://www.inaturalist.org/observations/125064297,"2024-05-13 09:54:04"
7453,124106,ant,class,Insecta,ant,0,0,1,0,https://www.inaturalist.org/observations/125062588,"2024-05-13 09:54:04"
7454,124098,ant,complex,"Formica fusca",ant,0,0,2,0,https://www.inaturalist.org/observations/125060107,"2024-05-13 09:57:04"
7455,123861,grasshopper,suborder,Ensifera,grasshopper,0,0,2,0,https://www.inaturalist.org/observations/125016992,"2024-05-06 09:42:04"
7456,123648,truebugs,superfamily,Pentatomoidea,truebugs,0,0,3,1,https://www.inaturalist.org/observations/124899696,"2024-05-06 09:45:04"
7457,123516,grasshopper,superfamily,Grylloidea,grasshopper,0,0,2,0,https://www.inaturalist.org/observations/124883381,"2024-05-06 09:48:04"
7458,122838,caterpillar,species,"Cecrita guttivitta",caterpillar,0,0,4,0,https://www.inaturalist.org/observations/124295942,"2024-05-06 09:54:04"
7459,122595,grasshopper,genus,Oecanthus,grasshopper,0,0,3,0,https://www.inaturalist.org/observations/124256961,"2024-04-29 09:57:04"
7460,122550,grasshopper,suborder,Ensifera,grasshopper,0,0,2,0,https://www.inaturalist.org/observations/124245496,"2024-04-29 09:57:04"
7461,122378,ant,subgenus,Myrmentoma,ant,0,0,3,0,https://www.inaturalist.org/observations/124190634,"2024-04-22 09:57:06"
7462,122365,grasshopper,family,Tettigoniidae,grasshopper,0,0,2,0,https://www.inaturalist.org/observations/124186557,"2024-04-08 09:57:04"
7463,122405,grasshopper,suborder,Ensifera,grasshopper,0,0,2,0,https://www.inaturalist.org/observations/124152077,"2023-11-13 09:57:05"
7464,122183,other,family,Chrysopidae,Neuroptera,0,0,2,0,https://www.inaturalist.org/observations/124102039,"2023-09-25 09:57:05"
7465,131159,caterpillar,species,"Lithacodes fasciola",caterpillar,0,0,3,0,https://www.inaturalist.org/observations/129670776,"2024-06-03 09:36:06"
7466,131023,unidentified,family,Berytidae,truebugs,0,0,1,0,https://www.inaturalist.org/observations/129552236,"2024-06-03 09:39:06"
7467,131011,truebugs,species,"Zelus luridus",truebugs,0,0,2,0,https://www.inaturalist.org/observations/129551251,"2024-06-03 09:39:06"
7468,130937,fly,family,Phoridae,fly,0,0,2,0,https://www.inaturalist.org/observations/129542645,"2024-06-03 09:39:06"
7469,130934,ant,complex,"Formica fusca",ant,0,0,2,0,https://www.inaturalist.org/observations/129541631,"2024-06-03 09:39:06"
7470,130904,ant,complex,"Formica fusca",ant,0,0,2,0,https://www.inaturalist.org/observations/129538421,"2024-06-03 09:39:06"
7471,130902,ant,subgenus,Crematogaster,ant,0,0,2,0,https://www.inaturalist.org/observations/129537698,"2024-06-03 09:39:06"
7472,130886,ant,subgenus,Myrmentoma,ant,0,0,2,0,https://www.inaturalist.org/observations/129536683,"2024-06-03 09:42:06"
7473,130883,spider,genus,Philodromus,spider,0,0,3,0,https://www.inaturalist.org/observations/129536118,"2024-06-03 09:42:06"
7474,130839,beetle,subfamily,Eumolpinae,beetle,0,0,3,0,https://www.inaturalist.org/observations/129458333,"2024-06-03 09:42:06"
7475,130838,spider,infraorder,Entelegynae,spider,0,0,2,0,https://www.inaturalist.org/observations/129457969,"2024-06-03 09:42:06"
7476,130835,beetle,subfamily,Eumolpinae,beetle,0,0,2,0,https://www.inaturalist.org/observations/129456843,"2024-06-03 09:42:06"
7477,130833,beetle,species,"Lechriops oculatus",beetle,0,0,3,0,https://www.inaturalist.org/observations/129456523,"2024-06-03 09:42:06"
7478,130827,leafhopper,species,"Ormenoides venusta",leafhopper,0,0,2,0,https://www.inaturalist.org/observations/129456060,"2024-06-03 09:42:06"
7479,130824,ant,species,"Camponotus pennsylvanicus",ant,0,0,3,0,https://www.inaturalist.org/observations/129455005,"2024-06-03 09:42:06"
7480,130813,unidentified,genus,Acanalonia,leafhopper,0,0,1,0,https://www.inaturalist.org/observations/129454340,"2024-06-03 09:42:06"
7481,130812,caterpillar,species,"Acronicta americana",caterpillar,0,0,3,0,https://www.inaturalist.org/observations/129453967,"2024-06-03 09:42:06"
7482,130811,beetle,species,"Pseudoedophrys hilleri",beetle,0,0,3,0,https://www.inaturalist.org/observations/129453560,"2024-06-03 09:42:06"
7483,130809,spider,species,"Verrucosa arenata",spider,0,0,4,0,https://www.inaturalist.org/observations/129451263,"2024-06-03 09:42:06"
7484,130808,spider,genus,Colonus,spider,0,0,3,0,https://www.inaturalist.org/observations/129450932,"2024-06-03 09:42:06"
7486,130805,leafhopper,complex,"Enchenopa binotata",leafhopper,0,0,2,0,https://www.inaturalist.org/observations/129450212,"2024-06-03 09:42:06"
7487,130725,leafhopper,family,Membracidae,leafhopper,0,0,3,0,https://www.inaturalist.org/observations/129341785,"2024-06-03 09:42:06"
7488,130714,spider,order,Hemiptera,truebugs,0,0,3,1,https://www.inaturalist.org/observations/129334871,"2024-06-03 09:42:06"
7489,130712,leafhopper,species,"Patara vanduzei",leafhopper,0,0,3,0,https://www.inaturalist.org/observations/129334290,"2024-06-03 09:42:06"
7490,130566,caterpillar,species,"Halysidota tessellaris",caterpillar,0,0,4,0,https://www.inaturalist.org/observations/129305498,"2024-06-03 09:42:06"
7491,130555,beetle,species,"Syzeton subfasciatus",beetle,0,0,3,0,https://www.inaturalist.org/observations/129304805,"2024-06-03 09:42:06"
7492,130553,spider,family,Philodromidae,spider,0,0,2,0,https://www.inaturalist.org/observations/129304474,"2024-06-03 09:42:06"
7493,130552,spider,family,Theridiidae,spider,0,0,2,0,https://www.inaturalist.org/observations/129304035,"2024-06-03 09:42:06"
7494,130551,spider,infraorder,Entelegynae,spider,0,0,2,0,https://www.inaturalist.org/observations/129303673,"2024-06-03 09:42:06"
7495,130534,spider,family,Dictynidae,spider,0,0,2,0,https://www.inaturalist.org/observations/129303047,"2024-06-03 09:42:06"
7496,130531,beetle,genus,Phyllobaenus,beetle,0,0,3,0,https://www.inaturalist.org/observations/129301942,"2024-06-03 09:42:06"
7497,130524,truebugs,family,Reduviidae,truebugs,0,0,2,0,https://www.inaturalist.org/observations/129301600,"2024-06-03 09:42:06"
7498,130522,truebugs,family,Miridae,truebugs,0,0,2,0,https://www.inaturalist.org/observations/129301216,"2024-06-03 09:42:06"
7499,130521,spider,genus,Pityohyphantes,spider,0,0,3,0,https://www.inaturalist.org/observations/129300847,"2024-06-03 09:42:06"
7500,130519,spider,genus,Philodromus,spider,0,0,3,0,https://www.inaturalist.org/observations/129300115,"2024-06-03 09:42:06"
7501,130516,ant,complex,"Formica fusca",ant,0,0,2,0,https://www.inaturalist.org/observations/129299415,"2024-06-03 09:45:07"
7502,130505,ant,species,"Camponotus pennsylvanicus",ant,0,0,3,0,https://www.inaturalist.org/observations/129295610,"2024-06-03 09:45:07"
7503,130504,ant,complex,"Formica fusca",ant,0,0,2,0,https://www.inaturalist.org/observations/129295208,"2024-06-03 09:45:07"
7504,130502,spider,family,Dictynidae,spider,0,0,3,0,https://www.inaturalist.org/observations/129294829,"2024-06-03 09:45:07"
7505,130501,spider,family,Dictynidae,spider,0,0,2,0,https://www.inaturalist.org/observations/129294448,"2024-06-03 09:45:07"
7506,130500,spider,infraorder,Entelegynae,spider,0,0,2,0,https://www.inaturalist.org/observations/129294042,"2024-06-03 09:45:07"
7507,130499,fly,family,Ceratopogonidae,fly,0,0,2,0,https://www.inaturalist.org/observations/129293740,"2024-06-03 09:45:07"
7508,130495,spider,infraorder,Entelegynae,spider,0,0,2,0,https://www.inaturalist.org/observations/129293397,"2024-06-03 09:45:07"
7509,130494,ant,subgenus,Crematogaster,ant,0,0,2,0,https://www.inaturalist.org/observations/129293076,"2024-06-03 09:45:07"
7510,130492,spider,family,Dictynidae,spider,0,0,2,0,https://www.inaturalist.org/observations/129292321,"2024-06-03 09:45:07"
7511,130491,spider,infraorder,Entelegynae,spider,0,0,2,0,https://www.inaturalist.org/observations/129291992,"2024-06-03 09:45:07"
7512,130490,ant,complex,"Formica fusca",ant,0,0,2,0,https://www.inaturalist.org/observations/129291646,"2024-06-03 09:45:07"
7513,130482,leafhopper,genus,Acanalonia,leafhopper,0,0,2,0,https://www.inaturalist.org/observations/129291188,"2024-06-03 09:45:07"
7514,130481,leafhopper,genus,Otiocerus,leafhopper,0,0,3,0,https://www.inaturalist.org/observations/129290842,"2024-06-03 09:45:07"
7515,130479,spider,species,"Araniella displicata",spider,0,0,3,0,https://www.inaturalist.org/observations/129290425,"2024-06-03 09:45:07"
7516,130478,spider,family,Dictynidae,spider,0,0,2,0,https://www.inaturalist.org/observations/129290014,"2024-06-03 09:45:07"
7517,130477,beetle,genus,Rhagonycha,beetle,0,0,3,0,https://www.inaturalist.org/observations/129289677,"2024-06-03 09:45:07"
7518,130475,ant,species,"Camponotus pennsylvanicus",ant,0,0,2,0,https://www.inaturalist.org/observations/129288831,"2024-06-03 09:45:07"
7519,130450,leafhopper,complex,"Enchenopa binotata",leafhopper,0,0,3,0,https://www.inaturalist.org/observations/129275849,"2024-06-03 09:45:07"
7520,130449,ant,subgenus,Myrmentoma,ant,0,0,2,0,https://www.inaturalist.org/observations/129275123,"2024-06-03 09:45:07"
7521,130446,other,order,Trombidiformes,Trombidiformes,0,0,1,0,https://www.inaturalist.org/observations/129273812,"2022-10-31 00:42:05"
7522,130440,caterpillar,order,Lepidoptera,caterpillar,0,0,2,0,https://www.inaturalist.org/observations/129206009,"2024-06-03 09:45:07"
7523,130435,caterpillar,species,"Halysidota tessellaris",caterpillar,0,0,3,0,https://www.inaturalist.org/observations/129205667,"2024-06-03 09:45:07"
7524,130430,spider,species,"Araneus cingulatus",spider,0,0,3,0,https://www.inaturalist.org/observations/129204999,"2024-06-03 09:45:07"
7525,130427,leafhopper,species,"Ormenoides venusta",leafhopper,0,0,3,0,https://www.inaturalist.org/observations/129204700,"2024-06-03 09:45:07"
7526,131364,spider,genus,Tetragnatha,spider,0,0,3,0,https://www.inaturalist.org/observations/130800770,"2024-06-10 09:54:05"
7527,131424,caterpillar,genus,Antheraea,caterpillar,0,0,2,0,https://www.inaturalist.org/observations/130527650,"2024-06-10 09:54:05"
7528,131405,ant,genus,Camponotus,ant,0,0,2,0,https://www.inaturalist.org/observations/130499562,"2024-06-10 09:54:05"
7529,131403,ant,species,"Camponotus pennsylvanicus",ant,0,0,3,0,https://www.inaturalist.org/observations/130498966,"2024-06-10 09:54:05"
7530,131402,ant,species,"Camponotus pennsylvanicus",ant,0,0,3,0,https://www.inaturalist.org/observations/130498643,"2024-06-10 09:54:05"
7531,131398,ant,subgenus,Crematogaster,ant,0,0,2,0,https://www.inaturalist.org/observations/130497643,"2024-06-10 09:54:05"
7532,131397,beetle,species,"Brachys ovatus",beetle,0,0,4,0,https://www.inaturalist.org/observations/130497235,"2024-06-10 09:54:05"
7533,131394,beetle,species,"Cyrtepistomus castaneus",beetle,0,0,2,0,https://www.inaturalist.org/observations/130496401,"2024-06-10 09:54:05"
7534,131392,other,genus,Corythucha,truebugs,0,0,3,0,https://www.inaturalist.org/observations/130495746,"2024-06-10 09:54:05"
7535,131390,ant,complex,"Temnothorax schaumii",ant,0,0,3,0,https://www.inaturalist.org/observations/130495168,"2024-06-10 09:54:05"
7536,131388,ant,species,"Camponotus pennsylvanicus",ant,0,0,3,0,https://www.inaturalist.org/observations/130494929,"2024-06-10 09:54:05"
7537,131387,ant,complex,"Formica fusca",ant,0,0,2,0,https://www.inaturalist.org/observations/130494620,"2024-06-10 09:54:05"
7538,131385,beetle,genus,Rhagonycha,beetle,0,0,3,0,https://www.inaturalist.org/observations/130494037,"2024-06-10 09:54:05"
7539,131384,caterpillar,species,"Paonias excaecata",caterpillar,0,0,3,0,https://www.inaturalist.org/observations/130493759,"2024-06-10 09:54:05"
7540,131375,truebugs,family,Reduviidae,truebugs,0,0,2,0,https://www.inaturalist.org/observations/130491347,"2024-06-10 09:57:05"
7541,131360,caterpillar,subfamily,Erebinae,caterpillar,0,0,2,0,https://www.inaturalist.org/observations/130371027,"2024-06-10 09:57:05"
7542,131356,caterpillar,species,"Halysidota tessellaris",caterpillar,0,0,3,0,https://www.inaturalist.org/observations/130369258,"2024-06-10 09:57:05"
7543,131353,unidentified,species,"Ectobius pallidus",Blattodea,0,0,2,0,https://www.inaturalist.org/observations/130364157,"2024-06-10 09:57:05"
7544,131352,unidentified,species,"Ectobius pallidus",Blattodea,0,0,2,0,https://www.inaturalist.org/observations/130363950,"2024-06-10 09:57:05"
7545,131351,spider,genus,Philodromus,spider,0,0,3,0,https://www.inaturalist.org/observations/130363754,"2024-06-10 09:57:05"
7546,131350,beetle,superfamily,Elateroidea,beetle,0,0,2,0,https://www.inaturalist.org/observations/130363499,"2024-06-10 09:57:05"
7547,131345,unidentified,species,"Ectobius pallidus",Blattodea,0,0,2,0,https://www.inaturalist.org/observations/130363101,"2024-06-10 09:57:05"
7548,131344,truebugs,superfamily,Pentatomoidea,truebugs,0,0,2,0,https://www.inaturalist.org/observations/130362870,"2024-06-10 09:57:05"
7549,131343,spider,family,Anyphaenidae,spider,0,0,3,0,https://www.inaturalist.org/observations/130362693,"2024-06-10 09:57:05"
7550,131334,leafhopper,species,"Metcalfa pruinosa",leafhopper,0,0,3,0,https://www.inaturalist.org/observations/130285687,"2024-06-10 09:57:05"
7551,131332,beetle,genus,Phyllobaenus,beetle,0,0,3,0,https://www.inaturalist.org/observations/130285024,"2024-06-10 09:57:05"
7552,131328,ant,subgenus,Myrmentoma,ant,0,0,2,0,https://www.inaturalist.org/observations/130283735,"2024-06-10 09:57:05"
7553,131326,ant,species,"Camponotus pennsylvanicus",ant,0,0,3,0,https://www.inaturalist.org/observations/130282988,"2024-06-10 09:57:05"
7554,131323,spider,tribe,Misumenini,spider,0,0,3,0,https://www.inaturalist.org/observations/130282314,"2024-06-10 09:57:05"
7555,131320,truebugs,family,Reduviidae,truebugs,0,0,2,0,https://www.inaturalist.org/observations/130281366,"2024-06-10 09:57:05"
7556,131316,truebugs,family,Miridae,truebugs,0,0,2,0,https://www.inaturalist.org/observations/130279820,"2024-06-10 09:57:05"
7557,131312,beetle,species,"Cyrtepistomus castaneus",beetle,0,0,2,0,https://www.inaturalist.org/observations/130278711,"2024-06-10 09:57:05"
7558,131308,beetle,tribe,Alticini,beetle,0,0,3,0,https://www.inaturalist.org/observations/130277569,"2024-06-10 09:57:05"
7559,131299,ant,complex,"Temnothorax schaumii",ant,0,0,3,0,https://www.inaturalist.org/observations/130275065,"2024-06-03 09:33:06"
7560,131294,fly,infraorder,Tipulomorpha,fly,0,0,2,0,https://www.inaturalist.org/observations/130273105,"2024-06-03 09:33:06"
7561,131293,ant,species,"Camponotus pennsylvanicus",ant,0,0,3,0,https://www.inaturalist.org/observations/130272720,"2024-06-03 09:33:06"
7562,131290,beetle,species,"Cryptolaemus montrouzieri",beetle,0,0,4,0,https://www.inaturalist.org/observations/130271498,"2024-06-03 09:36:06"
7563,131287,beetle,genus,Rhagonycha,beetle,0,0,4,0,https://www.inaturalist.org/observations/130270474,"2024-06-03 09:36:06"
7564,131286,ant,subgenus,Crematogaster,ant,0,0,2,0,https://www.inaturalist.org/observations/130270087,"2024-06-03 09:36:06"
7565,131285,ant,species,"Camponotus pennsylvanicus",ant,0,0,3,0,https://www.inaturalist.org/observations/130269696,"2024-06-03 09:36:06"
7566,131282,ant,complex,"Temnothorax schaumii",ant,0,0,3,0,https://www.inaturalist.org/observations/130266996,"2024-06-03 09:36:06"
7567,131257,fly,family,Cerambycidae,beetle,0,0,4,1,https://www.inaturalist.org/observations/130243992,"2024-06-03 09:36:06"
7568,131230,ant,tribe,Lasiini,ant,0,0,2,0,https://www.inaturalist.org/observations/130097332,"2024-06-03 09:36:06"
7569,131215,truebugs,superfamily,Pentatomoidea,truebugs,0,0,3,0,https://www.inaturalist.org/observations/129985390,"2024-06-03 09:36:06"
7570,131207,spider,genus,Tetragnatha,spider,0,0,2,0,https://www.inaturalist.org/observations/129984664,"2024-06-03 09:36:06"
7571,131206,leafhopper,species,"Flatormenis proxima",leafhopper,0,0,3,0,https://www.inaturalist.org/observations/129984142,"2024-06-03 09:36:06"
7572,131201,leafhopper,species,"Ormenoides venusta",leafhopper,0,0,3,0,https://www.inaturalist.org/observations/129982577,"2024-06-03 09:36:06"
7573,131196,spider,infraorder,Entelegynae,spider,0,0,2,0,https://www.inaturalist.org/observations/129982160,"2024-06-03 09:36:06"
7574,131192,ant,genus,Myrmica,ant,0,0,3,0,https://www.inaturalist.org/observations/129980460,"2024-06-03 09:36:06"
7575,130991,truebugs,genus,Zelus,truebugs,0,0,2,0,https://www.inaturalist.org/observations/129548715,"2024-06-03 09:39:06"
7576,130509,truebugs,genus,Kleidocerys,truebugs,0,0,2,0,https://www.inaturalist.org/observations/129296888,"2024-06-03 09:45:07"
7577,130404,beetle,species,"Harmonia axyridis",beetle,1,0,4,0,https://www.inaturalist.org/observations/129192727,"2024-06-03 09:45:07"
7578,130396,truebugs,complex,"Forficula auricularia",Dermaptera,0,0,3,1,https://www.inaturalist.org/observations/129190007,"2024-06-03 09:45:07"
7579,130370,leafhopper,family,Cicadellidae,leafhopper,0,0,2,0,https://www.inaturalist.org/observations/129182899,"2024-06-03 09:45:07"
7580,130353,aphid,family,Aphididae,aphid,0,0,2,0,https://www.inaturalist.org/observations/129180517,"2024-06-03 09:45:07"
7581,130352,beetle,species,"Cyrtepistomus castaneus",beetle,0,0,3,0,https://www.inaturalist.org/observations/129180136,"2024-06-03 09:48:06"
7582,130351,spider,family,Theridiidae,spider,0,0,3,0,https://www.inaturalist.org/observations/129179787,"2024-06-03 09:48:06"
7583,130280,beetle,complex,"Photinus marginellus",beetle,0,0,4,0,https://www.inaturalist.org/observations/129035248,"2024-06-03 09:48:06"
7584,130269,caterpillar,family,Tortricidae,caterpillar,0,0,2,0,https://www.inaturalist.org/observations/129026234,"2024-06-03 09:48:06"
7585,130266,other,species,"Amphibolips quercusostensackenii",bee,0,0,2,0,https://www.inaturalist.org/observations/129025808,"2024-06-03 09:48:06"
7586,128621,leafhopper,suborder,Ensifera,grasshopper,0,0,5,1,https://www.inaturalist.org/observations/129020875,"2024-06-03 09:48:06"
7587,130239,fly,tribe,Elachipterini,fly,0,0,4,0,https://www.inaturalist.org/observations/129016029,"2024-06-03 09:48:06"
7588,130237,grasshopper,genus,Oecanthus,grasshopper,0,0,3,0,https://www.inaturalist.org/observations/129015121,"2024-06-03 09:48:06"
7589,130235,grasshopper,species,"Phyllopalpus pulchellus",grasshopper,0,0,3,0,https://www.inaturalist.org/observations/129014068,"2024-06-03 09:48:06"
7590,130229,leafhopper,genus,Scaphoideus,leafhopper,0,0,3,0,https://www.inaturalist.org/observations/129012540,"2024-06-03 09:48:06"
7591,130222,leafhopper,genus,Jikradia,leafhopper,0,0,2,0,https://www.inaturalist.org/observations/129011146,"2024-06-03 09:48:06"
7592,130217,grasshopper,genus,Oecanthus,grasshopper,0,0,4,0,https://www.inaturalist.org/observations/129010341,"2024-06-03 09:48:06"
7593,130214,ant,genus,Temnothorax,ant,0,0,2,0,https://www.inaturalist.org/observations/129008653,"2024-06-03 09:48:06"
7594,128584,unidentified,superfamily,Pentatomoidea,truebugs,0,0,2,0,https://www.inaturalist.org/observations/129003746,"2024-06-03 09:48:06"
7595,128698,leafhopper,species,"Oncometopia orbona",leafhopper,0,0,3,0,https://www.inaturalist.org/observations/128999075,"2024-06-03 09:48:06"
7596,128696,beetle,superfamily,Pentatomoidea,truebugs,0,0,3,1,https://www.inaturalist.org/observations/128998399,"2024-06-03 09:48:06"
7597,128697,leafhopper,species,"Acanalonia conica",leafhopper,0,0,2,0,https://www.inaturalist.org/observations/128994103,"2024-06-03 09:48:06"
7598,130149,unidentified,species,"Ochyromera ligustri",beetle,0,0,3,0,https://www.inaturalist.org/observations/128983907,"2024-06-03 09:48:06"
7599,130130,truebugs,family,Reduviidae,truebugs,0,0,2,0,https://www.inaturalist.org/observations/128976739,"2024-06-03 09:48:06"
7600,129992,fly,genus,Condylostylus,fly,0,0,3,0,https://www.inaturalist.org/observations/128976060,"2024-06-03 09:51:06"
7601,129989,truebugs,genus,Chinavia,truebugs,0,0,2,0,https://www.inaturalist.org/observations/128975210,"2024-06-03 09:51:06"
7602,129991,fly,complex,"Condylostylus comatus",fly,0,0,4,0,https://www.inaturalist.org/observations/128974837,"2024-06-03 09:51:06"
7603,130128,truebugs,superfamily,Pentatomoidea,truebugs,0,0,2,0,https://www.inaturalist.org/observations/128971054,"2024-06-03 09:51:06"
7604,130007,caterpillar,genus,Asterocampa,caterpillar,0,0,2,0,https://www.inaturalist.org/observations/128970650,"2024-06-03 09:51:06"
7605,130006,caterpillar,species,"Halysidota tessellaris",caterpillar,0,0,3,0,https://www.inaturalist.org/observations/128970184,"2024-06-03 09:51:06"
7606,130004,leafhopper,species,"Sibovia occatoria",leafhopper,0,0,3,0,https://www.inaturalist.org/observations/128969801,"2024-06-03 09:51:06"
7607,130003,beetle,family,Elateridae,beetle,0,0,2,0,https://www.inaturalist.org/observations/128969363,"2024-06-03 09:51:06"
7608,130000,ant,species,"Camponotus pennsylvanicus",ant,0,0,3,0,https://www.inaturalist.org/observations/128968672,"2024-06-03 09:51:06"
7609,130127,beetle,family,Elateridae,beetle,0,0,2,0,https://www.inaturalist.org/observations/128968312,"2024-06-03 09:51:06"
7610,130018,fly,species,"Toxomerus politus",fly,0,0,4,0,https://www.inaturalist.org/observations/128967668,"2024-06-03 09:51:06"
7611,130009,leafhopper,species,"Acanalonia conica",leafhopper,0,0,3,0,https://www.inaturalist.org/observations/128967034,"2024-06-03 09:51:06"
7612,129954,caterpillar,genus,Anisota,caterpillar,0,0,4,0,https://www.inaturalist.org/observations/128471246,"2024-06-03 09:54:05"
7613,129931,leafhopper,species,"Metcalfa pruinosa",leafhopper,0,0,3,0,https://www.inaturalist.org/observations/128467952,"2024-06-03 09:54:05"
7614,129909,leafhopper,species,"Ormenoides venusta",leafhopper,0,0,3,0,https://www.inaturalist.org/observations/128463983,"2024-06-03 09:54:05"
7615,129857,caterpillar,species,"Hypsoropha hormos",caterpillar,0,0,2,0,https://www.inaturalist.org/observations/128453719,"2024-06-03 09:54:05"
7616,129833,fly,family,Cecidomyiidae,fly,0,0,2,0,https://www.inaturalist.org/observations/128450293,"2024-06-03 09:57:05"
7617,129780,truebugs,subfamily,Harpactorinae,truebugs,0,0,2,0,https://www.inaturalist.org/observations/128442758,"2024-06-03 09:57:05"
7618,129779,truebugs,family,Miridae,truebugs,0,0,2,0,https://www.inaturalist.org/observations/128442492,"2024-06-03 09:57:05"
7619,129765,beetle,family,Scarabaeidae,beetle,0,0,2,0,https://www.inaturalist.org/observations/128316878,"2024-06-03 09:57:05"
7620,129738,beetle,subclass,Pterygota,truebugs,0,0,2,1,https://www.inaturalist.org/observations/128299770,"2024-05-27 09:27:05"
7621,129179,leafhopper,species,"Acanalonia conica",leafhopper,0,0,3,0,https://www.inaturalist.org/observations/127996234,"2024-05-27 09:33:05"
7622,129137,leafhopper,tribe,Nephesini,leafhopper,0,0,2,0,https://www.inaturalist.org/observations/127993665,"2024-05-27 09:36:05"
7623,129118,leafhopper,species,"Pelitropis rotulata",leafhopper,0,0,2,0,https://www.inaturalist.org/observations/127991171,"2024-05-27 09:36:05"
7624,128081,beetle,order,Hemiptera,truebugs,0,0,3,1,https://www.inaturalist.org/observations/127142875,"2024-05-27 09:48:06"
7625,126959,fly,genus,Gymnopternus,fly,0,0,3,0,https://www.inaturalist.org/observations/126383585,"2024-05-20 09:39:05"
7626,126831,fly,species,"Gymnopternus flavus",fly,0,0,5,0,https://www.inaturalist.org/observations/126353674,"2024-05-20 09:42:05"
7627,126200,fly,tribe,Dolichopodini,fly,0,0,3,0,https://www.inaturalist.org/observations/126077283,"2024-05-20 09:54:05"
7628,125855,truebugs,suborder,Ensifera,grasshopper,0,0,4,1,https://www.inaturalist.org/observations/125951080,"2024-05-13 09:33:04"
7629,121163,grasshopper,infraorder,Fulgoromorpha,leafhopper,0,0,4,1,https://www.inaturalist.org/observations/125081367,"2024-05-13 09:51:03"
7630,131741,caterpillar,species,"Halysidota tessellaris",caterpillar,0,0,3,0,https://www.inaturalist.org/observations/131565748,"2024-06-10 09:48:07"
7631,131730,ant,species,"Camponotus pennsylvanicus",ant,0,0,3,0,https://www.inaturalist.org/observations/131459105,"2024-06-10 09:48:07"
7632,131728,caterpillar,subfamily,Limacodinae,caterpillar,0,0,3,0,https://www.inaturalist.org/observations/131458762,"2024-06-10 09:48:07"
7633,131716,spider,genus,Hentzia,spider,0,0,3,0,https://www.inaturalist.org/observations/131454193,"2024-06-10 09:51:05"
7634,131712,ant,complex,"Formica fusca",ant,0,0,2,0,https://www.inaturalist.org/observations/131453295,"2024-06-10 09:51:05"
7635,131621,unidentified,genus,Microcentrus,leafhopper,0,0,1,0,https://www.inaturalist.org/observations/131320318,"2024-06-10 09:51:05"
7636,131613,fly,infraorder,Cyclorrhapha,fly,0,0,2,0,https://www.inaturalist.org/observations/131262359,"2024-06-10 09:51:05"
7637,131609,caterpillar,species,"Halysidota tessellaris",caterpillar,0,0,3,0,https://www.inaturalist.org/observations/131262024,"2024-06-10 09:51:05"
7638,131607,daddylonglegs,superfamily,Phalangioidea,daddylonglegs,0,0,2,0,https://www.inaturalist.org/observations/131261437,"2024-06-10 09:51:05"
7639,131602,truebugs,order,Dermaptera,Dermaptera,0,0,3,1,https://www.inaturalist.org/observations/131255863,"2024-06-10 09:51:05"
7640,131597,beetle,subclass,Pterygota,truebugs,0,0,2,1,https://www.inaturalist.org/observations/131254089,"2024-06-10 09:51:05"
7641,131592,beetle,superfamily,Pentatomoidea,truebugs,0,0,4,1,https://www.inaturalist.org/observations/131250253,"2024-06-10 09:51:05"
7642,131566,aphid,family,Pentatomidae,truebugs,0,0,3,1,https://www.inaturalist.org/observations/131205927,"2024-06-10 09:51:05"
7643,131558,bee,subfamily,Vespinae,bee,0,0,3,0,https://www.inaturalist.org/observations/131196354,"2024-06-10 09:51:05"
7644,131557,ant,subgenus,Myrmentoma,ant,0,0,2,0,https://www.inaturalist.org/observations/131196036,"2024-06-10 09:51:05"
7645,131554,leafhopper,species,"Jikradia olitoria",leafhopper,0,0,3,0,https://www.inaturalist.org/observations/131195334,"2024-06-10 09:51:05"
7646,131552,fly,family,Lauxaniidae,fly,0,0,2,0,https://www.inaturalist.org/observations/131194760,"2024-06-10 09:51:05"
7647,131551,grasshopper,species,"Oecanthus exclamationis",grasshopper,0,0,4,0,https://www.inaturalist.org/observations/131194366,"2024-06-10 09:51:05"
7648,131549,ant,species,"Dolichoderus plagiatus",ant,0,0,3,0,https://www.inaturalist.org/observations/131194135,"2024-06-10 09:51:05"
7649,131546,truebugs,superfamily,Pentatomoidea,truebugs,0,0,2,0,https://www.inaturalist.org/observations/131123205,"2024-06-10 09:51:05"
7650,131545,spider,genus,Wulfila,spider,0,0,3,0,https://www.inaturalist.org/observations/131122884,"2024-06-10 09:51:05"
7651,131544,caterpillar,species,"Misogada unicolor",caterpillar,0,0,3,0,https://www.inaturalist.org/observations/131122475,"2024-06-10 09:51:05"
7652,131542,spider,genus,Metepeira,spider,0,0,3,0,https://www.inaturalist.org/observations/131121753,"2024-06-10 09:51:05"
7653,131541,daddylonglegs,superfamily,Phalangioidea,daddylonglegs,0,0,2,0,https://www.inaturalist.org/observations/131121340,"2024-06-10 09:51:05"
7654,131539,leafhopper,family,Cicadellidae,leafhopper,0,0,2,0,https://www.inaturalist.org/observations/131120668,"2024-06-10 09:51:05"
7655,131534,leafhopper,species,"Jikradia olitoria",leafhopper,0,0,4,0,https://www.inaturalist.org/observations/131110598,"2024-06-10 09:51:05"
7656,131533,leafhopper,species,"Jikradia olitoria",leafhopper,0,0,3,0,https://www.inaturalist.org/observations/131110240,"2024-06-10 09:51:05"
7657,131532,leafhopper,species,"Graphocephala coccinea",leafhopper,0,0,3,0,https://www.inaturalist.org/observations/131109893,"2024-06-10 09:51:05"
7658,131530,ant,species,"Camponotus pennsylvanicus",ant,0,0,3,0,https://www.inaturalist.org/observations/130971266,"2024-06-10 09:51:05"
7659,131529,spider,species,"Synemosyna formica",spider,0,0,2,0,https://www.inaturalist.org/observations/130970862,"2024-06-10 09:51:05"
7660,131528,spider,genus,Tetragnatha,spider,0,0,3,0,https://www.inaturalist.org/observations/130970558,"2024-06-10 09:51:05"
7661,131527,leafhopper,species,"Jikradia olitoria",leafhopper,0,0,3,0,https://www.inaturalist.org/observations/130970160,"2024-06-10 09:51:05"
7662,131526,grasshopper,species,"Phyllopalpus pulchellus",grasshopper,0,0,3,0,https://www.inaturalist.org/observations/130969731,"2024-06-10 09:51:05"
7663,131525,spider,species,"Synemosyna formica",spider,0,0,2,0,https://www.inaturalist.org/observations/130969284,"2024-06-10 09:51:05"
7664,131522,other,genus,Micromus,Neuroptera,0,0,3,0,https://www.inaturalist.org/observations/130968965,"2024-06-10 09:51:05"
7665,131521,grasshopper,species,"Hapithus saltator",grasshopper,0,0,2,0,https://www.inaturalist.org/observations/130968570,"2024-06-10 09:51:05"
7666,131520,fly,genus,Homoneura,fly,0,0,3,0,https://www.inaturalist.org/observations/130968209,"2024-06-10 09:54:05"
7667,131517,spider,family,Anyphaenidae,spider,0,0,3,0,https://www.inaturalist.org/observations/130967850,"2024-06-10 09:54:05"
7668,131516,caterpillar,species,"Nerice bidentata",caterpillar,0,0,4,0,https://www.inaturalist.org/observations/130967448,"2024-06-10 09:54:05"
7669,131515,daddylonglegs,superfamily,Phalangioidea,daddylonglegs,0,0,2,0,https://www.inaturalist.org/observations/130966441,"2024-06-10 09:54:05"
7670,131514,spider,species,"Synemosyna formica",spider,0,0,2,0,https://www.inaturalist.org/observations/130966126,"2024-06-10 09:54:05"
7671,131505,ant,species,"Tapinoma sessile",ant,0,0,2,0,https://www.inaturalist.org/observations/130964335,"2024-06-10 09:54:05"
7672,131504,grasshopper,genus,Oecanthus,grasshopper,0,0,4,0,https://www.inaturalist.org/observations/130963928,"2024-06-10 09:54:05"
7673,131495,spider,infraorder,Entelegynae,spider,0,0,5,0,https://www.inaturalist.org/observations/130962306,"2024-06-10 09:54:05"
7674,131494,spider,family,Dictynidae,spider,0,0,2,0,https://www.inaturalist.org/observations/130961965,"2024-06-10 09:54:05"
7675,131457,ant,subfamily,Formicinae,ant,0,0,2,0,https://www.inaturalist.org/observations/130776834,"2024-06-10 09:54:05"
7676,131258,beetle,suborder,Heteroptera,truebugs,0,0,3,1,https://www.inaturalist.org/observations/130244994,"2024-06-03 09:36:06"
7677,131239,fly,complex,"Condylostylus caudatus",fly,0,0,3,0,https://www.inaturalist.org/observations/130098688,"2024-06-03 09:36:06"
7678,130223,beetle,species,"Brachiacantha ursina",beetle,0,0,3,0,https://www.inaturalist.org/observations/129011589,"2024-06-03 09:48:06"
7679,130215,beetle,species,"Scirtes orbiculatus",beetle,0,0,3,0,https://www.inaturalist.org/observations/129009430,"2024-06-03 09:48:06"
7680,130023,ant,family,Formicidae,ant,0,0,2,0,https://www.inaturalist.org/observations/128964311,"2024-06-03 09:51:06"
7681,130075,aphid,suborder,Sternorrhyncha,aphid,0,0,2,0,https://www.inaturalist.org/observations/128656519,"2024-06-03 09:51:06"
7682,130052,spider,species,"Araniella displicata",spider,0,0,3,0,https://www.inaturalist.org/observations/128649616,"2024-06-03 09:51:06"
7683,129441,beetle,family,Chrysomelidae,beetle,0,0,2,0,https://www.inaturalist.org/observations/128143368,"2024-05-27 09:30:07"
7684,127529,ant,subgenus,Crematogaster,ant,0,0,4,0,https://www.inaturalist.org/observations/126957497,"2024-05-20 09:30:06"
7685,124033,bee,genus,Belyta,bee,0,0,3,0,https://www.inaturalist.org/observations/125040712,"2024-05-13 09:57:04"
7687,123029,beetle,subclass,Pterygota,Dermaptera,0,0,2,1,https://www.inaturalist.org/observations/124397547,"2024-05-06 09:51:04"
7688,121796,beetle,genus,Acanalonia,leafhopper,0,0,4,1,https://www.inaturalist.org/observations/123897884,"2023-08-28 09:54:04"
7689,121209,aphid,family,Aphididae,aphid,0,0,2,0,https://www.inaturalist.org/observations/123685229,"2023-08-21 09:57:04"
7690,121187,spider,genus,Theridion,spider,0,0,3,0,https://www.inaturalist.org/observations/123683754,"2023-08-21 09:57:04"
7691,121186,other,complex,"Forficula auricularia",Dermaptera,0,0,4,0,https://www.inaturalist.org/observations/123683426,"2023-08-14 09:51:04"
7692,121183,ant,family,Formicidae,ant,0,0,2,0,https://www.inaturalist.org/observations/123683048,"2023-08-14 09:51:04"
7693,121181,bee,order,Hymenoptera,bee,0,0,2,0,https://www.inaturalist.org/observations/123682430,"2023-08-14 09:51:04"
7694,121180,unidentified,genus,Macrodiplosis,fly,0,0,1,0,https://www.inaturalist.org/observations/123682095,"2023-08-14 09:51:04"
7695,121178,truebugs,genus,Neolygus,truebugs,0,0,2,0,https://www.inaturalist.org/observations/123681539,"2023-08-14 09:51:04"
7696,121167,caterpillar,order,Lepidoptera,caterpillar,0,0,2,0,https://www.inaturalist.org/observations/123681334,"2023-08-14 09:51:04"
7697,120812,beetle,superfamily,Pentatomoidea,truebugs,0,0,3,1,https://www.inaturalist.org/observations/123278188,"2023-08-14 09:54:04"
7698,131937,ant,species,"Camponotus nearcticus",ant,0,0,2,0,https://www.inaturalist.org/observations/132407767,"2024-06-10 09:45:08"
7699,131936,truebugs,species,"Zelus luridus",truebugs,0,0,2,0,https://www.inaturalist.org/observations/132407398,"2024-06-10 09:45:08"
7700,131927,beetle,genus,Phyllobaenus,beetle,0,0,2,0,https://www.inaturalist.org/observations/132404963,"2024-06-10 09:45:08"
7701,131921,ant,subgenus,Crematogaster,ant,0,0,2,0,https://www.inaturalist.org/observations/132403780,"2024-06-10 09:45:08"
7702,131913,fly,superfamily,Tipuloidea,fly,0,0,2,0,https://www.inaturalist.org/observations/132401746,"2024-06-10 09:45:08"
7703,131908,truebugs,species,"Zelus luridus",truebugs,0,0,2,0,https://www.inaturalist.org/observations/132400318,"2024-06-10 09:45:08"
7704,131887,beetle,species,"Clastoptera arborina",leafhopper,0,0,4,1,https://www.inaturalist.org/observations/132346342,"2024-06-10 09:45:08"
7705,131888,beetle,superfamily,Curculionoidea,beetle,0,0,2,0,https://www.inaturalist.org/observations/132346104,"2024-06-10 09:45:08"
7706,131877,ant,complex,"Formica pallidefulva",ant,0,0,3,0,https://www.inaturalist.org/observations/132345482,"2024-06-10 09:45:08"
7707,131875,ant,subgenus,Crematogaster,ant,0,0,4,0,https://www.inaturalist.org/observations/132344788,"2024-06-10 09:45:08"
7708,131874,caterpillar,species,"Hyphantria cunea",caterpillar,0,0,4,0,https://www.inaturalist.org/observations/132344478,"2024-06-10 09:45:08"
7709,131867,beetle,family,Mordellidae,beetle,0,0,2,0,https://www.inaturalist.org/observations/132342162,"2024-06-10 09:48:07"
7710,131861,beetle,family,Chrysomelidae,beetle,0,0,2,0,https://www.inaturalist.org/observations/132340614,"2024-06-10 09:48:07"
7711,131857,caterpillar,complex,"Acronicta increta",caterpillar,0,0,3,0,https://www.inaturalist.org/observations/132339370,"2024-06-10 09:48:07"
7712,131852,beetle,species,"Pseudoedophrys hilleri",beetle,0,0,3,0,https://www.inaturalist.org/observations/132283795,"2024-06-10 09:48:07"
7713,131850,fly,species,"Rhagoletis suavis",fly,0,0,2,0,https://www.inaturalist.org/observations/132272989,"2024-06-10 09:48:07"
7714,131847,leafhopper,subclass,Pterygota,beetle,0,0,2,1,https://www.inaturalist.org/observations/132271246,"2024-06-10 09:48:07"
7715,131843,caterpillar,species,"Halysidota tessellaris",caterpillar,0,0,4,0,https://www.inaturalist.org/observations/132151222,"2024-06-10 09:48:07"
7716,131837,leafhopper,species,"Metcalfa pruinosa",leafhopper,0,0,3,0,https://www.inaturalist.org/observations/132149983,"2024-06-10 09:48:07"
7717,131834,ant,species,"Camponotus nearcticus",ant,0,0,3,0,https://www.inaturalist.org/observations/132130536,"2024-06-10 09:48:07"
7718,131833,fly,family,Chironomidae,fly,0,0,2,0,https://www.inaturalist.org/observations/132129982,"2024-06-10 09:48:07"
7719,131805,beetle,species,"Pseudoedophrys hilleri",beetle,0,0,3,0,https://www.inaturalist.org/observations/131924314,"2024-06-10 09:48:07"
7720,131804,bee,species,"Callirhytis lanata",bee,0,0,3,0,https://www.inaturalist.org/observations/131924007,"2024-06-10 09:48:07"
7721,131796,spider,species,"Tapinoma sessile",ant,0,0,2,0,https://www.inaturalist.org/observations/131872659,"2024-06-10 09:48:07"
7722,131795,spider,species,"Tapinoma sessile",ant,0,0,2,0,https://www.inaturalist.org/observations/131871889,"2024-06-10 09:48:07"
7723,131731,caterpillar,section,"Acronicta afflicta",caterpillar,0,0,2,0,https://www.inaturalist.org/observations/131564679,"2024-06-10 09:48:07"
7724,131329,other,suborder,Anisoptera,Odonata,0,0,2,0,https://www.inaturalist.org/observations/130284092,"2022-11-28 00:30:06"
7725,129782,other,genus,Sympetrum,Odonata,0,0,2,0,https://www.inaturalist.org/observations/128443506,"2022-11-14 00:54:06"
7726,129480,other,suborder,Anisoptera,Odonata,0,0,2,0,https://www.inaturalist.org/observations/128166467,"2022-11-28 01:00:09"
7727,123985,fly,species,"Condylostylus patibulatus",fly,0,0,3,0,https://www.inaturalist.org/observations/125034819,"2024-05-06 09:42:04"
7728,120442,bee,species,"Brachyponera chinensis",ant,0,0,3,2,https://www.inaturalist.org/observations/123220104,"2023-08-07 09:54:04"
7729,120414,truebugs,family,Miridae,truebugs,0,0,2,0,https://www.inaturalist.org/observations/123217614,"2023-08-07 09:54:04"
7730,119619,beetle,subclass,Pterygota,truebugs,0,0,2,1,https://www.inaturalist.org/observations/122957094,"2023-07-31 09:54:06"
7731,119522,grasshopper,suborder,Ensifera,grasshopper,0,0,2,0,https://www.inaturalist.org/observations/122944546,"2023-07-31 09:57:05"
7732,118959,grasshopper,genus,Oecanthus,grasshopper,0,0,3,0,https://www.inaturalist.org/observations/122809835,"2023-07-24 09:30:07"
7733,115882,ant,subfamily,Formicinae,ant,0,0,3,0,https://www.inaturalist.org/observations/122296108,"2023-07-24 09:36:09"
7734,116310,ant,subgenus,Myrmentoma,ant,0,0,3,0,https://www.inaturalist.org/observations/122292642,"2023-07-24 09:39:05"
7735,116322,grasshopper,superfamily,Grylloidea,grasshopper,0,0,2,0,https://www.inaturalist.org/observations/122291366,"2023-07-24 09:39:05"
7736,117764,ant,genus,Nylanderia,ant,0,0,3,0,https://www.inaturalist.org/observations/122032047,"2023-07-24 09:48:05"
7737,117583,grasshopper,superfamily,Grylloidea,grasshopper,0,0,2,0,https://www.inaturalist.org/observations/122018879,"2023-07-24 09:51:06"
7738,116539,truebugs,family,Miridae,truebugs,0,0,2,0,https://www.inaturalist.org/observations/121631343,"2023-07-17 09:27:06"
7739,116434,beetle,genus,Ptilinus,beetle,0,0,2,0,https://www.inaturalist.org/observations/121621176,"2023-07-17 09:30:07"
7740,116197,grasshopper,superfamily,Grylloidea,grasshopper,0,0,2,0,https://www.inaturalist.org/observations/121585171,"2023-07-17 09:33:06"
7741,115381,truebugs,genus,Pselliopus,truebugs,0,0,2,0,https://www.inaturalist.org/observations/121089215,"2023-07-17 09:42:05"
7742,115380,grasshopper,family,Tettigoniidae,grasshopper,0,0,2,0,https://www.inaturalist.org/observations/121088911,"2023-07-17 09:42:05"
7743,115318,other,species,"Caryomyia urnula",fly,0,0,1,0,https://www.inaturalist.org/observations/121084330,"2023-07-17 09:42:05"
7744,115212,leafhopper,subclass,Pterygota,grasshopper,0,0,2,1,https://www.inaturalist.org/observations/121005963,"2023-07-17 09:45:06"
7745,115172,grasshopper,infraorder,Fulgoromorpha,leafhopper,0,0,4,1,https://www.inaturalist.org/observations/120992044,"2023-07-17 09:45:06"
7746,115116,ant,species,"Prenolepis imparis",ant,0,0,3,0,https://www.inaturalist.org/observations/120969292,"2023-07-17 09:45:06"
7747,115080,ant,species,"Prenolepis imparis",ant,0,0,3,0,https://www.inaturalist.org/observations/120966759,"2023-07-17 09:45:06"
7748,114592,grasshopper,superfamily,Grylloidea,grasshopper,0,0,2,0,https://www.inaturalist.org/observations/120690661,"2023-07-17 09:54:06"
7749,114395,grasshopper,subclass,Pterygota,truebugs,0,0,2,1,https://www.inaturalist.org/observations/120671358,"2023-07-17 09:57:05"
7750,114323,leafhopper,order,Psocodea,Psocodea,0,0,3,1,https://www.inaturalist.org/observations/120660548,"2023-07-10 09:21:06"
7751,114313,beetle,subclass,Pterygota,truebugs,0,0,2,1,https://www.inaturalist.org/observations/120591823,"2023-07-10 09:21:06"
7752,114212,beetle,family,Miridae,truebugs,0,0,3,1,https://www.inaturalist.org/observations/120561116,"2023-07-10 09:24:05"
7753,114144,grasshopper,order,Hemiptera,leafhopper,0,0,2,1,https://www.inaturalist.org/observations/120549321,"2023-07-10 09:24:05"
7754,112712,ant,genus,Nylanderia,ant,0,0,3,0,https://www.inaturalist.org/observations/119876464,"2023-07-10 09:36:08"
7755,112693,ant,species,"Nylanderia flavipes",ant,0,0,4,0,https://www.inaturalist.org/observations/119875186,"2023-07-10 09:36:08"
7756,111396,grasshopper,suborder,Ensifera,grasshopper,0,0,2,0,https://www.inaturalist.org/observations/119475776,"2023-07-10 09:48:05"
7757,110406,grasshopper,superfamily,Grylloidea,grasshopper,0,0,2,0,https://www.inaturalist.org/observations/118918091,"2023-07-03 09:33:07"
7758,110164,ant,species,"Prenolepis imparis",ant,0,0,3,0,https://www.inaturalist.org/observations/118819164,"2023-07-03 09:33:07"
7759,108371,grasshopper,suborder,Ensifera,grasshopper,0,0,2,0,https://www.inaturalist.org/observations/118364356,"2023-07-03 09:57:05"
7760,108270,grasshopper,family,Tettigoniidae,grasshopper,0,0,2,0,https://www.inaturalist.org/observations/118353570,"2023-06-26 09:27:06"
7761,108223,ant,genus,Colobopsis,ant,0,0,5,0,https://www.inaturalist.org/observations/118351532,"2023-06-26 09:30:06"
7762,108186,grasshopper,family,Tettigoniidae,grasshopper,0,0,2,0,https://www.inaturalist.org/observations/118348369,"2023-06-26 09:30:06"
7763,107777,grasshopper,suborder,Ensifera,grasshopper,0,0,2,0,https://www.inaturalist.org/observations/118339131,"2023-06-26 09:33:07"
7764,107738,grasshopper,species,"Zelus luridus",truebugs,0,0,3,1,https://www.inaturalist.org/observations/118338778,"2023-06-26 09:33:07"
7765,107694,truebugs,species,"Zelus luridus",truebugs,0,0,3,1,https://www.inaturalist.org/observations/118337799,"2023-06-26 09:33:07"
7766,105562,aphid,suborder,Heteroptera,truebugs,0,0,3,1,https://www.inaturalist.org/observations/118165362,"2023-06-26 09:57:06"
7767,104882,bee,species,"Vespula maculifrons",bee,0,0,4,0,https://www.inaturalist.org/observations/96572073,"2023-06-19 09:27:05"
7768,104733,bee,genus,Coptera,bee,0,0,3,0,https://www.inaturalist.org/observations/95688472,"2023-06-19 09:27:05"
7769,93545,beetle,genus,Photinus,beetle,0,0,3,0,https://www.inaturalist.org/observations/84469839,"2023-05-29 09:48:05"
7770,93424,other,suborder,Hemerobiiformia,Neuroptera,0,0,1,0,https://www.inaturalist.org/observations/84442843,"2023-05-29 09:51:06"
7771,93272,beetle,family,Elateridae,beetle,0,0,2,0,https://www.inaturalist.org/observations/84431715,"2023-05-29 09:51:06"
7772,93267,spider,family,Thomisidae,spider,0,0,2,0,https://www.inaturalist.org/observations/84431378,"2023-05-29 09:51:06"
7773,93266,beetle,family,Elateridae,beetle,0,0,2,0,https://www.inaturalist.org/observations/84431058,"2023-05-29 09:51:06"
7774,93167,other,subfamily,Chrysopinae,Neuroptera,0,0,2,0,https://www.inaturalist.org/observations/84422032,"2023-05-29 09:54:06"
7775,93126,truebugs,suborder,Auchenorrhyncha,leafhopper,0,0,3,1,https://www.inaturalist.org/observations/84416561,"2023-05-29 09:54:06"
7776,92987,beetle,family,Mordellidae,beetle,0,0,2,0,https://www.inaturalist.org/observations/84304331,"2023-05-29 09:57:05"
7777,92842,bee,epifamily,Anthophila,bee,0,0,2,0,https://www.inaturalist.org/observations/84210444,"2023-05-29 09:57:05"
7778,92827,beetle,subfamily,Cassidinae,beetle,0,0,2,0,https://www.inaturalist.org/observations/84204225,"2023-05-22 09:12:05"
7779,92819,caterpillar,subclass,Pterygota,moths,0,0,2,1,https://www.inaturalist.org/observations/84203890,"2023-05-22 09:12:05"
7780,92683,beetle,species,"Psyllobora vigintimaculata",beetle,0,0,4,0,https://www.inaturalist.org/observations/84186102,"2023-05-22 09:12:05"
7781,92681,unidentified,family,Miridae,truebugs,0,0,1,0,https://www.inaturalist.org/observations/84185434,"2023-05-22 09:12:05"
7782,92603,unidentified,suborder,Heteroptera,truebugs,0,0,1,0,https://www.inaturalist.org/observations/84170444,"2023-05-22 09:15:06"
7783,92441,beetle,family,Elateridae,beetle,0,0,2,0,https://www.inaturalist.org/observations/84099983,"2023-05-22 09:18:05"
7784,91731,unidentified,suborder,Heteroptera,truebugs,0,0,1,0,https://www.inaturalist.org/observations/83939499,"2023-05-22 09:27:06"
7785,91259,beetle,family,Mordellidae,beetle,0,0,2,0,https://www.inaturalist.org/observations/83509446,"2023-05-22 09:36:06"
7786,91218,beetle,family,Chrysomelidae,beetle,0,0,2,0,https://www.inaturalist.org/observations/83504589,"2023-05-22 09:36:06"
7787,89183,truebugs,subclass,Pterygota,beetle,0,0,2,1,https://www.inaturalist.org/observations/82484300,"2023-05-15 09:42:05"
7788,88998,truebugs,order,Coleoptera,beetle,0,0,4,1,https://www.inaturalist.org/observations/82435469,"2023-05-15 09:42:05"
7789,88593,unidentified,suborder,Heteroptera,truebugs,0,0,1,0,https://www.inaturalist.org/observations/82282519,"2023-05-15 09:51:05"
7790,87631,unidentified,suborder,Apocrita,bee,0,0,1,0,https://www.inaturalist.org/observations/81556693,"2023-05-08 09:54:05"
7791,87387,beetle,family,Elateridae,beetle,0,0,2,0,https://www.inaturalist.org/observations/81306318,"2023-05-08 09:57:05"
7792,87353,leafhopper,genus,Hyaliodes,truebugs,0,0,3,1,https://www.inaturalist.org/observations/81302074,"2023-05-08 09:57:05"
7793,85834,unidentified,family,Miridae,truebugs,0,0,1,0,https://www.inaturalist.org/observations/80362525,"2022-08-29 09:54:05"
7794,85603,leafhopper,order,Hemiptera,aphid,0,0,2,1,https://www.inaturalist.org/observations/80263383,"2022-08-29 09:57:06"
7795,85454,unidentified,order,Trichoptera,Trichoptera,0,0,1,0,https://www.inaturalist.org/observations/80237918,"2022-08-29 09:57:06"
7796,85371,beetle,family,Mordellidae,beetle,0,0,1,0,https://www.inaturalist.org/observations/80231608,"2022-08-29 09:57:06"
7797,132544,spider,family,Dictynidae,spider,0,0,2,0,https://www.inaturalist.org/observations/133341173,"2024-06-10 09:39:06"
7798,132543,spider,family,Dictynidae,spider,0,0,2,0,https://www.inaturalist.org/observations/133340788,"2024-06-10 09:39:06"
7799,132542,spider,family,Dictynidae,spider,0,0,2,0,https://www.inaturalist.org/observations/133340409,"2024-06-10 09:39:06"
7800,132534,caterpillar,species,"Coptotriche badiiella",caterpillar,0,0,3,0,https://www.inaturalist.org/observations/133338031,"2024-06-10 09:39:06"
7801,132530,spider,family,Philodromidae,spider,0,0,2,0,https://www.inaturalist.org/observations/133336894,"2024-06-10 09:39:06"
7802,132528,beetle,species,"Cyrtepistomus castaneus",beetle,0,0,3,0,https://www.inaturalist.org/observations/133336124,"2024-06-10 09:39:06"
7803,132525,caterpillar,genus,Phyllonorycter,caterpillar,0,0,3,0,https://www.inaturalist.org/observations/133335429,"2024-06-10 09:39:06"
7804,132522,beetle,species,"Pseudoedophrys hilleri",beetle,0,0,4,0,https://www.inaturalist.org/observations/133334488,"2024-06-10 09:39:06"
7805,132519,spider,family,Philodromidae,spider,0,0,2,0,https://www.inaturalist.org/observations/133333463,"2024-06-10 09:39:06"
7806,132515,spider,genus,Theridion,spider,0,0,2,0,https://www.inaturalist.org/observations/133332279,"2024-06-10 09:42:07"
7807,132514,spider,order,Araneae,spider,0,0,1,0,https://www.inaturalist.org/observations/133332007,"2024-06-10 09:42:07"
7808,132512,fly,family,Ceratopogonidae,fly,0,0,2,0,https://www.inaturalist.org/observations/133331414,"2024-06-10 09:42:07"
7809,132507,ant,tribe,Crematogastrini,ant,0,0,2,0,https://www.inaturalist.org/observations/133329937,"2024-06-10 09:42:07"
7810,132501,spider,genus,Hentzia,spider,0,0,3,0,https://www.inaturalist.org/observations/133137013,"2024-06-10 09:42:07"
7811,132458,beetle,species,"Coccinella septempunctata",beetle,0,0,3,0,https://www.inaturalist.org/observations/133084114,"2024-06-10 09:42:07"
7812,132350,spider,species,"Synemosyna formica",spider,0,0,2,0,https://www.inaturalist.org/observations/132823727,"2024-06-10 09:42:07"
7813,132349,spider,species,"Synemosyna formica",spider,0,0,2,0,https://www.inaturalist.org/observations/132823353,"2024-06-10 09:42:07"
7814,132347,leafhopper,species,"Jikradia olitoria",leafhopper,0,0,3,0,https://www.inaturalist.org/observations/132822720,"2024-06-10 09:42:07"
7815,132346,leafhopper,species,"Jikradia olitoria",leafhopper,0,0,3,0,https://www.inaturalist.org/observations/132822350,"2024-06-10 09:42:07"
7816,132344,beetle,species,"Harmonia axyridis",beetle,0,0,3,0,https://www.inaturalist.org/observations/132821551,"2024-06-10 09:42:07"
7817,132341,grasshopper,genus,Anaxipha,grasshopper,0,0,2,0,https://www.inaturalist.org/observations/132819723,"2024-06-10 09:42:07"
7818,132330,ant,species,"Tapinoma sessile",ant,0,0,2,0,https://www.inaturalist.org/observations/132816725,"2024-06-10 09:42:07"
7819,131932,beetle,genus,Phyllobaenus,beetle,0,0,2,0,https://www.inaturalist.org/observations/132406689,"2024-06-10 09:45:08"
7820,131706,beetle,genus,Rhagonycha,beetle,0,0,3,0,https://www.inaturalist.org/observations/131449442,"2024-06-10 09:51:05"
7821,131147,caterpillar,species,"Halysidota tessellaris",caterpillar,0,0,3,0,https://www.inaturalist.org/observations/129668279,"2024-06-03 09:36:06"
7822,131143,caterpillar,subfamily,Limacodinae,caterpillar,0,0,3,0,https://www.inaturalist.org/observations/129667109,"2024-06-03 09:36:06"
7823,130990,beetle,genus,Phyllobaenus,beetle,0,0,2,0,https://www.inaturalist.org/observations/129548315,"2024-06-03 09:39:06"
7824,124476,spider,family,Salticidae,spider,0,0,2,0,https://www.inaturalist.org/observations/125212776,"2024-05-13 09:51:03"
7825,123931,spider,genus,Tmarus,spider,0,0,2,0,https://www.inaturalist.org/observations/125024066,"2024-05-06 09:42:04"
7826,123856,spider,genus,Hentzia,spider,0,0,3,0,https://www.inaturalist.org/observations/125016687,"2024-05-06 09:45:04"
7827,123776,spider,genus,Theridion,spider,0,0,3,0,https://www.inaturalist.org/observations/124925860,"2024-05-06 09:45:04"
7828,105569,fly,order,Psocodea,Psocodea,0,0,3,1,https://www.inaturalist.org/observations/118166734,"2023-06-26 09:57:06"
7829,105561,fly,order,Ephemeroptera,Ephemeroptera,0,0,3,1,https://www.inaturalist.org/observations/118165082,"2023-06-26 09:57:06"
7830,132719,caterpillar,family,Geometridae,caterpillar,0,0,2,0,https://www.inaturalist.org/observations/134298702,"2024-06-10 09:36:06"
7831,132702,spider,genus,Anyphaena,spider,0,0,3,0,https://www.inaturalist.org/observations/134293031,"2024-06-10 09:36:06"
7832,132701,spider,genus,Philodromus,spider,0,0,3,0,https://www.inaturalist.org/observations/134292767,"2024-06-10 09:36:06"
7833,132699,spider,family,Dictynidae,spider,0,0,2,0,https://www.inaturalist.org/observations/134292496,"2024-06-10 09:36:06"
7834,132694,leafhopper,species,"Acanalonia conica",leafhopper,0,0,2,0,https://www.inaturalist.org/observations/134224935,"2024-06-10 09:36:06"
7835,132671,beetle,suborder,Oniscidea,Isopoda,0,0,4,1,https://www.inaturalist.org/observations/134044377,"2024-06-10 09:36:06"
7836,132669,leafhopper,superfamily,Cercopoidea,leafhopper,0,0,2,0,https://www.inaturalist.org/observations/134043677,"2024-06-10 09:36:06"
7837,132668,leafhopper,species,"Acanalonia conica",leafhopper,0,0,3,0,https://www.inaturalist.org/observations/134043297,"2024-06-10 09:36:06"
7838,132664,spider,genus,Mimetus,spider,0,0,4,0,https://www.inaturalist.org/observations/134039020,"2024-06-10 09:36:06"
7839,132662,spider,superfamily,Araneoidea,spider,0,0,2,0,https://www.inaturalist.org/observations/134032967,"2024-06-10 09:36:06"
7840,132661,ant,species,"Camponotus pennsylvanicus",ant,0,0,4,0,https://www.inaturalist.org/observations/134032702,"2024-06-10 09:36:06"
7841,132649,caterpillar,species,"Cecrita guttivitta",caterpillar,0,0,6,0,https://www.inaturalist.org/observations/133969312,"2024-06-10 09:36:06"
7842,132646,spider,class,Arachnida,spider,0,0,1,0,https://www.inaturalist.org/observations/133940354,"2024-06-10 09:39:06"
7843,132628,spider,family,Dictynidae,spider,0,0,3,0,https://www.inaturalist.org/observations/133688164,"2024-06-10 09:39:06"
7844,132627,spider,genus,Anyphaena,spider,0,0,3,0,https://www.inaturalist.org/observations/133687706,"2024-06-10 09:39:06"
7845,132626,grasshopper,species,"Oecanthus niveus",grasshopper,0,0,3,0,https://www.inaturalist.org/observations/133687398,"2024-06-10 09:39:06"
7846,132625,spider,species,"Synemosyna formica",spider,0,0,2,0,https://www.inaturalist.org/observations/133687069,"2024-06-10 09:39:06"
7847,132624,spider,species,"Synemosyna formica",spider,0,0,2,0,https://www.inaturalist.org/observations/133686304,"2024-06-10 09:39:06"
7848,132623,grasshopper,genus,Anaxipha,grasshopper,0,0,2,0,https://www.inaturalist.org/observations/133685928,"2024-06-10 09:39:06"
7849,132622,grasshopper,genus,Oecanthus,grasshopper,0,0,3,0,https://www.inaturalist.org/observations/133685582,"2024-06-10 09:39:06"
7850,132621,spider,family,Dictynidae,spider,0,0,3,0,https://www.inaturalist.org/observations/133684740,"2024-06-10 09:39:06"
7851,132620,spider,genus,Tetragnatha,spider,0,0,2,0,https://www.inaturalist.org/observations/133684332,"2024-06-10 09:39:06"
7852,132619,spider,genus,Philodromus,spider,0,0,3,0,https://www.inaturalist.org/observations/133683923,"2024-06-10 09:39:06"
7853,132617,spider,genus,Eustala,spider,0,0,2,0,https://www.inaturalist.org/observations/133682625,"2024-06-10 09:39:06"
7854,132615,spider,species,"Synemosyna formica",spider,0,0,2,0,https://www.inaturalist.org/observations/133682100,"2024-06-10 09:39:06"
7855,132607,aphid,subclass,Pterygota,ant,0,0,2,1,https://www.inaturalist.org/observations/133678968,"2024-06-10 09:39:06"
7856,132545,other,genus,Anystis,Trombidiformes,0,0,1,0,https://www.inaturalist.org/observations/133341568,"2024-06-10 09:39:06"
7857,132541,leafhopper,family,Cicadellidae,leafhopper,0,0,2,0,https://www.inaturalist.org/observations/133340110,"2024-06-10 09:39:06"
7858,132538,spider,genus,Pityohyphantes,spider,0,0,3,0,https://www.inaturalist.org/observations/133339327,"2024-06-10 09:39:06"
7859,132536,spider,genus,Philodromus,spider,0,0,3,0,https://www.inaturalist.org/observations/133338924,"2024-06-10 09:39:06"
7860,132535,fly,family,Anthomyiidae,fly,0,0,4,0,https://www.inaturalist.org/observations/133338565,"2024-06-10 09:39:06"
7861,132531,beetle,family,Coniopterygidae,Neuroptera,0,0,3,1,https://www.inaturalist.org/observations/133337272,"2024-06-10 09:39:06"
7862,132524,leafhopper,species,"Ossiannilssonola australis",leafhopper,0,0,2,0,https://www.inaturalist.org/observations/133335099,"2024-06-10 09:39:06"
7863,132518,spider,family,Dictynidae,spider,0,0,3,0,https://www.inaturalist.org/observations/133333148,"2024-06-10 09:42:07"
7864,132511,spider,family,Dictynidae,spider,0,0,2,0,https://www.inaturalist.org/observations/133331171,"2024-06-10 09:42:07"
7865,132503,ant,family,Salticidae,spider,0,0,3,1,https://www.inaturalist.org/observations/133137471,"2024-06-10 09:42:07"
7866,132462,leafhopper,tribe,Ceresini,leafhopper,0,0,3,0,https://www.inaturalist.org/observations/133085139,"2024-06-10 09:42:07"
7867,132378,aphid,order,Araneae,spider,0,0,3,1,https://www.inaturalist.org/observations/132980003,"2024-06-10 09:42:07"
7868,132333,leafhopper,subgenus,Gyponana,leafhopper,0,0,2,0,https://www.inaturalist.org/observations/132817371,"2024-06-10 09:42:07"
7869,131928,leafhopper,genus,Cedusa,leafhopper,0,0,2,0,https://www.inaturalist.org/observations/132405227,"2024-06-10 09:45:08"
7870,131906,leafhopper,genus,Eratoneura,leafhopper,0,0,2,0,https://www.inaturalist.org/observations/132399654,"2024-06-10 09:45:08"
7871,131855,leafhopper,species,"Japananus hyalinus",leafhopper,0,0,2,0,https://www.inaturalist.org/observations/132286543,"2024-06-10 09:48:07"
7872,131484,caterpillar,species,"Cecrita biundata",caterpillar,0,0,3,0,https://www.inaturalist.org/observations/130787217,"2024-06-10 09:54:05"
7873,131262,grasshopper,suborder,Heteroptera,truebugs,0,0,3,1,https://www.inaturalist.org/observations/130248183,"2024-06-03 09:36:06"
7874,130452,beetle,species,"Rhagonycha fulva",beetle,0,0,3,0,https://www.inaturalist.org/observations/129278010,"2024-06-03 09:45:07"
7875,129368,beetle,species,"Psyllobora vigintimaculata",beetle,0,0,3,0,https://www.inaturalist.org/observations/128132955,"2024-05-27 09:33:05"
7876,128302,caterpillar,family,Geometridae,caterpillar,0,0,2,0,https://www.inaturalist.org/observations/127236983,"2024-05-27 09:48:06"
7877,126779,caterpillar,species,"Orgyia leucostigma",caterpillar,0,0,4,0,https://www.inaturalist.org/observations/126344302,"2024-05-20 09:45:05"
7878,132992,ant,subgenus,Crematogaster,ant,0,0,2,0,https://www.inaturalist.org/observations/135299785,"2024-06-10 09:30:06"
7879,132989,beetle,family,Elateridae,beetle,0,0,3,0,https://www.inaturalist.org/observations/135298856,"2024-06-10 09:30:06"
7880,132987,caterpillar,family,Geometridae,caterpillar,0,0,2,0,https://www.inaturalist.org/observations/135298153,"2024-06-10 09:30:06"
7881,132969,beetle,genus,Phyllobaenus,beetle,0,0,2,0,https://www.inaturalist.org/observations/135246248,"2024-06-10 09:33:06"
7882,132965,truebugs,genus,Zelus,truebugs,0,0,2,0,https://www.inaturalist.org/observations/135245212,"2024-06-10 09:33:06"
7883,132956,fly,subclass,Pterygota,fly,0,0,1,0,https://www.inaturalist.org/observations/135242917,"2024-06-10 09:33:06"
7884,132942,fly,family,Chironomidae,fly,0,0,2,0,https://www.inaturalist.org/observations/135238803,"2024-06-10 09:33:06"
7885,132939,fly,subclass,Pterygota,fly,0,0,1,0,https://www.inaturalist.org/observations/135237948,"2024-06-10 09:33:06"
7886,132936,truebugs,species,"Zelus luridus",truebugs,0,0,2,0,https://www.inaturalist.org/observations/135236798,"2024-06-10 09:33:06"
7887,132935,spider,family,Dictynidae,spider,0,0,2,0,https://www.inaturalist.org/observations/135236588,"2024-06-10 09:33:06"
7888,132932,leafhopper,species,"Stictocephala bisonia",leafhopper,0,0,2,0,https://www.inaturalist.org/observations/135183117,"2024-06-10 09:33:06"
7889,132926,beetle,subclass,Pterygota,truebugs,0,0,2,1,https://www.inaturalist.org/observations/135179874,"2022-09-19 00:00:07"
7890,132872,truebugs,species,"Halyomorpha halys",truebugs,0,0,4,0,https://www.inaturalist.org/observations/134979148,"2024-06-10 09:33:06"
7891,129885,caterpillar,genus,Acronicta,caterpillar,0,0,2,0,https://www.inaturalist.org/observations/128458092,"2024-06-03 09:54:05"
7892,129850,caterpillar,section,"Acronicta increta",caterpillar,0,0,3,0,https://www.inaturalist.org/observations/128451414,"2024-06-03 09:57:05"
7893,127958,spider,genus,Philodromus,spider,0,0,3,0,https://www.inaturalist.org/observations/127111309,"2024-05-27 09:51:06"
7894,127900,caterpillar,section,"Acronicta increta",caterpillar,0,0,3,0,https://www.inaturalist.org/observations/127099479,"2024-05-27 09:51:06"
7895,126902,caterpillar,complex,"Acronicta increta",caterpillar,0,0,3,0,https://www.inaturalist.org/observations/126368670,"2024-05-20 09:42:05"
7896,126693,spider,species,"Verrucosa arenata",spider,0,0,3,0,https://www.inaturalist.org/observations/126253222,"2024-05-20 09:48:05"
7897,126569,leafhopper,genus,Aphrophora,leafhopper,0,0,2,0,https://www.inaturalist.org/observations/126208731,"2024-05-20 09:48:05"
7898,124108,leafhopper,class,Insecta,leafhopper,0,0,1,0,https://www.inaturalist.org/observations/125063482,"2024-05-13 09:54:04"
7899,124083,caterpillar,genus,Acronicta,caterpillar,0,0,2,0,https://www.inaturalist.org/observations/125055461,"2024-05-13 09:57:04"
7900,122832,caterpillar,genus,Anisota,caterpillar,0,0,2,0,https://www.inaturalist.org/observations/124294206,"2024-05-06 09:54:04"
7901,122831,caterpillar,genus,Anisota,caterpillar,0,0,2,0,https://www.inaturalist.org/observations/124293829,"2024-05-06 09:54:04"
7902,122754,caterpillar,species,"Acronicta americana",caterpillar,0,0,3,0,https://www.inaturalist.org/observations/124281801,"2024-05-06 09:54:04"
7903,122668,caterpillar,species,"Acronicta americana",caterpillar,0,0,3,0,https://www.inaturalist.org/observations/124269277,"2024-05-06 09:57:04"
7904,121516,caterpillar,species,"Acronicta americana",caterpillar,0,0,3,0,https://www.inaturalist.org/observations/123834988,"2023-08-21 09:57:04"
7905,121458,caterpillar,species,"Acronicta americana",caterpillar,0,0,3,0,https://www.inaturalist.org/observations/123824654,"2023-08-21 09:57:04"
7906,120688,caterpillar,species,"Acronicta americana",caterpillar,0,0,3,0,https://www.inaturalist.org/observations/123255805,"2023-08-14 09:57:04"
7907,118617,spider,genus,Wulfila,spider,0,0,2,0,https://www.inaturalist.org/observations/122644204,"2023-07-24 09:36:09"
7908,117133,caterpillar,species,"Morrisonia confusa",caterpillar,0,0,2,0,https://www.inaturalist.org/observations/121873867,"2023-07-24 09:57:05"
7909,111240,leafhopper,tribe,Telamonini,leafhopper,0,0,2,0,https://www.inaturalist.org/observations/119435111,"2023-07-10 09:51:05"
7910,108562,bee,subclass,Pterygota,fly,0,0,2,1,https://www.inaturalist.org/observations/118389359,"2023-07-03 09:57:05"
7911,91135,caterpillar,species,"Lymantria dispar",caterpillar,0,0,2,0,https://www.inaturalist.org/observations/83420433,"2023-05-22 09:36:06"
7912,87998,caterpillar,species,"Lymantria dispar",caterpillar,0,0,3,0,https://www.inaturalist.org/observations/81615111,"2023-05-08 09:54:05"
7913,133059,spider,genus,Philodromus,spider,0,0,3,0,https://www.inaturalist.org/observations/136157432,"2024-06-10 09:30:06"
7914,133058,spider,family,Dictynidae,spider,0,0,2,0,https://www.inaturalist.org/observations/136157159,"2024-06-10 09:30:06"
7915,133057,spider,genus,Anyphaena,spider,0,0,3,0,https://www.inaturalist.org/observations/136156788,"2024-06-10 09:30:06"
7916,133055,spider,genus,Philodromus,spider,0,0,3,0,https://www.inaturalist.org/observations/136155542,"2024-06-10 09:30:06"
7917,133053,other,suborder,Prostigmata,Trombidiformes,0,0,2,0,https://www.inaturalist.org/observations/136154938,"2024-06-10 09:30:06"
7918,133049,spider,family,Dictynidae,spider,0,0,2,0,https://www.inaturalist.org/observations/136153876,"2024-06-10 09:30:06"
7919,133047,spider,genus,Pityohyphantes,spider,0,0,3,0,https://www.inaturalist.org/observations/136153283,"2024-06-10 09:30:06"
7920,133046,spider,family,Dictynidae,spider,0,0,2,0,https://www.inaturalist.org/observations/136152394,"2024-06-10 09:30:06"
7921,133043,spider,family,Dictynidae,spider,0,0,2,0,https://www.inaturalist.org/observations/136150467,"2024-06-10 09:30:06"
7922,133042,fly,family,Chironomidae,fly,0,0,3,0,https://www.inaturalist.org/observations/136150245,"2024-06-10 09:30:06"
7923,133038,spider,family,Dictynidae,spider,0,0,2,0,https://www.inaturalist.org/observations/136149424,"2024-06-10 09:30:06"
7924,133037,truebugs,species,"Chinavia hilaris",truebugs,0,0,4,0,https://www.inaturalist.org/observations/135972938,"2024-06-10 09:30:06"
7925,133029,unidentified,genus,Chrysoperla,Neuroptera,0,0,2,0,https://www.inaturalist.org/observations/135949984,"2024-06-10 09:30:06"
7926,133027,caterpillar,family,Geometridae,caterpillar,0,0,2,0,https://www.inaturalist.org/observations/135946536,"2024-06-10 09:30:06"
7927,133019,truebugs,species,"Prosapia bicincta",leafhopper,0,0,4,1,https://www.inaturalist.org/observations/135940013,"2024-06-10 09:30:06"
7928,132985,spider,family,Salticidae,spider,0,0,2,0,https://www.inaturalist.org/observations/135297851,"2024-06-10 09:30:06"
7929,132945,other,genus,Polypsocus,Psocodea,0,0,2,0,https://www.inaturalist.org/observations/135239377,"2024-06-10 09:33:06"
7930,132914,beetle,species,"Chinavia hilaris",truebugs,0,0,2,0,https://www.inaturalist.org/observations/135174341,"2024-06-10 09:33:06"
7932,132517,beetle,genus,Systena,beetle,0,0,2,0,https://www.inaturalist.org/observations/133332870,"2024-06-10 09:42:07"
7933,127555,leafhopper,order,Hemiptera,truebugs,0,0,2,1,https://www.inaturalist.org/observations/126962892,"2024-05-27 09:57:06"
7934,127486,leafhopper,order,Hemiptera,truebugs,0,0,2,1,https://www.inaturalist.org/observations/126949336,"2024-05-20 09:33:05"
7935,94389,caterpillar,species,"Hyphantria cunea",caterpillar,0,0,3,0,https://www.inaturalist.org/observations/85008237,"2023-05-29 09:42:05"
7936,93142,caterpillar,species,"Nadata gibbosa",caterpillar,0,0,3,0,https://www.inaturalist.org/observations/84419224,"2023-05-29 09:54:06"
7937,133243,other,genus,Corythucha,truebugs,0,0,3,0,https://www.inaturalist.org/observations/137024719,"2024-06-10 09:27:05"
7938,133240,spider,family,Dictynidae,spider,0,0,2,0,https://www.inaturalist.org/observations/137023931,"2024-06-10 09:27:05"
7939,133236,spider,family,Dictynidae,spider,0,0,2,0,https://www.inaturalist.org/observations/137022942,"2024-06-10 09:27:05"
7940,133232,spider,family,Theridiidae,spider,0,0,3,0,https://www.inaturalist.org/observations/137021912,"2024-06-10 09:27:05"
7941,133231,spider,species,"Parasteatoda tepidariorum",spider,0,0,2,0,https://www.inaturalist.org/observations/137021662,"2024-06-10 09:27:05"
7942,133230,spider,family,Linyphiidae,spider,0,0,2,0,https://www.inaturalist.org/observations/137021389,"2024-06-10 09:27:05"
7943,133228,spider,family,Dictynidae,spider,0,0,2,0,https://www.inaturalist.org/observations/137019563,"2024-06-10 09:27:05"
7944,133227,spider,species,"Leucauge venusta",spider,0,0,4,0,https://www.inaturalist.org/observations/137019353,"2024-06-10 09:27:05"
7945,133187,caterpillar,superfamily,Noctuoidea,caterpillar,0,0,2,0,https://www.inaturalist.org/observations/136850329,"2024-06-10 09:27:05"
7946,133183,spider,family,Anyphaenidae,spider,0,0,2,0,https://www.inaturalist.org/observations/136749633,"2024-06-10 09:27:05"
7947,133120,ant,species,"Prenolepis imparis",ant,0,0,3,0,https://www.inaturalist.org/observations/136691632,"2024-06-10 09:27:05"
7948,133119,leafhopper,subfamily,Typhlocybinae,leafhopper,0,0,2,0,https://www.inaturalist.org/observations/136689812,"2024-06-10 09:27:05"
7949,133098,leafhopper,species,"Graphocephala coccinea",leafhopper,0,0,4,0,https://www.inaturalist.org/observations/136297859,"2024-06-10 09:27:05"
7950,133097,spider,species,"Uloborus glomosus",spider,0,0,4,0,https://www.inaturalist.org/observations/136297419,"2024-06-10 09:27:05"
7951,133045,spider,genus,Theridion,spider,0,0,2,0,https://www.inaturalist.org/observations/136150689,"2024-06-10 09:30:06"
7952,132949,leafhopper,genus,Eratoneura,leafhopper,0,0,2,0,https://www.inaturalist.org/observations/135240309,"2024-06-10 09:33:06"
7953,131489,leafhopper,genus,Oecanthus,grasshopper,0,0,5,1,https://www.inaturalist.org/observations/130797170,"2024-06-10 09:54:05"
7954,131164,caterpillar,species,"Acronicta retardata",caterpillar,0,0,3,0,https://www.inaturalist.org/observations/129828174,"2024-06-03 09:36:06"
7955,129479,spider,genus,Tetragnatha,spider,0,0,3,0,https://www.inaturalist.org/observations/128165085,"2024-05-27 09:30:07"
7956,129458,spider,tribe,Misumenini,spider,0,0,3,0,https://www.inaturalist.org/observations/128151230,"2024-05-27 09:30:07"
7957,129416,spider,superfamily,Araneoidea,spider,0,0,2,0,https://www.inaturalist.org/observations/128141014,"2024-05-27 09:33:05"
7958,126565,beetle,family,Scarabaeidae,beetle,0,0,2,0,https://www.inaturalist.org/observations/126208431,"2024-05-20 09:48:05"
7959,126099,spider,genus,Theridion,spider,0,0,3,0,https://www.inaturalist.org/observations/126067465,"2024-05-20 09:57:05"
7960,124970,spider,species,"Neoscona arabesca",spider,0,0,3,0,https://www.inaturalist.org/observations/125972227,"2024-05-20 09:57:05"
7961,125245,spider,family,Araneidae,spider,0,0,2,0,https://www.inaturalist.org/observations/125644074,"2024-05-13 09:39:04"
7962,123960,leafhopper,suborder,Ensifera,grasshopper,0,0,4,1,https://www.inaturalist.org/observations/125031072,"2024-05-06 09:42:04"
7963,123020,spider,zoosubsection,Marronoid,spider,0,0,2,0,https://www.inaturalist.org/observations/124374932,"2024-05-06 09:51:04"
7964,118471,spider,family,Tetragnathidae,spider,0,0,2,0,https://www.inaturalist.org/observations/122303944,"2023-07-24 09:36:09"
7965,116323,spider,superfamily,Araneoidea,spider,0,0,2,0,https://www.inaturalist.org/observations/122291893,"2023-07-24 09:39:05"
7966,117974,spider,species,"Leucauge venusta",spider,0,0,3,0,https://www.inaturalist.org/observations/122085897,"2023-07-24 09:48:05"
7967,117704,spider,family,Theridiidae,spider,0,0,2,0,https://www.inaturalist.org/observations/122028308,"2023-07-24 09:51:06"
7968,103402,caterpillar,family,Erebidae,caterpillar,0,0,2,0,https://www.inaturalist.org/observations/92355762,"2023-06-19 09:39:05"
7969,96349,fly,species,"Chaoborus punctipennis",fly,0,0,3,0,https://www.inaturalist.org/observations/86120729,"2023-06-05 09:54:06"
7970,91521,other,order,Phasmida,Phasmida,0,0,1,0,https://www.inaturalist.org/observations/83620365,"2023-05-22 09:30:07"
7971,133234,other,genus,Anystis,Trombidiformes,0,0,1,0,https://www.inaturalist.org/observations/137022477,"2022-10-31 00:00:06"
7972,133065,unidentified,family,Coccinellidae,beetle,1,0,1,0,https://www.inaturalist.org/observations/136186894,"2024-06-10 09:27:05"
7973,133039,other,genus,Anystis,Trombidiformes,0,0,1,0,https://www.inaturalist.org/observations/136149633,"2024-06-10 09:30:06"
7974,133028,spider,species,"Lyssomanes viridis",spider,0,0,3,0,https://www.inaturalist.org/observations/135947146,"2024-06-10 09:30:06"
7975,132963,spider,genus,Philodromus,spider,0,0,2,0,https://www.inaturalist.org/observations/135244860,"2024-06-10 09:33:06"
7976,132941,other,genus,Anystis,Trombidiformes,0,0,1,0,https://www.inaturalist.org/observations/135238559,"2024-06-10 09:33:06"
7977,132527,spider,genus,Anyphaena,spider,0,0,2,0,https://www.inaturalist.org/observations/133335750,"2024-06-10 09:39:06"
7978,132348,other,order,Psocodea,Psocodea,0,0,3,1,https://www.inaturalist.org/observations/132823008,"2024-06-10 09:42:07"
7979,131916,spider,family,Dictynidae,spider,0,0,2,0,https://www.inaturalist.org/observations/132402391,"2024-06-10 09:45:08"
7980,131792,spider,phylum,Arthropoda,spider,0,0,2,1,https://www.inaturalist.org/observations/131870915,"2024-06-10 09:48:07"
7981,131791,spider,suborder,Araneomorphae,spider,0,0,4,1,https://www.inaturalist.org/observations/131869895,"2024-06-10 09:48:07"
7982,131708,spider,genus,Philodromus,spider,0,0,2,0,https://www.inaturalist.org/observations/131452365,"2024-06-10 09:51:05"
7983,130996,other,family,Coniopterygidae,Neuroptera,0,0,1,0,https://www.inaturalist.org/observations/129549594,"2024-06-03 09:39:06"
7984,130919,spider,genus,Philodromus,spider,0,0,2,0,https://www.inaturalist.org/observations/129539833,"2024-06-03 09:39:06"
7985,130875,spider,family,Araneidae,spider,0,0,2,0,https://www.inaturalist.org/observations/129532564,"2024-06-03 09:42:06"
7986,130321,unidentified,family,Berytidae,truebugs,0,0,2,0,https://www.inaturalist.org/observations/129149060,"2024-06-03 09:48:06"
7987,128583,unidentified,family,Pentatomidae,truebugs,0,0,1,0,https://www.inaturalist.org/observations/129021313,"2024-06-03 09:48:06"
7988,130233,unidentified,order,Psocodea,Psocodea,0,0,1,0,https://www.inaturalist.org/observations/129013620,"2024-06-03 09:48:06"
7989,129622,other,order,Trombidiformes,Trombidiformes,0,0,1,0,https://www.inaturalist.org/observations/128204110,"2024-05-27 09:27:05"
7990,129526,other,order,Thysanoptera,Thysanoptera,0,0,1,0,https://www.inaturalist.org/observations/128176918,"2022-12-19 00:57:05"
7991,129186,unidentified,suborder,Auchenorrhyncha,leafhopper,0,0,1,0,https://www.inaturalist.org/observations/127996619,"2024-05-27 09:33:05"
7992,128096,bee,zoosubsection,Acalyptratae,fly,0,0,4,1,https://www.inaturalist.org/observations/127145624,"2024-05-27 09:48:06"
7993,126900,other,order,Psocodea,Psocodea,0,0,1,0,https://www.inaturalist.org/observations/126367955,"2024-05-20 09:42:05"
7994,126435,spider,family,Clubionidae,spider,0,0,2,0,https://www.inaturalist.org/observations/126107991,"2024-05-20 09:51:05"
7995,126284,other,genus,Corythucha,truebugs,0,0,1,0,https://www.inaturalist.org/observations/126101063,"2024-05-20 09:51:05"
7996,126012,bee,subclass,Pterygota,fly,0,0,2,1,https://www.inaturalist.org/observations/126059816,"2024-05-20 09:57:05"
7997,125574,other,order,Psocodea,Psocodea,0,0,1,0,https://www.inaturalist.org/observations/125818391,"2024-05-13 09:39:04"
7998,124755,other,order,Thysanoptera,Thysanoptera,0,0,1,0,https://www.inaturalist.org/observations/125320979,"2022-12-19 02:09:05"
7999,124431,spider,genus,Wulfila,spider,0,0,2,0,https://www.inaturalist.org/observations/125209252,"2024-05-13 09:51:03"
8000,121376,grasshopper,order,Araneae,spider,0,0,4,1,https://www.inaturalist.org/observations/125071707,"2024-05-13 09:54:04"
8001,120413,daddylonglegs,species,"Leiobunum aldrichi",daddylonglegs,0,0,3,0,https://www.inaturalist.org/observations/123215906,"2023-08-07 09:54:04"
8002,119822,spider,genus,Colonus,spider,0,0,2,0,https://www.inaturalist.org/observations/123001918,"2023-07-31 09:48:05"
8003,117176,ant,subgenus,Myrmentoma,ant,0,0,2,0,https://www.inaturalist.org/observations/121878224,"2023-07-24 09:57:05"
8004,114492,spider,order,Araneae,spider,0,0,2,0,https://www.inaturalist.org/observations/120679866,"2023-07-17 09:57:05"
8005,113297,caterpillar,genus,Pyreferra,caterpillar,0,0,3,0,https://www.inaturalist.org/observations/120014460,"2023-07-10 09:33:05"
8006,106137,spider,genus,Anyphaena,spider,0,0,2,0,https://www.inaturalist.org/observations/118218917,"2023-06-26 09:51:05"
8007,105425,spider,family,Salticidae,spider,0,0,2,0,https://www.inaturalist.org/observations/118156266,"2023-06-19 09:24:06"
8008,94235,other,subclass,Collembola,Entomobryomorpha,0,0,1,0,https://www.inaturalist.org/observations/84915120,"2023-05-29 09:42:05"
8009,94108,other,subclass,Collembola,Entomobryomorpha,0,0,1,0,https://www.inaturalist.org/observations/84874067,"2023-05-29 09:45:06"
8010,127550,spider,family,Salticidae,spider,0,0,3,0,https://www.inaturalist.org/observations/126962056,"2024-05-27 09:57:06"
8011,127516,spider,order,Araneae,spider,0,0,2,0,https://www.inaturalist.org/observations/126955286,"2024-05-20 09:30:06"
8012,121506,spider,genus,Colonus,spider,0,0,2,0,https://www.inaturalist.org/observations/123832895,"2023-08-21 09:57:04"
8013,110801,spider,order,Araneae,spider,0,0,2,0,https://www.inaturalist.org/observations/118954954,"2023-07-10 09:57:05"
8014,132954,caterpillar,genus,Phyllonorycter,caterpillar,0,0,2,0,https://www.inaturalist.org/observations/135242107,"2024-06-10 09:33:06"
8015,129982,caterpillar,order,Lepidoptera,caterpillar,0,0,2,0,https://www.inaturalist.org/observations/128475002,"2024-06-03 09:51:06"
8016,129976,caterpillar,order,Lepidoptera,caterpillar,0,0,2,0,https://www.inaturalist.org/observations/128474161,"2024-06-03 09:51:06"
8017,127579,caterpillar,order,Lepidoptera,caterpillar,0,0,2,0,https://www.inaturalist.org/observations/126969209,"2024-05-27 09:57:06"
8018,127531,caterpillar,order,Lepidoptera,caterpillar,0,0,2,0,https://www.inaturalist.org/observations/126958119,"2024-05-20 09:30:06"
8019,97992,fly,family,Chironomidae,fly,0,0,2,0,https://www.inaturalist.org/observations/86989581,"2023-06-05 09:33:06"
8020,133245,bee,family,Braconidae,bee,0,0,2,0,https://www.inaturalist.org/observations/137025426,"2024-06-10 09:27:05"
8021,132019,other,family,Philomycidae,Stylommatophora,0,0,2,0,https://www.inaturalist.org/observations/132498459,"2024-06-10 09:45:08"
8022,124066,truebugs,suborder,Auchenorrhyncha,leafhopper,0,0,3,1,https://www.inaturalist.org/observations/125050892,"2024-05-13 09:57:04"
8023,93552,ant,subgenus,Myrmentoma,ant,0,0,2,0,https://www.inaturalist.org/observations/84471722,"2023-05-29 09:48:05"
8024,133063,bee,superfamily,Cynipoidea,bee,0,0,2,0,https://www.inaturalist.org/observations/136158347,"2024-06-10 09:27:05"
8025,133061,bee,superfamily,Chalcidoidea,bee,0,0,2,0,https://www.inaturalist.org/observations/136158017,"2024-06-10 09:27:05"
8026,133052,bee,superfamily,Chalcidoidea,bee,0,0,2,0,https://www.inaturalist.org/observations/136154703,"2024-06-10 09:30:06"
8027,132955,bee,superfamily,Chalcidoidea,bee,0,0,2,0,https://www.inaturalist.org/observations/135242604,"2024-06-10 09:33:06"
8028,132938,beetle,family,Coccinellidae,beetle,1,0,2,0,https://www.inaturalist.org/observations/135237764,"2024-06-10 09:33:06"
8029,132611,ant,species,"Nylanderia flavipes",ant,0,0,3,0,https://www.inaturalist.org/observations/133680346,"2024-06-10 09:39:06"
8030,132505,ant,species,"Camponotus americanus",ant,0,0,3,0,https://www.inaturalist.org/observations/133142498,"2024-06-10 09:42:07"
8031,132345,bee,species,"Vespula flavopilosa",bee,0,0,3,0,https://www.inaturalist.org/observations/132821935,"2024-06-10 09:42:07"
8032,131393,bee,subfamily,Diapriinae,bee,0,0,3,0,https://www.inaturalist.org/observations/130496120,"2024-06-10 09:54:05"
8033,131317,bee,superfamily,Chalcidoidea,bee,0,0,2,0,https://www.inaturalist.org/observations/130280198,"2024-06-10 09:57:05"
8034,131309,bee,superfamily,Chalcidoidea,bee,0,0,2,0,https://www.inaturalist.org/observations/130277952,"2024-06-10 09:57:05"
8035,130997,bee,genus,Melikaiella,bee,0,0,3,0,https://www.inaturalist.org/observations/129549919,"2024-06-03 09:39:06"
8036,130922,bee,family,Diapriidae,bee,0,0,3,0,https://www.inaturalist.org/observations/129540815,"2024-06-03 09:39:06"
8037,130885,bee,suborder,Apocrita,bee,0,0,3,0,https://www.inaturalist.org/observations/129536353,"2024-06-03 09:42:06"
8038,130520,bee,superfamily,Chalcidoidea,bee,0,0,2,0,https://www.inaturalist.org/observations/129300404,"2024-06-03 09:42:06"
8039,130512,bee,family,Bethylidae,bee,0,0,2,0,https://www.inaturalist.org/observations/129297973,"2024-06-03 09:45:07"
8040,130510,bee,superfamily,Chalcidoidea,bee,0,0,2,0,https://www.inaturalist.org/observations/129297262,"2024-06-03 09:45:07"
8041,129566,bee,superfamily,Chalcidoidea,bee,0,0,2,0,https://www.inaturalist.org/observations/128181301,"2024-05-27 09:27:05"
8042,128611,bee,superfamily,Chalcidoidea,bee,0,0,2,0,https://www.inaturalist.org/observations/127383001,"2024-05-27 09:42:05"
8043,127955,bee,superfamily,Chalcidoidea,bee,0,0,2,0,https://www.inaturalist.org/observations/127110004,"2024-05-27 09:51:06"
8044,126258,bee,superfamily,Chalcidoidea,bee,0,0,2,0,https://www.inaturalist.org/observations/126095828,"2024-05-20 09:51:05"
8045,125567,bee,family,Encyrtidae,bee,0,0,2,0,https://www.inaturalist.org/observations/125816253,"2024-05-13 09:39:04"
8046,125554,bee,family,Encyrtidae,bee,0,0,2,0,https://www.inaturalist.org/observations/125813822,"2024-05-13 09:39:04"
8047,124096,bee,superfamily,Chalcidoidea,bee,0,0,2,0,https://www.inaturalist.org/observations/125059331,"2024-05-13 09:57:04"
8048,124078,bee,superfamily,Chalcidoidea,bee,0,0,2,0,https://www.inaturalist.org/observations/125054705,"2024-05-13 09:57:04"
8049,123884,bee,infraorder,Aculeata,bee,0,0,3,0,https://www.inaturalist.org/observations/125019351,"2024-05-06 09:42:04"
8050,120669,bee,superfamily,Chalcidoidea,bee,0,0,2,0,https://www.inaturalist.org/observations/123251335,"2023-08-14 09:57:04"
8051,120619,bee,superfamily,Chalcidoidea,bee,0,0,2,0,https://www.inaturalist.org/observations/123246147,"2023-08-14 09:57:04"
8052,107610,bee,family,Braconidae,bee,0,0,2,0,https://www.inaturalist.org/observations/118334875,"2023-06-26 09:33:07"
8053,105365,aphid,subclass,Pterygota,Psocodea,0,0,2,1,https://www.inaturalist.org/observations/118150755,"2023-06-19 09:24:06"
8054,105356,other,superfamily,Coccoidea,aphid,0,0,1,0,https://www.inaturalist.org/observations/118149032,"2023-06-19 09:24:06"
8055,133239,spider,family,Araneidae,spider,0,0,2,0,https://www.inaturalist.org/observations/137023619,"2024-06-10 09:27:05"
8056,133237,spider,species,"Leucauge venusta",spider,0,0,3,0,https://www.inaturalist.org/observations/137023132,"2024-06-10 09:27:05"
8057,131687,other,order,Blattodea,Blattodea,0,0,1,0,https://www.inaturalist.org/observations/131389475,"2024-06-10 09:51:05"
8058,129907,spider,family,Thomisidae,spider,0,0,3,0,https://www.inaturalist.org/observations/128463609,"2024-06-03 09:54:05"
8059,129291,truebugs,species,"Chinavia hilaris",truebugs,0,0,2,0,https://www.inaturalist.org/observations/128004807,"2024-05-27 09:33:05"
8060,129290,truebugs,tribe,Tingini,truebugs,0,0,2,0,https://www.inaturalist.org/observations/128004356,"2024-05-27 09:33:05"
8061,129283,truebugs,tribe,Tingini,truebugs,0,0,2,0,https://www.inaturalist.org/observations/128003454,"2024-05-27 09:33:05"
8062,124815,bee,superfamily,Chalcidoidea,bee,0,0,2,0,https://www.inaturalist.org/observations/125331049,"2024-05-13 09:45:04"
8063,124061,ant,complex,"Formica neogagates",ant,0,0,3,0,https://www.inaturalist.org/observations/125047346,"2024-05-13 09:57:04"
8064,108207,bee,subclass,Pterygota,fly,0,0,2,1,https://www.inaturalist.org/observations/118349394,"2023-06-26 09:30:06"
8065,107300,aphid,subclass,Pterygota,Psocodea,0,0,2,1,https://www.inaturalist.org/observations/118325231,"2023-06-26 09:36:06"
8066,106883,fly,subclass,Pterygota,bee,0,0,2,1,https://www.inaturalist.org/observations/118296227,"2023-06-26 09:42:06"
8067,91071,ant,species,"Camponotus chromaiodes",ant,0,0,2,0,https://www.inaturalist.org/observations/86911418,"2023-06-05 09:39:05"
8068,95381,ant,complex,"Formica pallidefulva",ant,0,0,2,0,https://www.inaturalist.org/observations/86841356,"2023-06-05 09:45:05"
8069,96934,ant,genus,Camponotus,ant,0,0,2,0,https://www.inaturalist.org/observations/86400924,"2023-06-05 09:48:05"
8070,88062,ant,subfamily,Formicinae,ant,0,0,2,0,https://www.inaturalist.org/observations/81858088,"2023-05-15 09:57:05"
8071,132912,fly,family,Formicidae,ant,0,0,3,2,https://www.inaturalist.org/observations/135173418,"2024-06-10 09:33:06"
8072,129574,spider,genus,Tmarus,spider,0,0,2,0,https://www.inaturalist.org/observations/128182226,"2024-05-27 09:27:05"
8073,123458,spider,species,"Verrucosa arenata",spider,0,0,3,0,https://www.inaturalist.org/observations/124877566,"2024-05-06 09:48:04"
8074,122800,spider,species,"Verrucosa arenata",spider,0,0,3,0,https://www.inaturalist.org/observations/124289541,"2024-05-06 09:54:04"
8075,122607,spider,species,"Verrucosa arenata",spider,0,0,3,0,https://www.inaturalist.org/observations/124257648,"2024-04-29 09:57:04"
8076,120038,spider,infraorder,Entelegynae,spider,0,0,3,0,https://www.inaturalist.org/observations/123091283,"2023-07-31 09:45:05"
8077,118778,caterpillar,genus,Bucculatrix,caterpillar,0,0,2,0,https://www.inaturalist.org/observations/122681903,"2023-07-24 09:33:05"
8078,114156,leafhopper,species,"Philaenus spumarius",leafhopper,0,0,2,0,https://www.inaturalist.org/observations/120551930,"2023-07-10 09:24:05"
8079,111392,leafhopper,genus,Oncopsis,leafhopper,0,0,2,0,https://www.inaturalist.org/observations/119474859,"2023-07-10 09:48:05"
8080,110847,spider,genus,Philodromus,spider,0,0,2,0,https://www.inaturalist.org/observations/118960556,"2023-07-10 09:54:05"
8081,110547,spider,species,"Enoplognatha ovata",spider,0,0,3,0,https://www.inaturalist.org/observations/118929644,"2023-07-10 09:57:05"
8082,109917,bee,subclass,Pterygota,aphid,0,0,2,1,https://www.inaturalist.org/observations/118784649,"2023-07-03 09:39:05"
8083,109634,fly,tribe,Diaphorini,fly,0,0,3,0,https://www.inaturalist.org/observations/118662319,"2023-07-03 09:42:06"
8084,109169,fly,subclass,Pterygota,aphid,0,0,2,1,https://www.inaturalist.org/observations/118532195,"2023-07-03 09:48:06"
8085,109107,beetle,family,Bibionidae,fly,0,0,4,1,https://www.inaturalist.org/observations/118525313,"2023-07-03 09:48:06"
8086,108611,fly,order,Psocodea,Psocodea,0,0,1,0,https://www.inaturalist.org/observations/118507619,"2023-07-03 09:51:05"
8087,108619,truebugs,suborder,Heteroptera,truebugs,0,0,1,0,https://www.inaturalist.org/observations/118409055,"2023-07-03 09:54:06"
8088,106895,ant,subgenus,Crematogaster,ant,0,0,2,0,https://www.inaturalist.org/observations/118299273,"2023-06-26 09:42:06"
8089,106599,bee,superfamily,Ichneumonoidea,bee,0,0,2,0,https://www.inaturalist.org/observations/118263740,"2023-06-26 09:45:06"
8090,103071,spider,genus,Hentzia,spider,0,0,3,0,https://www.inaturalist.org/observations/91328341,"2023-06-19 09:48:05"
8091,102110,spider,family,Salticidae,spider,0,0,2,0,https://www.inaturalist.org/observations/89980099,"2023-06-12 09:24:06"
8092,95690,spider,genus,Philodromus,spider,0,0,2,0,https://www.inaturalist.org/observations/85849493,"2023-05-29 09:33:06"
8093,94928,spider,genus,Philodromus,spider,0,0,2,0,https://www.inaturalist.org/observations/85230660,"2023-05-29 09:39:06"
8094,94923,spider,family,Theridiidae,spider,0,0,3,0,https://www.inaturalist.org/observations/85230346,"2023-05-29 09:39:06"
8095,94733,spider,genus,Philodromus,spider,0,0,2,0,https://www.inaturalist.org/observations/85116379,"2023-05-29 09:39:06"
8096,94627,spider,species,"Enoplognatha ovata",spider,0,0,3,0,https://www.inaturalist.org/observations/85083710,"2023-05-29 09:42:05"
8097,94611,spider,species,"Enoplognatha ovata",spider,0,0,3,0,https://www.inaturalist.org/observations/85083195,"2023-05-29 09:42:05"
8098,93064,spider,family,Anyphaenidae,spider,0,0,2,0,https://www.inaturalist.org/observations/84333451,"2023-05-29 09:54:06"
8099,92436,spider,genus,Araniella,spider,0,0,2,0,https://www.inaturalist.org/observations/84098748,"2023-05-22 09:18:05"
8100,91787,spider,family,Anyphaenidae,spider,0,0,2,0,https://www.inaturalist.org/observations/83947500,"2023-05-22 09:27:06"
8101,91674,spider,family,Theridiidae,spider,0,0,2,0,https://www.inaturalist.org/observations/83933388,"2023-05-22 09:27:06"
8102,89242,spider,species,"Verrucosa arenata",spider,0,0,3,0,https://www.inaturalist.org/observations/82544902,"2023-05-15 09:39:06"
8103,88930,spider,species,"Enoplognatha ovata",spider,0,0,3,0,https://www.inaturalist.org/observations/82426859,"2023-05-15 09:45:05"
8104,88905,spider,genus,Anyphaena,spider,0,0,2,0,https://www.inaturalist.org/observations/82423187,"2023-05-15 09:45:05"
8105,88781,spider,genus,Philodromus,spider,0,0,2,0,https://www.inaturalist.org/observations/82362486,"2023-05-15 09:48:06"
8106,87596,spider,genus,Cheiracanthium,spider,0,0,2,0,https://www.inaturalist.org/observations/81475398,"2023-05-08 09:57:05"
8107,87591,spider,genus,Philodromus,spider,0,0,2,0,https://www.inaturalist.org/observations/81473384,"2023-05-08 09:57:05"
8108,86854,spider,family,Salticidae,spider,0,0,2,0,https://www.inaturalist.org/observations/81170956,"2023-05-01 09:51:06"
8109,86726,spider,family,Dictynidae,spider,0,0,2,0,https://www.inaturalist.org/observations/81080427,"2023-05-01 09:54:13"
8110,86687,spider,genus,Philodromus,spider,0,0,2,0,https://www.inaturalist.org/observations/81049666,"2023-05-01 09:57:06"
8111,133242,spider,family,Dictynidae,spider,0,0,2,0,https://www.inaturalist.org/observations/137024470,"2024-06-10 09:27:05"
8112,133235,spider,family,Dictynidae,spider,0,0,2,0,https://www.inaturalist.org/observations/137022688,"2024-06-10 09:27:05"
8113,133184,spider,genus,Philodromus,spider,0,0,2,0,https://www.inaturalist.org/observations/136749908,"2024-06-10 09:27:05"
8114,133041,spider,superfamily,Thomisoidea,spider,0,0,2,0,https://www.inaturalist.org/observations/136150027,"2024-06-10 09:30:06"
8115,132962,spider,family,Dictynidae,spider,0,0,2,0,https://www.inaturalist.org/observations/135244543,"2024-06-10 09:33:06"
8116,132959,spider,family,Dictynidae,spider,0,0,2,0,https://www.inaturalist.org/observations/135243542,"2024-06-10 09:33:06"
8117,132950,spider,superfamily,Thomisoidea,spider,0,0,2,0,https://www.inaturalist.org/observations/135240625,"2024-06-10 09:33:06"
8118,132715,spider,genus,Philodromus,spider,0,0,2,0,https://www.inaturalist.org/observations/134297353,"2024-06-10 09:36:06"
8119,132712,spider,genus,Philodromus,spider,0,0,2,0,https://www.inaturalist.org/observations/134296415,"2024-06-10 09:36:06"
8120,132709,spider,family,Anyphaenidae,spider,0,0,2,0,https://www.inaturalist.org/observations/134295257,"2024-06-10 09:36:06"
8121,132705,spider,family,Dictynidae,spider,0,0,2,0,https://www.inaturalist.org/observations/134294019,"2024-06-10 09:36:06"
8122,132695,spider,family,Dictynidae,spider,0,0,2,0,https://www.inaturalist.org/observations/134291512,"2024-06-10 09:36:06"
8123,132612,spider,genus,Tetragnatha,spider,0,0,2,0,https://www.inaturalist.org/observations/133680705,"2024-06-10 09:39:06"
8124,132516,spider,family,Dictynidae,spider,0,0,2,0,https://www.inaturalist.org/observations/133332553,"2024-06-10 09:42:07"
8125,132513,spider,family,Dictynidae,spider,0,0,2,0,https://www.inaturalist.org/observations/133331691,"2024-06-10 09:42:07"
8126,132354,spider,family,Araneidae,spider,0,0,2,0,https://www.inaturalist.org/observations/132825181,"2024-06-10 09:42:07"
8127,132352,spider,family,Salticidae,spider,0,0,2,0,https://www.inaturalist.org/observations/132824369,"2024-06-10 09:42:07"
8128,132343,spider,genus,Tetragnatha,spider,0,0,3,0,https://www.inaturalist.org/observations/132820535,"2024-06-10 09:42:07"
8129,132339,spider,species,"Synemosyna formica",spider,0,0,2,0,https://www.inaturalist.org/observations/132819036,"2024-06-10 09:42:07"
8130,132336,spider,genus,Philodromus,spider,0,0,2,0,https://www.inaturalist.org/observations/132818392,"2024-06-10 09:42:07"
8131,131954,spider,genus,Cheiracanthium,spider,0,0,2,0,https://www.inaturalist.org/observations/132450749,"2024-06-10 09:45:08"
8132,131939,spider,family,Dictynidae,spider,0,0,2,0,https://www.inaturalist.org/observations/132408556,"2024-06-10 09:45:08"
8133,131930,spider,species,"Araniella displicata",spider,0,0,2,0,https://www.inaturalist.org/observations/132405982,"2024-06-10 09:45:08"
8134,131922,spider,family,Dictynidae,spider,0,0,2,0,https://www.inaturalist.org/observations/132404057,"2024-06-10 09:45:08"
8135,131911,spider,family,Dictynidae,spider,0,0,2,0,https://www.inaturalist.org/observations/132401186,"2024-06-10 09:45:08"
8136,131909,spider,genus,Pityohyphantes,spider,0,0,2,0,https://www.inaturalist.org/observations/132400613,"2024-06-10 09:45:08"
8137,131907,spider,family,Theridiidae,spider,0,0,2,0,https://www.inaturalist.org/observations/132399984,"2024-06-10 09:45:08"
8138,131854,spider,genus,Philodromus,spider,0,0,2,0,https://www.inaturalist.org/observations/132286121,"2024-06-10 09:48:07"
8139,131811,spider,genus,Cheiracanthium,spider,0,0,2,0,https://www.inaturalist.org/observations/132046568,"2024-06-10 09:48:07"
8140,131723,spider,species,"Araniella displicata",spider,0,0,3,0,https://www.inaturalist.org/observations/131456569,"2024-06-10 09:48:07"
8141,131719,spider,genus,Philodromus,spider,0,0,2,0,https://www.inaturalist.org/observations/131454816,"2024-06-10 09:48:07"
8142,131717,spider,family,Dictynidae,spider,0,0,2,0,https://www.inaturalist.org/observations/131454474,"2024-06-10 09:48:07"
8143,131711,spider,species,"Synemosyna formica",spider,0,0,2,0,https://www.inaturalist.org/observations/131452996,"2024-06-10 09:51:05"
8144,131703,spider,family,Dictynidae,spider,0,0,2,0,https://www.inaturalist.org/observations/131448704,"2024-06-10 09:51:05"
8145,131374,spider,family,Philodromidae,spider,0,0,2,0,https://www.inaturalist.org/observations/130491069,"2024-06-10 09:57:05"
8146,131314,spider,genus,Pityohyphantes,spider,0,0,2,0,https://www.inaturalist.org/observations/130279111,"2024-06-10 09:57:05"
8147,131306,spider,genus,Philodromus,spider,0,0,2,0,https://www.inaturalist.org/observations/130276843,"2024-06-10 09:57:05"
8148,131300,spider,superfamily,Lycosoidea,spider,0,0,3,0,https://www.inaturalist.org/observations/130275435,"2024-06-10 09:57:05"
8149,131292,spider,family,Dictynidae,spider,0,0,2,0,https://www.inaturalist.org/observations/130272306,"2024-06-03 09:33:06"
8150,131289,spider,family,Dictynidae,spider,0,0,2,0,https://www.inaturalist.org/observations/130271164,"2024-06-03 09:36:06"
8151,131283,spider,family,Dictynidae,spider,0,0,2,0,https://www.inaturalist.org/observations/130267505,"2024-06-03 09:36:06"
8152,131189,spider,species,"Synemosyna formica",spider,0,0,2,0,https://www.inaturalist.org/observations/129979742,"2024-06-03 09:36:06"
8153,131184,spider,family,Dictynidae,spider,0,0,2,0,https://www.inaturalist.org/observations/129961499,"2024-06-03 09:36:06"
8154,131003,spider,superfamily,Thomisoidea,spider,0,0,2,0,https://www.inaturalist.org/observations/129550257,"2024-06-03 09:39:06"
8155,130970,spider,genus,Pityohyphantes,spider,0,0,2,0,https://www.inaturalist.org/observations/129546929,"2024-06-03 09:39:06"
8156,130969,spider,genus,Philodromus,spider,0,0,2,0,https://www.inaturalist.org/observations/129546501,"2024-06-03 09:39:06"
8157,130936,spider,family,Dictynidae,spider,0,0,2,0,https://www.inaturalist.org/observations/129542330,"2024-06-03 09:39:06"
8158,130903,spider,family,Theridiidae,spider,0,0,2,0,https://www.inaturalist.org/observations/129537982,"2024-06-03 09:39:06"
8159,130053,spider,genus,Philodromus,spider,0,0,2,0,https://www.inaturalist.org/observations/128650071,"2024-06-03 09:51:06"
8160,129881,spider,family,Dictynidae,spider,0,0,2,0,https://www.inaturalist.org/observations/128457223,"2024-06-03 09:54:05"
8161,129880,spider,family,Dictynidae,spider,0,0,2,0,https://www.inaturalist.org/observations/128456775,"2024-06-03 09:54:05"
8162,129781,spider,family,Dictynidae,spider,0,0,2,0,https://www.inaturalist.org/observations/128443148,"2024-06-03 09:57:05"
8163,129585,spider,family,Dictynidae,spider,0,0,2,0,https://www.inaturalist.org/observations/128182634,"2024-05-27 09:27:05"
8164,129513,spider,genus,Philodromus,spider,0,0,2,0,https://www.inaturalist.org/observations/128174840,"2024-05-27 09:27:05"
8165,128552,spider,genus,Philodromus,spider,0,0,2,0,https://www.inaturalist.org/observations/127372801,"2024-05-27 09:42:05"
8166,126936,spider,species,"Hentzia mitrata",spider,0,0,3,0,https://www.inaturalist.org/observations/126376280,"2024-05-20 09:39:05"
8167,126800,spider,species,"Araniella displicata",spider,0,0,3,0,https://www.inaturalist.org/observations/126347573,"2024-05-20 09:45:05"
8168,126276,spider,family,Salticidae,spider,0,0,2,0,https://www.inaturalist.org/observations/126097601,"2024-05-20 09:51:05"
8169,126264,spider,family,Salticidae,spider,0,0,2,0,https://www.inaturalist.org/observations/126096905,"2024-05-20 09:51:05"
8170,126013,spider,family,Araneidae,spider,0,0,2,0,https://www.inaturalist.org/observations/126060093,"2024-05-20 09:57:05"
8171,125607,spider,species,"Misumessus oblongus",spider,0,0,3,0,https://www.inaturalist.org/observations/125823845,"2024-05-13 09:39:04"
8172,124631,spider,genus,Tetragnatha,spider,0,0,2,0,https://www.inaturalist.org/observations/125303346,"2024-05-13 09:48:04"
8173,124619,spider,species,"Theridula emertoni",spider,0,0,2,0,https://www.inaturalist.org/observations/125301438,"2024-05-13 09:48:04"
8174,124568,spider,species,"Leucauge venusta",spider,0,0,3,0,https://www.inaturalist.org/observations/125297571,"2024-05-13 09:48:04"
8175,124043,spider,family,Philodromidae,spider,0,0,2,0,https://www.inaturalist.org/observations/125042781,"2024-05-13 09:57:04"
8176,124042,ant,genus,Formica,ant,0,0,2,0,https://www.inaturalist.org/observations/125042377,"2024-05-13 09:57:04"
8177,124041,ant,subgenus,Crematogaster,ant,0,0,3,0,https://www.inaturalist.org/observations/125041895,"2024-05-13 09:57:04"
8178,121643,caterpillar,superfamily,Tenthredinoidea,bee,0,1,3,1,https://www.inaturalist.org/observations/123849555,"2023-08-21 09:54:04"
8179,118324,caterpillar,family,Geometridae,caterpillar,0,0,2,0,https://www.inaturalist.org/observations/122202261,"2023-07-24 09:39:05"
8180,118310,spider,family,Salticidae,spider,0,0,2,0,https://www.inaturalist.org/observations/122191197,"2023-07-24 09:42:05"
8181,116547,spider,genus,Philodromus,spider,0,0,2,0,https://www.inaturalist.org/observations/121634544,"2023-07-17 09:27:06"
8182,116536,spider,family,Dictynidae,spider,0,0,2,0,https://www.inaturalist.org/observations/121630441,"2023-07-17 09:27:06"
8183,114918,spider,genus,Philodromus,spider,0,0,2,0,https://www.inaturalist.org/observations/120843983,"2023-07-17 09:48:05"
8184,110025,spider,family,Dictynidae,spider,0,0,2,0,https://www.inaturalist.org/observations/118794112,"2023-07-03 09:36:06"
8185,109804,spider,genus,Araneus,spider,0,0,2,0,https://www.inaturalist.org/observations/118734845,"2023-07-03 09:39:05"
8186,109621,spider,subtribe,Marpissina,spider,0,0,2,0,https://www.inaturalist.org/observations/118694772,"2023-07-03 09:42:06"
8187,109608,spider,genus,Clubiona,spider,0,0,2,0,https://www.inaturalist.org/observations/118653017,"2023-07-03 09:42:06"
8188,108624,fly,family,Chironomidae,fly,0,0,2,0,https://www.inaturalist.org/observations/118409926,"2023-07-03 09:54:06"
8189,107623,spider,genus,Emblyna,spider,0,0,2,0,https://www.inaturalist.org/observations/118335354,"2023-06-26 09:33:07"
8190,106735,spider,genus,Philodromus,spider,0,0,2,0,https://www.inaturalist.org/observations/118277648,"2023-06-26 09:45:06"
8191,105735,spider,genus,Philodromus,spider,0,0,2,0,https://www.inaturalist.org/observations/118186337,"2023-06-26 09:54:05"
8192,104806,spider,species,"Synemosyna formica",spider,0,0,2,0,https://www.inaturalist.org/observations/96385123,"2023-06-19 09:27:05"
8193,104805,spider,family,Theridiidae,spider,0,0,2,0,https://www.inaturalist.org/observations/96384820,"2023-06-19 09:27:05"
8194,104796,spider,genus,Clubiona,spider,0,0,2,0,https://www.inaturalist.org/observations/96384206,"2023-06-19 09:27:05"
8195,104791,spider,species,"Synemosyna formica",spider,0,0,2,0,https://www.inaturalist.org/observations/96382556,"2023-06-19 09:27:05"
8196,104790,spider,species,"Misumessus oblongus",spider,0,0,3,0,https://www.inaturalist.org/observations/96382024,"2023-06-19 09:27:05"
8197,104783,spider,family,Philodromidae,spider,0,0,2,0,https://www.inaturalist.org/observations/95962770,"2023-06-19 09:27:05"
8198,104779,spider,family,Dictynidae,spider,0,0,2,0,https://www.inaturalist.org/observations/95957680,"2023-06-19 09:27:05"
8199,104741,spider,family,Philodromidae,spider,0,0,2,0,https://www.inaturalist.org/observations/95751861,"2023-06-19 09:27:05"
8200,104721,spider,genus,Theridion,spider,0,0,2,0,https://www.inaturalist.org/observations/95685778,"2023-06-19 09:30:07"
8201,104708,spider,species,"Synemosyna formica",spider,0,0,2,0,https://www.inaturalist.org/observations/95565426,"2023-06-19 09:30:07"
8202,104559,spider,family,Dictynidae,spider,0,0,2,0,https://www.inaturalist.org/observations/94924659,"2023-06-19 09:30:07"
8203,104443,spider,species,"Synemosyna formica",spider,0,0,2,0,https://www.inaturalist.org/observations/94734359,"2023-06-19 09:33:06"
8204,104421,spider,species,"Misumessus oblongus",spider,0,0,3,0,https://www.inaturalist.org/observations/94729275,"2023-06-19 09:33:07"
8205,104361,spider,family,Dictynidae,spider,0,0,2,0,https://www.inaturalist.org/observations/94110303,"2023-06-19 09:33:07"
8206,104280,spider,species,"Synemosyna formica",spider,0,0,2,0,https://www.inaturalist.org/observations/93886058,"2023-06-19 09:33:07"
8207,103744,spider,species,"Spintharus flavidus",spider,0,0,2,0,https://www.inaturalist.org/observations/93064223,"2023-06-19 09:36:06"
8208,103733,spider,species,"Araniella displicata",spider,0,0,2,0,https://www.inaturalist.org/observations/93045974,"2023-06-19 09:39:05"
8209,102434,spider,genus,Tetragnatha,spider,0,0,2,0,https://www.inaturalist.org/observations/90562023,"2023-06-19 09:57:06"
8210,101749,spider,genus,Tetragnatha,spider,0,0,2,0,https://www.inaturalist.org/observations/89662734,"2023-06-12 09:30:07"
8211,100754,spider,family,Thomisidae,spider,0,0,2,0,https://www.inaturalist.org/observations/88933950,"2023-06-12 09:39:05"
8212,99207,spider,genus,Philodromus,spider,0,0,2,0,https://www.inaturalist.org/observations/87996338,"2023-06-12 09:54:05"
8213,98763,spider,family,Araneidae,spider,0,0,2,0,https://www.inaturalist.org/observations/87708977,"2023-06-05 09:24:06"
8214,91522,spider,genus,Philodromus,spider,0,0,2,0,https://www.inaturalist.org/observations/83634603,"2023-05-22 09:30:07"
8215,87406,spider,family,Anyphaenidae,spider,0,0,2,0,https://www.inaturalist.org/observations/81321272,"2023-05-08 09:57:05"
8216,131284,fly,family,Chironomidae,fly,0,0,2,0,https://www.inaturalist.org/observations/130267899,"2024-06-03 09:36:06"
8217,129762,beetle,species,"Coccinella septempunctata",beetle,0,0,3,0,https://www.inaturalist.org/observations/128315190,"2024-06-03 09:57:05"
8218,118550,fly,superfamily,Muscoidea,fly,0,0,2,0,https://www.inaturalist.org/observations/122639663,"2023-07-24 09:36:09"
8219,117379,truebugs,order,Lepidoptera,moths,0,0,1,0,https://www.inaturalist.org/observations/121930535,"2023-07-24 09:51:06"
8220,115540,beetle,family,Chrysomelidae,beetle,0,0,2,0,https://www.inaturalist.org/observations/121111401,"2023-07-17 09:39:05"
8221,115435,moths,species,"Argyrotaenia alisellana",moths,0,0,3,0,https://www.inaturalist.org/observations/121095280,"2023-07-17 09:39:05"
8222,115305,moths,genus,Marmara,moths,0,0,2,0,https://www.inaturalist.org/observations/121083332,"2023-07-17 09:42:05"
8223,113802,fly,subclass,Pterygota,aphid,0,0,2,1,https://www.inaturalist.org/observations/120054482,"2023-07-10 09:30:07"
8224,113335,moths,subclass,Pterygota,moths,0,0,1,0,https://www.inaturalist.org/observations/120019235,"2023-07-10 09:30:07"
8225,113188,bee,subclass,Pterygota,fly,0,0,2,1,https://www.inaturalist.org/observations/120009902,"2023-07-10 09:33:05"
8226,112248,moths,species,"Coptodisca lucifluella",moths,0,0,2,0,https://www.inaturalist.org/observations/119738351,"2023-07-10 09:42:05"
8227,111213,fly,family,Aphididae,aphid,0,0,3,1,https://www.inaturalist.org/observations/119458791,"2023-07-10 09:48:05"
8228,111188,fly,subclass,Pterygota,aphid,0,0,2,1,https://www.inaturalist.org/observations/119457182,"2023-07-10 09:48:05"
8229,99156,spider,order,Araneae,spider,0,0,2,0,https://www.inaturalist.org/observations/87987223,"2023-06-12 09:54:05"
8230,132921,spider,species,"Pelegrina galathea",spider,0,0,3,0,https://www.inaturalist.org/observations/135178094,"2024-06-10 09:33:06"
8231,130340,beetle,species,"Cycloneda munda",beetle,0,0,4,0,https://www.inaturalist.org/observations/129177144,"2024-06-03 09:48:06"
8232,129882,beetle,family,Aderidae,beetle,0,0,2,0,https://www.inaturalist.org/observations/128457660,"2024-06-03 09:54:05"
8233,127874,beetle,genus,Rhagonycha,beetle,0,0,2,0,https://www.inaturalist.org/observations/127092742,"2024-05-27 09:54:06"
8234,125887,beetle,genus,Photinus,beetle,0,0,3,0,https://www.inaturalist.org/observations/125952723,"2024-05-13 09:33:04"
8235,125872,beetle,tribe,Coccinellini,beetle,1,0,3,0,https://www.inaturalist.org/observations/125952336,"2024-05-13 09:33:04"
8236,125605,beetle,genus,Photinus,beetle,0,0,3,0,https://www.inaturalist.org/observations/125823059,"2024-05-13 09:39:04"
8237,124880,other,order,Psocodea,Psocodea,0,0,1,0,https://www.inaturalist.org/observations/125342938,"2024-05-13 09:42:04"
8238,124872,other,order,Psocodea,Psocodea,0,0,1,0,https://www.inaturalist.org/observations/125341390,"2024-05-13 09:42:04"
8239,124756,other,order,Psocodea,Psocodea,0,0,1,0,https://www.inaturalist.org/observations/125321302,"2024-05-13 09:45:04"
8240,124744,other,order,Psocodea,Psocodea,0,0,1,0,https://www.inaturalist.org/observations/125319488,"2024-05-13 09:45:04"
8241,124707,other,order,Psocodea,Psocodea,0,0,1,0,https://www.inaturalist.org/observations/125311284,"2024-05-13 09:48:04"
8242,124649,beetle,subfamily,Malachiinae,beetle,0,0,2,0,https://www.inaturalist.org/observations/125305106,"2024-05-13 09:48:04"
8243,124630,ant,complex,"Formica fusca",ant,0,0,2,0,https://www.inaturalist.org/observations/125303083,"2024-05-13 09:48:04"
8244,124165,beetle,subclass,Pterygota,Neuroptera,0,0,2,1,https://www.inaturalist.org/observations/125083953,"2024-05-13 09:51:03"
8245,121375,bee,subclass,Pterygota,leafhopper,0,0,2,1,https://www.inaturalist.org/observations/125074476,"2024-05-13 09:54:04"
8246,121377,beetle,tribe,Bromiini,beetle,0,0,2,0,https://www.inaturalist.org/observations/125072104,"2024-05-13 09:54:04"
8247,124128,other,family,Tingidae,truebugs,0,0,1,0,https://www.inaturalist.org/observations/125071292,"2024-05-13 09:54:04"
8248,124127,other,order,Psocodea,Psocodea,0,0,1,0,https://www.inaturalist.org/observations/125069565,"2024-05-13 09:54:04"
8249,121382,bee,subclass,Pterygota,leafhopper,0,0,2,1,https://www.inaturalist.org/observations/125068833,"2024-05-13 09:54:04"
8250,124126,other,order,Psocodea,Psocodea,0,0,1,0,https://www.inaturalist.org/observations/125068556,"2024-05-13 09:54:04"
8251,124064,other,order,Psocodea,Psocodea,0,0,1,0,https://www.inaturalist.org/observations/125050018,"2024-05-13 09:57:04"
8252,121366,fly,subclass,Pterygota,Psocodea,0,0,2,1,https://www.inaturalist.org/observations/125048307,"2024-05-13 09:57:04"
8253,124056,other,order,Psocodea,Psocodea,0,0,1,0,https://www.inaturalist.org/observations/125045792,"2024-05-13 09:57:04"
8254,124052,beetle,family,Aderidae,beetle,0,0,2,0,https://www.inaturalist.org/observations/125044452,"2024-05-13 09:57:04"
8255,123885,beetle,genus,Photuris,beetle,0,0,3,0,https://www.inaturalist.org/observations/125019729,"2024-05-06 09:42:04"
8256,123867,beetle,genus,Statira,beetle,0,0,2,0,https://www.inaturalist.org/observations/125017320,"2024-05-06 09:42:04"
8257,123778,beetle,genus,Macratria,beetle,0,0,2,0,https://www.inaturalist.org/observations/124927394,"2024-05-06 09:45:04"
8258,123766,beetle,order,Lepidoptera,moths,0,0,3,1,https://www.inaturalist.org/observations/124922635,"2024-05-06 09:45:04"
8259,123748,beetle,subclass,Pterygota,aphid,0,0,2,1,https://www.inaturalist.org/observations/124916610,"2024-05-06 09:45:04"
8260,123610,beetle,genus,Petalium,beetle,0,0,2,0,https://www.inaturalist.org/observations/124896452,"2024-05-06 09:45:04"
8261,122655,beetle,family,Melandryidae,beetle,0,0,2,0,https://www.inaturalist.org/observations/124266160,"2024-05-06 09:57:04"
8262,122630,bee,family,Dolichopodidae,fly,0,0,4,1,https://www.inaturalist.org/observations/124263125,"2024-05-06 09:57:04"
8263,122047,beetle,family,Scirtidae,beetle,0,0,2,0,https://www.inaturalist.org/observations/123998836,"2023-09-04 09:57:05"
8264,122037,beetle,family,Aderidae,beetle,0,0,2,0,https://www.inaturalist.org/observations/123995200,"2023-09-04 09:57:05"
8265,120521,beetle,family,Aderidae,beetle,0,0,2,0,https://www.inaturalist.org/observations/123231975,"2023-08-07 09:54:04"
8266,119753,beetle,family,Melandryidae,beetle,0,0,2,0,https://www.inaturalist.org/observations/122987640,"2023-07-31 09:51:05"
8267,119741,beetle,subfamily,Malachiinae,beetle,0,0,2,0,https://www.inaturalist.org/observations/122985772,"2023-07-31 09:51:05"
8268,110616,beetle,genus,Statira,beetle,0,0,2,0,https://www.inaturalist.org/observations/122984962,"2023-07-31 09:51:05"
8269,119713,beetle,subfamily,Malachiinae,beetle,0,0,2,0,https://www.inaturalist.org/observations/122971534,"2023-07-31 09:54:06"
8270,119703,beetle,subfamily,Malachiinae,beetle,0,0,2,0,https://www.inaturalist.org/observations/122969240,"2023-07-31 09:54:06"
8271,119660,beetle,genus,Rhagonycha,beetle,0,0,2,0,https://www.inaturalist.org/observations/122963208,"2023-07-31 09:54:06"
8272,119122,beetle,species,"Microtonus sericans",beetle,0,0,2,0,https://www.inaturalist.org/observations/122829448,"2023-07-24 09:27:05"
8273,118891,beetle,species,"Microtonus sericans",beetle,0,0,2,0,https://www.inaturalist.org/observations/122801839,"2023-07-24 09:33:05"
8274,118486,beetle,species,"Plagiodera versicolora",beetle,0,0,2,0,https://www.inaturalist.org/observations/122313411,"2023-07-24 09:36:09"
8275,118454,beetle,subfamily,Alleculinae,beetle,0,0,2,0,https://www.inaturalist.org/observations/122302063,"2023-07-24 09:36:09"
8276,116337,bee,subclass,Pterygota,leafhopper,0,0,2,1,https://www.inaturalist.org/observations/122290010,"2023-07-24 09:39:05"
8277,118360,beetle,family,Aderidae,beetle,0,0,2,0,https://www.inaturalist.org/observations/122205223,"2023-07-24 09:39:05"
8278,117930,fly,order,Hymenoptera,bee,0,0,2,1,https://www.inaturalist.org/observations/122192258,"2023-07-24 09:42:05"
8279,118142,beetle,family,Melandryidae,beetle,0,0,2,0,https://www.inaturalist.org/observations/122170853,"2023-07-24 09:45:06"
8280,118140,beetle,subfamily,Malachiinae,beetle,0,0,2,0,https://www.inaturalist.org/observations/122169951,"2023-07-24 09:45:06"
8281,117360,beetle,family,Aderidae,beetle,0,0,2,0,https://www.inaturalist.org/observations/121928777,"2023-07-24 09:51:06"
8282,117325,beetle,family,Melandryidae,beetle,0,0,2,0,https://www.inaturalist.org/observations/121915616,"2023-07-24 09:54:06"
8283,117287,beetle,infraorder,Pentatomomorpha,truebugs,0,0,3,1,https://www.inaturalist.org/observations/121905724,"2023-07-24 09:54:06"
8284,117269,fly,subclass,Pterygota,bee,0,0,2,1,https://www.inaturalist.org/observations/121900693,"2023-07-24 09:57:05"
8285,115408,beetle,family,Melandryidae,beetle,0,0,2,0,https://www.inaturalist.org/observations/121091317,"2023-07-17 09:42:05"
8286,115266,fly,subclass,Pterygota,bee,0,0,2,1,https://www.inaturalist.org/observations/121011531,"2023-07-17 09:42:05"
8287,115255,beetle,subclass,Pterygota,truebugs,0,0,2,1,https://www.inaturalist.org/observations/121006730,"2023-07-17 09:45:06"
8288,114910,beetle,subclass,Pterygota,truebugs,0,0,2,1,https://www.inaturalist.org/observations/120840957,"2023-07-17 09:48:05"
8289,114882,bee,subclass,Pterygota,fly,0,0,2,1,https://www.inaturalist.org/observations/120832199,"2023-07-17 09:51:05"
8290,114861,beetle,tribe,Malthodini,beetle,0,0,2,0,https://www.inaturalist.org/observations/120824927,"2023-07-17 09:51:05"
8291,114844,beetle,tribe,Malthodini,beetle,0,0,2,0,https://www.inaturalist.org/observations/120818780,"2023-07-17 09:51:05"
8292,112609,beetle,genus,Mordellistena,beetle,0,0,2,0,https://www.inaturalist.org/observations/119867154,"2023-07-10 09:36:08"
8293,109897,beetle,subfamily,Donaciinae,beetle,0,0,2,0,https://www.inaturalist.org/observations/118782912,"2023-07-03 09:39:05"
8294,109196,beetle,family,Cerambycidae,beetle,0,0,2,0,https://www.inaturalist.org/observations/118537552,"2023-07-03 09:48:06"
8295,108750,beetle,genus,Pedilus,beetle,0,0,2,0,https://www.inaturalist.org/observations/118424670,"2023-07-03 09:51:05"
8296,107603,beetle,family,Melandryidae,beetle,0,0,2,0,https://www.inaturalist.org/observations/118334429,"2023-06-26 09:33:07"
8297,106218,beetle,genus,Pedilus,beetle,0,0,2,0,https://www.inaturalist.org/observations/118228777,"2023-06-26 09:51:05"
8298,105710,beetle,species,"Tetrops praeustus",beetle,0,0,3,0,https://www.inaturalist.org/observations/118179566,"2023-06-26 09:54:05"
8299,102521,bee,superfamily,Tenthredinoidea,bee,0,1,3,1,https://www.inaturalist.org/observations/90656950,"2023-06-19 09:54:05"
8300,96927,beetle,tribe,Bromiini,beetle,0,0,2,0,https://www.inaturalist.org/observations/86399881,"2023-06-05 09:48:05"
8301,94890,beetle,species,"Strongylium crenatum",beetle,0,0,2,0,https://www.inaturalist.org/observations/85227888,"2023-05-29 09:39:06"
8302,92504,beetle,superfamily,Elateroidea,beetle,0,0,2,0,https://www.inaturalist.org/observations/84112127,"2023-05-22 09:18:05"
8303,92496,beetle,superfamily,Elateroidea,beetle,0,0,2,0,https://www.inaturalist.org/observations/84111188,"2023-05-22 09:18:05"
8304,91779,beetle,superfamily,Elateroidea,beetle,0,0,2,0,https://www.inaturalist.org/observations/83945683,"2023-05-22 09:27:06"
8305,89664,beetle,species,"Anthrenus verbasci",beetle,0,0,2,0,https://www.inaturalist.org/observations/82724523,"2023-05-15 09:39:06"
8306,88773,beetle,genus,Dendroides,beetle,0,0,2,0,https://www.inaturalist.org/observations/82359828,"2023-05-15 09:48:06"
8307,88394,beetle,tribe,Cryptocephalini,beetle,0,0,2,0,https://www.inaturalist.org/observations/82156132,"2023-05-15 09:54:05"
8308,87409,beetle,family,Elateridae,beetle,0,0,2,0,https://www.inaturalist.org/observations/81323307,"2023-05-08 09:57:05"
8309,87378,beetle,family,Elateridae,beetle,0,0,2,0,https://www.inaturalist.org/observations/81305321,"2023-05-08 09:57:05"
8310,87370,beetle,family,Elateridae,beetle,0,0,2,0,https://www.inaturalist.org/observations/81304214,"2023-05-08 09:57:05"
8311,87297,beetle,genus,Pedilus,beetle,0,0,2,0,https://www.inaturalist.org/observations/81222507,"2023-05-01 09:51:06"
8312,87276,beetle,family,Elateridae,beetle,0,0,2,0,https://www.inaturalist.org/observations/81220949,"2023-05-01 09:51:06"
8313,86626,beetle,species,"Phyllobius oblongus",beetle,0,0,2,0,https://www.inaturalist.org/observations/80815124,"2023-05-01 09:57:06"
8314,131849,beetle,species,"Psyllobora vigintimaculata",beetle,0,0,3,0,https://www.inaturalist.org/observations/132271864,"2024-06-10 09:48:07"
8315,131707,fly,family,Culicidae,fly,0,0,2,0,https://www.inaturalist.org/observations/131449789,"2024-06-10 09:51:05"
8316,130907,beetle,species,"Litargus tetraspilotus",beetle,0,0,3,0,https://www.inaturalist.org/observations/129539342,"2024-06-03 09:39:06"
8317,130804,beetle,family,Elateridae,beetle,0,0,2,0,https://www.inaturalist.org/observations/129449724,"2024-06-03 09:42:06"
8318,130532,beetle,genus,Rhagonycha,beetle,0,0,3,0,https://www.inaturalist.org/observations/129302262,"2024-06-03 09:42:06"
8319,130508,beetle,family,Aderidae,beetle,0,0,2,0,https://www.inaturalist.org/observations/129296451,"2024-06-03 09:45:07"
8320,130493,beetle,genus,Rhagonycha,beetle,0,0,3,0,https://www.inaturalist.org/observations/129292731,"2024-06-03 09:45:07"
8321,128685,beetle,genus,Photinus,beetle,0,0,3,0,https://www.inaturalist.org/observations/128995022,"2024-06-03 09:48:06"
8322,130117,beetle,family,Coccinellidae,beetle,1,0,2,0,https://www.inaturalist.org/observations/128877704,"2024-06-03 09:51:06"
8323,129448,beetle,family,Chrysomelidae,beetle,0,0,2,0,https://www.inaturalist.org/observations/128145965,"2024-05-27 09:30:07"
8324,129419,beetle,species,"Harmonia axyridis",beetle,0,0,3,0,https://www.inaturalist.org/observations/128141355,"2024-05-27 09:33:05"
8325,129365,beetle,species,"Psyllobora vigintimaculata",beetle,0,0,3,0,https://www.inaturalist.org/observations/128132048,"2024-05-27 09:33:05"
8326,129161,beetle,family,Chrysomelidae,beetle,0,0,2,0,https://www.inaturalist.org/observations/127995920,"2024-05-27 09:33:05"
8327,128609,beetle,family,Chrysomelidae,beetle,0,0,2,0,https://www.inaturalist.org/observations/127382214,"2024-05-27 09:42:05"
8328,127013,fly,subclass,Pterygota,leafhopper,0,0,2,1,https://www.inaturalist.org/observations/126471715,"2024-05-20 09:39:05"
8329,126899,other,order,Psocodea,Psocodea,0,0,1,0,https://www.inaturalist.org/observations/126367549,"2024-05-20 09:42:05"
8330,126172,beetle,subclass,Pterygota,Psocodea,0,0,2,1,https://www.inaturalist.org/observations/126075075,"2024-05-20 09:54:05"
8331,126171,beetle,subclass,Pterygota,Psocodea,0,0,2,1,https://www.inaturalist.org/observations/126074537,"2024-05-20 09:54:05"
8332,125815,beetle,family,Elateridae,beetle,0,0,2,0,https://www.inaturalist.org/observations/125944783,"2024-05-13 09:33:04"
8333,125812,beetle,family,Elateridae,beetle,0,0,2,0,https://www.inaturalist.org/observations/125944003,"2024-05-13 09:33:04"
8334,125789,beetle,family,Chrysomelidae,beetle,0,0,2,0,https://www.inaturalist.org/observations/125941454,"2024-05-13 09:33:04"
8335,125714,beetle,species,"Psyllobora vigintimaculata",beetle,0,0,4,0,https://www.inaturalist.org/observations/125931859,"2024-05-13 09:36:04"
8336,125635,beetle,species,"Harmonia axyridis",beetle,0,0,4,0,https://www.inaturalist.org/observations/125831218,"2024-05-13 09:36:04"
8337,125559,beetle,species,"Harmonia axyridis",beetle,1,0,4,0,https://www.inaturalist.org/observations/125814702,"2024-05-13 09:39:04"
8338,124889,beetle,superfamily,Tenebrionoidea,beetle,0,0,2,0,https://www.inaturalist.org/observations/125345773,"2024-05-13 09:42:04"
8339,124883,beetle,subfamily,Cantharinae,beetle,0,0,2,0,https://www.inaturalist.org/observations/125343795,"2024-05-13 09:42:04"
8340,124702,beetle,superfamily,Tenebrionoidea,beetle,0,0,2,0,https://www.inaturalist.org/observations/125309377,"2024-05-13 09:48:04"
8341,124648,beetle,superfamily,Tenebrionoidea,beetle,0,0,2,0,https://www.inaturalist.org/observations/125304767,"2024-05-13 09:48:04"
8342,124633,beetle,family,Chrysomelidae,beetle,0,0,2,0,https://www.inaturalist.org/observations/125304062,"2024-05-13 09:48:04"
8343,124627,beetle,subfamily,Alleculinae,beetle,0,0,2,0,https://www.inaturalist.org/observations/125302082,"2024-05-13 09:48:04"
8344,124115,beetle,family,Artematopodidae,beetle,0,0,2,0,https://www.inaturalist.org/observations/125066439,"2024-05-13 09:54:04"
8345,124045,beetle,family,Chrysomelidae,beetle,0,0,2,0,https://www.inaturalist.org/observations/125043665,"2024-05-13 09:57:04"
8346,124011,beetle,species,"Harmonia axyridis",beetle,0,0,4,0,https://www.inaturalist.org/observations/125037908,"2024-05-06 09:39:04"
8347,123979,beetle,species,"Harmonia axyridis",beetle,1,0,4,0,https://www.inaturalist.org/observations/125033958,"2024-05-06 09:42:04"
8348,123745,beetle,family,Chrysomelidae,beetle,0,0,2,0,https://www.inaturalist.org/observations/124915838,"2024-05-06 09:45:04"
8349,123353,beetle,family,Coccinellidae,beetle,0,0,2,0,https://www.inaturalist.org/observations/124727062,"2024-05-06 09:51:04"
8350,122820,beetle,superfamily,Tenebrionoidea,beetle,0,0,2,0,https://www.inaturalist.org/observations/124292409,"2024-05-06 09:54:04"
8351,122721,beetle,family,Coccinellidae,beetle,1,0,2,0,https://www.inaturalist.org/observations/124275432,"2024-05-06 09:57:04"
8352,122376,beetle,family,Lampyridae,beetle,0,0,2,0,https://www.inaturalist.org/observations/124187893,"2024-04-15 09:57:04"
8353,122363,beetle,genus,Photinus,beetle,0,0,3,0,https://www.inaturalist.org/observations/124185981,"2024-04-08 09:57:04"
8354,122469,beetle,superfamily,Elateroidea,beetle,0,0,2,0,https://www.inaturalist.org/observations/124160886,"2023-11-13 09:57:05"
8355,122082,beetle,species,"Scirtes orbiculatus",beetle,0,0,3,0,https://www.inaturalist.org/observations/124021694,"2023-09-18 09:57:05"
8356,117185,beetle,species,"Harmonia axyridis",beetle,0,0,3,0,https://www.inaturalist.org/observations/121880397,"2023-07-24 09:57:05"
8357,111389,beetle,family,Chrysomelidae,beetle,0,0,2,0,https://www.inaturalist.org/observations/119474000,"2023-07-10 09:48:05"
8358,98373,beetle,subtribe,Cryptocephalina,beetle,0,0,2,0,https://www.inaturalist.org/observations/87262114,"2023-06-05 09:30:06"
8359,94842,beetle,genus,Germarostes,beetle,0,0,2,0,https://www.inaturalist.org/observations/85219003,"2023-05-29 09:39:06"
8360,94602,spider,species,"Leucauge venusta",spider,0,0,3,0,https://www.inaturalist.org/observations/85083012,"2023-05-29 09:42:05"
8361,91208,beetle,species,"Cyrtepistomus castaneus",beetle,0,0,2,0,https://www.inaturalist.org/observations/83503052,"2023-05-22 09:36:06"
8362,90696,beetle,species,"Photinus pyralis",beetle,0,0,4,0,https://www.inaturalist.org/observations/83258794,"2023-05-22 09:45:05"
8363,90665,beetle,species,"Pseudoedophrys hilleri",beetle,0,0,2,0,https://www.inaturalist.org/observations/83254517,"2023-05-22 09:45:05"
8364,89741,beetle,suborder,Archostemata,beetle,0,0,2,0,https://www.inaturalist.org/observations/82993129,"2023-05-15 09:36:07"
8365,133016,spider,family,Salticidae,spider,0,0,2,0,https://www.inaturalist.org/observations/135938363,"2024-06-10 09:30:06"
8366,132982,spider,family,Philodromidae,spider,0,0,2,0,https://www.inaturalist.org/observations/135296710,"2024-06-10 09:30:06"
8367,129906,spider,family,Araneidae,spider,0,0,2,0,https://www.inaturalist.org/observations/128463175,"2024-06-03 09:54:05"
8368,129842,spider,family,Thomisidae,spider,0,0,2,0,https://www.inaturalist.org/observations/128450693,"2024-06-03 09:57:05"
8369,128904,other,species,"Mystacides sepulchralis",Trichoptera,0,0,2,0,https://www.inaturalist.org/observations/127824221,"2024-05-27 09:39:05"
8370,127532,spider,genus,Wulfila,spider,0,0,2,0,https://www.inaturalist.org/observations/126958452,"2024-05-27 09:57:06"
8371,127523,spider,genus,Wulfila,spider,0,0,2,0,https://www.inaturalist.org/observations/126956321,"2024-05-20 09:30:06"
8372,127509,spider,genus,Wulfila,spider,0,0,2,0,https://www.inaturalist.org/observations/126954568,"2024-05-20 09:30:06"
8373,126885,spider,family,Araneidae,spider,0,0,2,0,https://www.inaturalist.org/observations/126364307,"2024-05-20 09:42:05"
8374,126818,spider,species,"Synema parvulum",spider,0,0,3,0,https://www.inaturalist.org/observations/126350536,"2024-05-20 09:45:05"
8375,125751,spider,species,"Paraphidippus aurantius",spider,0,0,3,0,https://www.inaturalist.org/observations/125937318,"2024-05-13 09:33:04"
8376,125705,spider,genus,Neoscona,spider,0,0,2,0,https://www.inaturalist.org/observations/125930383,"2024-05-13 09:36:04"
8377,125692,spider,species,"Wulfila albens",spider,0,0,2,0,https://www.inaturalist.org/observations/125926982,"2024-05-13 09:36:04"
8378,125425,spider,species,"Misumessus oblongus",spider,0,0,2,0,https://www.inaturalist.org/observations/125779096,"2024-05-13 09:39:04"
8379,124418,spider,genus,Tmarus,spider,0,0,2,0,https://www.inaturalist.org/observations/125206598,"2024-05-13 09:51:03"
8380,123847,spider,family,Anyphaenidae,spider,0,0,2,0,https://www.inaturalist.org/observations/125016314,"2024-05-06 09:45:04"
8381,123602,spider,genus,Wulfila,spider,0,0,2,0,https://www.inaturalist.org/observations/124894424,"2024-05-06 09:48:04"
8382,123558,spider,genus,Colonus,spider,0,0,3,0,https://www.inaturalist.org/observations/124889771,"2024-05-06 09:48:04"
8383,123525,spider,genus,Wulfila,spider,0,0,2,0,https://www.inaturalist.org/observations/124884379,"2024-05-06 09:48:04"
8384,123474,spider,family,Thomisidae,spider,0,0,2,0,https://www.inaturalist.org/observations/124879029,"2024-05-06 09:48:04"
8385,122567,spider,genus,Wulfila,spider,0,0,2,0,https://www.inaturalist.org/observations/124249338,"2024-04-29 09:57:04"
8386,121585,spider,genus,Wulfila,spider,0,0,2,0,https://www.inaturalist.org/observations/123843617,"2023-08-21 09:54:04"
8387,120026,spider,genus,Wulfila,spider,0,0,2,0,https://www.inaturalist.org/observations/123090675,"2023-07-31 09:45:05"
8388,119645,spider,genus,Wulfila,spider,0,0,2,0,https://www.inaturalist.org/observations/122960379,"2023-07-31 09:54:06"
8389,119634,spider,genus,Mangora,spider,0,0,2,0,https://www.inaturalist.org/observations/122959182,"2023-07-31 09:54:06"
8390,119606,spider,family,Theridiidae,spider,0,0,2,0,https://www.inaturalist.org/observations/122953729,"2023-07-31 09:54:06"
8391,118707,spider,family,Thomisidae,spider,0,0,2,0,https://www.inaturalist.org/observations/122648450,"2023-07-24 09:33:05"
8392,118686,spider,species,"Wulfila albens",spider,0,0,2,0,https://www.inaturalist.org/observations/122647775,"2023-07-24 09:36:06"
8393,118583,spider,species,"Micrathena sagittata",spider,0,0,3,0,https://www.inaturalist.org/observations/122642247,"2023-07-24 09:36:09"
8394,118578,spider,family,Thomisidae,spider,0,0,2,0,https://www.inaturalist.org/observations/122641972,"2023-07-24 09:36:09"
8395,115616,spider,family,Linyphiidae,spider,0,0,2,0,https://www.inaturalist.org/observations/121121067,"2023-07-17 09:36:05"
8396,115523,spider,genus,Tmarus,spider,0,0,2,0,https://www.inaturalist.org/observations/121109248,"2023-07-17 09:39:05"
8397,111470,spider,genus,Wulfila,spider,0,0,2,0,https://www.inaturalist.org/observations/119583742,"2023-07-10 09:45:05"
8398,109052,spider,species,"Synema parvulum",spider,0,0,3,0,https://www.inaturalist.org/observations/118522058,"2023-07-03 09:48:06"
8399,107657,spider,genus,Wulfila,spider,0,0,2,0,https://www.inaturalist.org/observations/118336506,"2023-06-26 09:33:07"
8400,107295,spider,family,Dictynidae,spider,0,0,2,0,https://www.inaturalist.org/observations/118324915,"2023-06-26 09:36:06"
8401,106413,spider,species,"Lyssomanes viridis",spider,0,0,3,0,https://www.inaturalist.org/observations/118251470,"2023-06-26 09:48:05"
8402,106136,spider,genus,Anyphaena,spider,0,0,2,0,https://www.inaturalist.org/observations/118218387,"2023-06-26 09:51:05"
8403,106122,spider,genus,Araneus,spider,0,0,2,0,https://www.inaturalist.org/observations/118216912,"2023-06-26 09:51:05"
8404,104921,spider,family,Salticidae,spider,0,0,2,0,https://www.inaturalist.org/observations/96697041,"2023-06-19 09:24:06"
8405,103747,spider,species,"Spintharus flavidus",spider,0,0,2,0,https://www.inaturalist.org/observations/93064888,"2023-06-19 09:36:06"
8406,100783,spider,genus,Hentzia,spider,0,0,3,0,https://www.inaturalist.org/observations/88937293,"2023-06-12 09:39:05"
8407,100731,spider,species,"Misumessus oblongus",spider,0,0,2,0,https://www.inaturalist.org/observations/88931571,"2023-06-12 09:39:05"
8408,100424,spider,family,Araneidae,spider,0,0,2,0,https://www.inaturalist.org/observations/88683869,"2023-06-12 09:45:06"
8409,100413,spider,family,Araneidae,spider,0,0,2,0,https://www.inaturalist.org/observations/88682952,"2023-06-12 09:45:06"
8410,100409,spider,genus,Araneus,spider,0,0,3,0,https://www.inaturalist.org/observations/88682614,"2023-06-12 09:45:06"
8411,100181,spider,species,"Verrucosa arenata",spider,0,0,3,0,https://www.inaturalist.org/observations/88389143,"2023-06-12 09:45:06"
8412,98945,spider,family,Thomisidae,spider,0,0,2,0,https://www.inaturalist.org/observations/87854190,"2023-06-12 09:57:05"
8413,98723,spider,genus,Wulfila,spider,0,0,2,0,https://www.inaturalist.org/observations/87550267,"2023-06-05 09:24:06"
8414,97900,spider,genus,Hentzia,spider,0,0,3,0,https://www.inaturalist.org/observations/86980994,"2023-06-05 09:36:05"
8415,97889,spider,genus,Hibana,spider,0,0,2,0,https://www.inaturalist.org/observations/86979097,"2023-06-05 09:36:05"
8416,97883,spider,genus,Anyphaena,spider,0,0,2,0,https://www.inaturalist.org/observations/86978754,"2023-06-05 09:36:05"
8417,97832,spider,family,Salticidae,spider,0,0,2,0,https://www.inaturalist.org/observations/86975694,"2023-06-05 09:36:05"
8418,96928,spider,family,Araneidae,spider,0,0,2,0,https://www.inaturalist.org/observations/86400311,"2023-06-05 09:48:05"
8419,96546,spider,family,Salticidae,spider,0,0,2,0,https://www.inaturalist.org/observations/86273103,"2023-06-05 09:54:06"
8420,93003,spider,family,Salticidae,spider,0,0,2,0,https://www.inaturalist.org/observations/84306970,"2023-05-29 09:57:05"
8421,92962,spider,family,Thomisidae,spider,0,0,2,0,https://www.inaturalist.org/observations/84300606,"2023-05-29 09:57:05"
8422,92163,spider,genus,Tmarus,spider,0,0,2,0,https://www.inaturalist.org/observations/84057594,"2023-05-22 09:21:05"
8423,92155,spider,species,"Lyssomanes viridis",spider,0,0,3,0,https://www.inaturalist.org/observations/84056943,"2023-05-22 09:21:05"
8424,92106,spider,family,Thomisidae,spider,0,0,2,0,https://www.inaturalist.org/observations/84053075,"2023-05-22 09:21:05"
8425,91287,spider,species,"Verrucosa arenata",spider,0,0,2,0,https://www.inaturalist.org/observations/83513647,"2023-05-22 09:33:06"
8426,91272,spider,family,Thomisidae,spider,0,0,2,0,https://www.inaturalist.org/observations/83511674,"2023-05-22 09:33:06"
8427,90351,spider,family,Salticidae,spider,0,0,2,0,https://www.inaturalist.org/observations/83153029,"2023-05-22 09:48:05"
8428,90297,spider,family,Anyphaenidae,spider,0,0,2,0,https://www.inaturalist.org/observations/83147069,"2023-05-22 09:51:06"
8429,89773,spider,family,Thomisidae,spider,0,0,2,0,https://www.inaturalist.org/observations/82996058,"2023-05-15 09:36:07"
8430,89748,spider,family,Salticidae,spider,0,0,2,0,https://www.inaturalist.org/observations/82994177,"2023-05-15 09:36:07"
8431,88325,spider,genus,Hentzia,spider,0,0,3,0,https://www.inaturalist.org/observations/82150441,"2023-05-15 09:54:05"
8432,132877,ant,family,Formicidae,ant,0,0,2,0,https://www.inaturalist.org/observations/134980031,"2024-06-10 09:33:06"
8433,129192,caterpillar,species,"Epimecis hortaria",caterpillar,0,0,3,0,https://www.inaturalist.org/observations/127996944,"2024-05-27 09:33:05"
8434,133244,fly,family,Chironomidae,fly,0,0,2,0,https://www.inaturalist.org/observations/137024938,"2024-06-10 09:27:05"
8435,133056,fly,family,Cecidomyiidae,fly,0,0,2,0,https://www.inaturalist.org/observations/136155805,"2024-06-10 09:30:06"
8436,133048,fly,family,Chironomidae,fly,0,0,2,0,https://www.inaturalist.org/observations/136153606,"2024-06-10 09:30:06"
8437,132984,bee,subfamily,Entiminae,beetle,0,0,4,1,https://www.inaturalist.org/observations/135297466,"2024-06-10 09:30:06"
8438,132979,bee,subfamily,Entiminae,beetle,0,0,5,1,https://www.inaturalist.org/observations/135295223,"2024-06-10 09:30:06"
8439,132971,spider,superfamily,Thomisoidea,spider,0,0,2,0,https://www.inaturalist.org/observations/135246633,"2024-06-10 09:33:06"
8440,132952,truebugs,family,Tingidae,truebugs,0,0,2,0,https://www.inaturalist.org/observations/135241366,"2024-06-10 09:33:06"
8441,132732,fly,family,Chironomidae,fly,0,0,2,0,https://www.inaturalist.org/observations/134305733,"2024-06-10 09:36:06"
8442,131910,fly,suborder,Nematocera,fly,0,0,2,0,https://www.inaturalist.org/observations/132400837,"2024-06-10 09:45:08"
8443,131871,other,order,Psocodea,Psocodea,0,0,2,0,https://www.inaturalist.org/observations/132343412,"2024-06-10 09:45:08"
8444,131870,unidentified,order,Psocodea,Psocodea,0,0,1,0,https://www.inaturalist.org/observations/132343149,"2024-06-10 09:45:08"
8445,131851,fly,infraorder,Tipulomorpha,fly,0,0,2,0,https://www.inaturalist.org/observations/132273360,"2024-06-10 09:48:07"
8446,131725,spider,genus,Philodromus,spider,0,0,3,0,https://www.inaturalist.org/observations/131457783,"2024-06-10 09:48:07"
8447,131704,fly,family,Chironomidae,fly,0,0,2,0,https://www.inaturalist.org/observations/131448933,"2024-06-10 09:51:05"
8448,131103,caterpillar,family,Geometridae,caterpillar,0,0,2,0,https://www.inaturalist.org/observations/129576130,"2024-06-03 09:36:06"
8449,131097,caterpillar,family,Geometridae,caterpillar,0,0,2,0,https://www.inaturalist.org/observations/129575818,"2024-06-03 09:36:06"
8450,131083,caterpillar,superfamily,Tenthredinoidea,bee,0,1,4,1,https://www.inaturalist.org/observations/129574746,"2024-06-03 09:36:06"
8451,131009,other,family,Geometridae,moths,0,0,1,0,https://www.inaturalist.org/observations/129550914,"2024-06-03 09:39:06"
8452,130822,other,order,Lepidoptera,caterpillar,0,0,1,0,https://www.inaturalist.org/observations/129454689,"2024-06-03 09:42:06"
8453,130511,other,family,Tingidae,truebugs,0,0,2,0,https://www.inaturalist.org/observations/129297608,"2024-06-03 09:45:07"
8454,130008,truebugs,family,Reduviidae,truebugs,0,0,2,0,https://www.inaturalist.org/observations/128967379,"2024-06-03 09:51:06"
8455,129808,beetle,genus,Rhagonycha,beetle,0,0,4,0,https://www.inaturalist.org/observations/128446767,"2024-06-03 09:57:05"
8456,129605,other,order,Psocodea,Psocodea,0,0,2,0,https://www.inaturalist.org/observations/128184313,"2024-05-27 09:27:05"
8457,129404,truebugs,family,Reduviidae,truebugs,0,0,2,0,https://www.inaturalist.org/observations/128138678,"2024-05-27 09:33:05"
8458,128512,aphid,family,Aphididae,aphid,0,0,2,0,https://www.inaturalist.org/observations/127366332,"2024-05-27 09:42:05"
8459,127736,truebugs,family,Miridae,truebugs,0,0,2,0,https://www.inaturalist.org/observations/127022451,"2024-05-27 09:54:06"
8460,126850,bee,subclass,Pterygota,fly,0,0,2,1,https://www.inaturalist.org/observations/126358878,"2024-05-20 09:42:05"
8461,126828,fly,infraorder,Tipulomorpha,fly,0,0,2,0,https://www.inaturalist.org/observations/126352546,"2024-05-20 09:45:05"
8462,126735,beetle,family,Elateridae,beetle,0,0,2,0,https://www.inaturalist.org/observations/126337436,"2024-05-20 09:45:05"
8463,126656,unidentified,family,Coccinellidae,beetle,0,0,1,0,https://www.inaturalist.org/observations/126218046,"2024-05-20 09:48:05"
8464,126219,aphid,family,Aphididae,aphid,0,0,2,0,https://www.inaturalist.org/observations/126083809,"2024-05-20 09:54:05"
8465,126052,unidentified,suborder,Hemerobiiformia,Neuroptera,0,0,1,0,https://www.inaturalist.org/observations/126061828,"2024-05-20 09:57:05"
8466,125684,spider,genus,Colonus,spider,0,0,2,0,https://www.inaturalist.org/observations/125925278,"2024-05-13 09:36:04"
8467,125606,other,order,Psocodea,Psocodea,0,0,1,0,https://www.inaturalist.org/observations/125823394,"2024-05-13 09:39:04"
8468,125602,truebugs,family,Miridae,truebugs,0,0,2,0,https://www.inaturalist.org/observations/125822140,"2024-05-13 09:39:04"
8469,120296,caterpillar,family,Geometridae,caterpillar,0,0,2,0,https://www.inaturalist.org/observations/123120801,"2023-08-07 09:57:05"
8470,120207,moths,subclass,Pterygota,Neuroptera,0,0,2,1,https://www.inaturalist.org/observations/123115211,"2023-08-07 09:57:05"
8471,119789,beetle,family,Elateridae,beetle,0,0,2,0,https://www.inaturalist.org/observations/122993053,"2023-07-31 09:48:05"
8472,119687,moths,subclass,Pterygota,Neuroptera,0,0,2,1,https://www.inaturalist.org/observations/122965199,"2023-07-31 09:54:06"
8473,119686,fly,family,Chironomidae,fly,0,0,2,0,https://www.inaturalist.org/observations/122964809,"2023-07-31 09:54:06"
8474,119604,beetle,family,Chrysomelidae,beetle,0,0,2,0,https://www.inaturalist.org/observations/122953368,"2023-07-31 09:54:06"
8475,119091,beetle,family,Chrysomelidae,beetle,0,0,2,0,https://www.inaturalist.org/observations/122824566,"2023-07-24 09:30:07"
8476,115885,beetle,genus,Photinus,beetle,0,0,3,0,https://www.inaturalist.org/observations/122296907,"2023-07-24 09:36:09"
8477,118421,caterpillar,family,Geometridae,caterpillar,0,0,2,0,https://www.inaturalist.org/observations/122211151,"2023-07-24 09:39:05"
8478,117969,unidentified,suborder,Symphyta,bee,0,1,1,0,https://www.inaturalist.org/observations/122085534,"2023-07-24 09:48:05"
8479,117175,beetle,family,Elateridae,beetle,0,0,2,0,https://www.inaturalist.org/observations/121877884,"2023-07-24 09:57:05"
8480,115450,beetle,species,"Photinus pyralis",beetle,0,0,4,0,https://www.inaturalist.org/observations/121097142,"2023-07-17 09:39:05"
8481,114846,fly,class,Insecta,fly,0,0,1,0,https://www.inaturalist.org/observations/120819598,"2023-07-17 09:51:05"
8482,114818,fly,family,Chironomidae,fly,0,0,2,0,https://www.inaturalist.org/observations/120813702,"2023-07-17 09:54:06"
8483,114663,fly,family,Chironomidae,fly,0,0,2,0,https://www.inaturalist.org/observations/120726997,"2023-07-17 09:54:06"
8484,113257,bee,suborder,Symphyta,bee,0,1,1,0,https://www.inaturalist.org/observations/120012319,"2023-07-10 09:33:05"
8485,112698,other,order,Psocodea,Psocodea,0,0,1,0,https://www.inaturalist.org/observations/119875443,"2023-07-10 09:36:08"
8486,112426,fly,family,Chironomidae,fly,0,0,2,0,https://www.inaturalist.org/observations/119782752,"2023-07-10 09:39:05"
8487,112388,fly,family,Chironomidae,fly,0,0,2,0,https://www.inaturalist.org/observations/119771250,"2023-07-10 09:39:05"
8488,110369,fly,family,Culicidae,fly,0,0,2,0,https://www.inaturalist.org/observations/118914266,"2023-07-03 09:33:07"
8489,109877,fly,family,Chironomidae,fly,0,0,2,0,https://www.inaturalist.org/observations/118782254,"2023-07-03 09:39:05"
8490,109612,beetle,subfamily,Melolonthinae,beetle,0,0,2,0,https://www.inaturalist.org/observations/118654458,"2023-07-03 09:42:06"
8491,108862,beetle,family,Elateridae,beetle,0,0,2,0,https://www.inaturalist.org/observations/118508688,"2023-07-03 09:51:05"
8492,108765,fly,species,"Bibio articulatus",fly,0,0,4,0,https://www.inaturalist.org/observations/118425144,"2023-07-03 09:51:05"
8493,108656,fly,family,Chironomidae,fly,0,0,2,0,https://www.inaturalist.org/observations/118413956,"2023-07-03 09:54:06"
8494,108613,fly,family,Mycetophilidae,fly,0,0,2,0,https://www.inaturalist.org/observations/118407309,"2023-07-03 09:54:06"
8495,107578,fly,family,Chironomidae,fly,0,0,2,0,https://www.inaturalist.org/observations/118332726,"2023-06-26 09:36:06"
8496,107576,fly,family,Chironomidae,fly,0,0,2,0,https://www.inaturalist.org/observations/118332535,"2023-06-26 09:36:06"
8497,107547,fly,family,Chironomidae,fly,0,0,2,0,https://www.inaturalist.org/observations/118331288,"2023-06-26 09:36:06"
8498,106938,fly,family,Chironomidae,fly,0,0,2,0,https://www.inaturalist.org/observations/118311050,"2023-06-26 09:39:06"
8499,106937,fly,family,Chironomidae,fly,0,0,2,0,https://www.inaturalist.org/observations/118310674,"2023-06-26 09:39:06"
8500,106936,fly,family,Chironomidae,fly,0,0,2,0,https://www.inaturalist.org/observations/118310394,"2023-06-26 09:39:06"
8501,106914,fly,family,Chironomidae,fly,0,0,2,0,https://www.inaturalist.org/observations/118304573,"2023-06-26 09:42:06"
8502,106907,fly,order,Diptera,fly,0,0,3,0,https://www.inaturalist.org/observations/118302101,"2023-06-26 09:42:06"
8503,106008,beetle,genus,Chilocorus,beetle,0,0,3,0,https://www.inaturalist.org/observations/118208548,"2023-06-26 09:51:05"
8504,105811,fly,species,"Dilophus spinipes",fly,0,0,4,0,https://www.inaturalist.org/observations/118189645,"2023-06-26 09:54:05"
8505,105556,caterpillar,superfamily,Tenthredinoidea,bee,0,1,3,1,https://www.inaturalist.org/observations/118164043,"2023-06-26 09:57:06"
8506,102617,caterpillar,family,Geometridae,caterpillar,0,0,2,0,https://www.inaturalist.org/observations/90663378,"2023-06-19 09:54:05"
8507,100528,beetle,family,Coccinellidae,beetle,0,0,2,0,https://www.inaturalist.org/observations/88733829,"2023-06-12 09:42:06"
8508,100500,beetle,family,Elateridae,beetle,0,0,2,0,https://www.inaturalist.org/observations/88695375,"2023-06-12 09:45:06"
8509,99776,fly,family,Lauxaniidae,fly,0,0,2,0,https://www.inaturalist.org/observations/88253434,"2023-06-12 09:48:05"
8510,99205,fly,family,Chironomidae,fly,0,0,2,0,https://www.inaturalist.org/observations/87995950,"2023-06-12 09:54:05"
8511,99179,spider,order,Araneae,spider,0,0,2,0,https://www.inaturalist.org/observations/87990017,"2023-06-12 09:54:05"
8512,98963,beetle,family,Elateridae,beetle,0,0,2,0,https://www.inaturalist.org/observations/87856687,"2023-06-12 09:57:05"
8513,96772,other,family,Chrysopidae,Neuroptera,0,0,2,0,https://www.inaturalist.org/observations/86286391,"2023-06-05 09:51:05"
8514,95619,fly,complex,"Condylostylus caudatus",fly,0,0,3,0,https://www.inaturalist.org/observations/85771204,"2023-05-29 09:36:05"
8515,95612,fly,family,Chironomidae,fly,0,0,2,0,https://www.inaturalist.org/observations/85770056,"2023-05-29 09:36:05"
8516,94090,fly,family,Lauxaniidae,fly,0,0,2,0,https://www.inaturalist.org/observations/84872943,"2023-05-29 09:45:06"
8517,93143,beetle,genus,Photinus,beetle,0,0,4,0,https://www.inaturalist.org/observations/84419486,"2023-05-29 09:54:06"
8518,90334,caterpillar,subclass,Pterygota,bee,0,1,2,1,https://www.inaturalist.org/observations/83149960,"2023-05-22 09:51:06"
8519,90195,caterpillar,family,Tortricidae,caterpillar,0,0,2,0,https://www.inaturalist.org/observations/83133813,"2023-05-22 09:51:06"
8520,89811,aphid,family,Pentatomidae,truebugs,0,0,3,1,https://www.inaturalist.org/observations/83002657,"2023-05-15 09:36:05"
8521,89351,beetle,family,Elateridae,beetle,0,0,2,0,https://www.inaturalist.org/observations/82550698,"2023-05-15 09:39:06"
8522,88591,spider,order,Araneae,spider,0,0,2,0,https://www.inaturalist.org/observations/82282205,"2023-05-15 09:51:05"
8523,132990,spider,family,Araneidae,spider,0,0,2,0,https://www.inaturalist.org/observations/135299171,"2024-06-10 09:30:06"
8524,131912,other,order,Trombidiformes,Trombidiformes,0,0,1,0,https://www.inaturalist.org/observations/132401452,"2024-06-10 09:45:08"
8525,130538,bee,species,"Macremphytus testaceus",bee,0,1,2,0,https://www.inaturalist.org/observations/129303336,"2024-06-03 09:42:06"
8526,110627,caterpillar,superfamily,Tenthredinoidea,bee,0,1,3,1,https://www.inaturalist.org/observations/118938339,"2023-07-10 09:57:05"
8527,109635,spider,family,Dictynidae,spider,0,0,2,0,https://www.inaturalist.org/observations/118662849,"2023-07-03 09:42:06"
8528,94648,spider,genus,Hentzia,spider,0,0,3,0,https://www.inaturalist.org/observations/85089779,"2023-05-29 09:42:05"
8529,92963,spider,order,Araneae,spider,0,0,2,0,https://www.inaturalist.org/observations/84300874,"2023-05-29 09:57:05"
8530,92203,spider,species,"Lyssomanes viridis",spider,0,0,3,0,https://www.inaturalist.org/observations/84062625,"2023-05-22 09:21:05"
8531,88873,spider,family,Thomisidae,spider,0,0,2,0,https://www.inaturalist.org/observations/82418339,"2023-05-15 09:45:05"
8532,87674,unidentified,family,Syrphidae,fly,0,0,1,0,https://www.inaturalist.org/observations/81560331,"2023-05-08 09:54:05"
8533,131876,caterpillar,species,"Cecrita guttivitta",caterpillar,0,0,3,0,https://www.inaturalist.org/observations/132345109,"2024-06-10 09:45:08"
8534,131339,caterpillar,family,Geometridae,caterpillar,0,0,2,0,https://www.inaturalist.org/observations/130286011,"2024-06-10 09:57:05"
8535,131148,caterpillar,species,"Halysidota tessellaris",caterpillar,0,0,3,0,https://www.inaturalist.org/observations/129668617,"2024-06-03 09:36:06"
8536,130254,unidentified,order,Psocodea,Psocodea,0,0,1,0,https://www.inaturalist.org/observations/129021769,"2024-06-03 09:48:06"
8537,124255,caterpillar,species,"Antaeotricha schlaegeri",caterpillar,0,0,2,0,https://www.inaturalist.org/observations/125162037,"2024-05-13 09:51:03"
8538,122664,spider,species,"Mecynogea lemniscata",spider,0,0,3,0,https://www.inaturalist.org/observations/124268500,"2024-05-06 09:57:04"
8539,122467,caterpillar,family,Geometridae,caterpillar,0,0,2,0,https://www.inaturalist.org/observations/124160535,"2023-11-13 09:57:05"
8540,120559,spider,genus,Wulfila,spider,0,0,2,0,https://www.inaturalist.org/observations/123239534,"2023-08-07 09:51:05"
8541,119048,spider,species,"Wulfila albens",spider,0,0,3,0,https://www.inaturalist.org/observations/122820106,"2023-07-24 09:30:07"
8542,118665,spider,genus,Colonus,spider,0,0,2,0,https://www.inaturalist.org/observations/122646566,"2023-07-24 09:36:08"
8543,115884,spider,order,Opiliones,daddylonglegs,0,0,3,1,https://www.inaturalist.org/observations/122296638,"2023-07-24 09:36:09"
8544,118108,spider,genus,Wulfila,spider,0,0,2,0,https://www.inaturalist.org/observations/122167480,"2023-07-24 09:45:06"
8545,111328,caterpillar,superfamily,Noctuoidea,caterpillar,0,0,2,0,https://www.inaturalist.org/observations/119451931,"2023-07-10 09:51:05"
8546,110105,beetle,family,Chrysomelidae,beetle,0,0,2,0,https://www.inaturalist.org/observations/118809727,"2023-07-03 09:36:06"
8547,109878,spider,genus,Wulfila,spider,0,0,2,0,https://www.inaturalist.org/observations/118782607,"2023-07-03 09:39:05"
8548,109842,spider,genus,Wulfila,spider,0,0,2,0,https://www.inaturalist.org/observations/118777438,"2023-07-03 09:39:05"
8549,106726,spider,genus,Araneus,spider,0,0,3,0,https://www.inaturalist.org/observations/118275585,"2023-06-26 09:45:06"
8550,101112,spider,tribe,Dendryphantini,spider,0,0,3,0,https://www.inaturalist.org/observations/89195220,"2023-06-12 09:33:05"
8551,100884,spider,genus,Colonus,spider,0,0,2,0,https://www.inaturalist.org/observations/89053328,"2023-06-12 09:36:06"
8552,100504,spider,superfamily,Thomisoidea,spider,0,0,2,0,https://www.inaturalist.org/observations/88700194,"2023-06-12 09:45:06"
8553,100497,spider,species,"Lyssomanes viridis",spider,0,0,3,0,https://www.inaturalist.org/observations/88691956,"2023-06-12 09:45:06"
8554,100495,spider,species,"Lyssomanes viridis",spider,0,0,3,0,https://www.inaturalist.org/observations/88691234,"2023-06-12 09:45:06"
8555,99451,spider,genus,Wulfila,spider,0,0,2,0,https://www.inaturalist.org/observations/88124550,"2023-06-12 09:51:06"
8556,91175,ant,subgenus,Myrmentoma,ant,0,0,2,0,https://www.inaturalist.org/observations/87174010,"2023-06-05 09:30:06"
8557,97332,spider,family,Araneidae,spider,0,0,2,0,https://www.inaturalist.org/observations/86855626,"2023-06-05 09:42:05"
8558,97170,spider,family,Thomisidae,spider,0,0,2,0,https://www.inaturalist.org/observations/86714485,"2023-06-05 09:45:05"
8559,94896,spider,genus,Tmarus,spider,0,0,2,0,https://www.inaturalist.org/observations/85219696,"2023-05-29 09:39:06"
8560,93231,spider,family,Theridiidae,spider,0,0,2,0,https://www.inaturalist.org/observations/84427683,"2023-05-29 09:54:06"
8561,91841,ant,subgenus,Crematogaster,ant,0,0,2,0,https://www.inaturalist.org/observations/83952298,"2023-05-22 09:27:06"
8562,91733,spider,genus,Wulfila,spider,0,0,2,0,https://www.inaturalist.org/observations/83940183,"2023-05-22 09:27:06"
8563,90990,spider,genus,Wulfila,spider,0,0,2,0,https://www.inaturalist.org/observations/83384322,"2023-05-22 09:39:06"
8564,90978,spider,genus,Wulfila,spider,0,0,2,0,https://www.inaturalist.org/observations/83382835,"2023-05-22 09:39:06"
8565,90578,caterpillar,family,Geometridae,caterpillar,0,0,2,0,https://www.inaturalist.org/observations/83167682,"2023-05-22 09:48:05"
8566,88043,spider,genus,Wulfila,spider,0,0,2,0,https://www.inaturalist.org/observations/81855397,"2023-05-08 09:51:05"
8567,121563,other,genus,Chrysoperla,Neuroptera,0,0,2,0,https://www.inaturalist.org/observations/123840912,"2023-08-21 09:54:04"
8568,121511,caterpillar,species,"Acronicta americana",caterpillar,0,0,3,0,https://www.inaturalist.org/observations/123834287,"2023-08-21 09:57:04"
8569,118268,beetle,family,Chrysomelidae,beetle,0,0,2,0,https://www.inaturalist.org/observations/122184818,"2023-07-24 09:42:05"
8570,110058,bee,suborder,Apocrita,bee,0,0,3,0,https://www.inaturalist.org/observations/118799540,"2023-07-03 09:36:06"
8571,105373,spider,family,Dictynidae,spider,0,0,2,0,https://www.inaturalist.org/observations/118152101,"2023-06-19 09:24:06"
8572,95025,spider,species,"Araneus niveus",spider,0,0,2,0,https://www.inaturalist.org/observations/85270421,"2023-05-29 09:36:05"
8573,91923,spider,species,"Leucauge venusta",spider,0,0,3,0,https://www.inaturalist.org/observations/83961714,"2023-05-22 09:24:05"
8574,91305,beetle,species,"Photinus pyralis",beetle,0,0,4,0,https://www.inaturalist.org/observations/83515459,"2023-05-22 09:33:06"
8575,132934,spider,genus,Clubiona,spider,0,0,2,0,https://www.inaturalist.org/observations/135184217,"2024-06-10 09:33:06"
8576,129768,spider,genus,Philodromus,spider,0,0,2,0,https://www.inaturalist.org/observations/128318405,"2024-06-03 09:57:05"
8577,124143,spider,genus,Tmarus,spider,0,0,2,0,https://www.inaturalist.org/observations/125077078,"2024-05-13 09:54:04"
8578,123971,spider,family,Salticidae,spider,0,0,2,0,https://www.inaturalist.org/observations/125032733,"2024-05-06 09:42:04"
8579,122033,bee,genus,Caliroa,bee,0,1,2,0,https://www.inaturalist.org/observations/123993544,"2023-09-04 09:57:05"
8580,120416,bee,genus,Caliroa,bee,0,1,2,0,https://www.inaturalist.org/observations/123218219,"2023-08-07 09:54:04"
8581,119795,bee,genus,Caliroa,bee,0,1,1,0,https://www.inaturalist.org/observations/122994133,"2023-07-31 09:48:05"
8582,119684,bee,genus,Caliroa,bee,0,1,2,0,https://www.inaturalist.org/observations/122963966,"2023-07-31 09:54:06"
8583,119546,bee,genus,Caliroa,bee,0,1,1,0,https://www.inaturalist.org/observations/122948368,"2023-07-31 09:57:05"
8584,119399,spider,family,Thomisidae,spider,0,0,2,0,https://www.inaturalist.org/observations/122875448,"2023-07-31 09:57:05"
8585,112543,spider,family,Araneidae,spider,0,0,2,0,https://www.inaturalist.org/observations/119816594,"2023-07-10 09:36:08"
8586,109555,spider,family,Anyphaenidae,spider,0,0,2,0,https://www.inaturalist.org/observations/118586195,"2023-07-03 09:42:06"
8587,103790,grasshopper,genus,Hapithus,grasshopper,0,0,2,0,https://www.inaturalist.org/observations/93155167,"2023-06-19 09:36:06"
8588,103786,grasshopper,genus,Hapithus,grasshopper,0,0,2,0,https://www.inaturalist.org/observations/93153193,"2023-06-19 09:36:06"
8589,95131,grasshopper,family,Tettigoniidae,grasshopper,0,0,2,0,https://www.inaturalist.org/observations/85387065,"2023-05-29 09:36:05"
8590,94659,grasshopper,stateofmatter,Life,grasshopper,0,0,1,0,https://www.inaturalist.org/observations/85085628,"2023-05-29 09:42:05"
8591,132983,fly,suborder,Apocrita,bee,0,0,4,1,https://www.inaturalist.org/observations/135297126,"2024-06-10 09:30:06"
8592,132696,bee,suborder,Apocrita,bee,0,0,3,0,https://www.inaturalist.org/observations/134291746,"2024-06-10 09:36:06"
8593,127650,spider,family,Salticidae,spider,0,0,3,0,https://www.inaturalist.org/observations/126980564,"2024-05-27 09:54:06"
8594,127580,spider,order,Araneae,spider,0,0,2,0,https://www.inaturalist.org/observations/126969694,"2024-05-27 09:57:06"
8595,119571,beetle,family,Chrysomelidae,beetle,0,0,2,0,https://www.inaturalist.org/observations/122950199,"2023-07-31 09:57:05"
8596,117172,bee,genus,Caliroa,bee,0,1,1,0,https://www.inaturalist.org/observations/121876718,"2023-07-24 09:57:05"
8597,117095,bee,genus,Caliroa,bee,0,1,1,0,https://www.inaturalist.org/observations/121870887,"2023-07-17 09:21:06"
8598,115515,grasshopper,subfamily,Melanoplinae,grasshopper,0,0,2,0,https://www.inaturalist.org/observations/121108143,"2023-07-17 09:39:05"
8599,132022,spider,genus,Theridion,spider,0,0,2,0,https://www.inaturalist.org/observations/132498877,"2024-06-10 09:42:07"
8600,131715,spider,family,Dictynidae,spider,0,0,2,0,https://www.inaturalist.org/observations/131453925,"2024-06-10 09:51:05"
8601,129753,ant,genus,Camponotus,ant,0,0,2,0,https://www.inaturalist.org/observations/128306920,"2024-05-27 09:24:06"
8602,121546,spider,family,Salticidae,spider,0,0,3,0,https://www.inaturalist.org/observations/123837481,"2023-08-21 09:57:04"
8603,111373,fly,superfamily,Sciaroidea,fly,0,0,2,0,https://www.inaturalist.org/observations/119467877,"2023-07-10 09:48:05"
8604,109294,fly,superfamily,Sciaroidea,fly,0,0,2,0,https://www.inaturalist.org/observations/118547472,"2023-07-03 09:48:06"
8605,108281,spider,family,Clubionidae,spider,0,0,2,0,https://www.inaturalist.org/observations/118354368,"2023-06-26 09:27:06"
8606,90326,spider,family,Thomisidae,spider,0,0,2,0,https://www.inaturalist.org/observations/83149220,"2023-05-22 09:51:06"
8607,131255,beetle,subfamily,Cryptocephalinae,beetle,0,0,2,0,https://www.inaturalist.org/observations/130240037,"2024-06-03 09:36:06"
8608,130836,spider,stateofmatter,Life,spider,0,0,1,0,https://www.inaturalist.org/observations/129457147,"2024-06-03 09:42:06"
8609,130825,spider,species,"Lyssomanes viridis",spider,0,0,3,0,https://www.inaturalist.org/observations/129455294,"2024-06-03 09:42:06"
8610,130810,spider,suborder,Araneomorphae,spider,0,0,2,0,https://www.inaturalist.org/observations/129451663,"2024-06-03 09:42:06"
8611,130034,ant,genus,Myrmica,ant,0,0,3,0,https://www.inaturalist.org/observations/128610699,"2024-06-03 09:51:06"
8612,129934,spider,suborder,Araneomorphae,spider,0,0,2,0,https://www.inaturalist.org/observations/128468307,"2024-06-03 09:54:05"
8613,129930,spider,genus,Tmarus,spider,0,0,2,0,https://www.inaturalist.org/observations/128467611,"2024-06-03 09:54:05"
8614,129868,spider,suborder,Araneomorphae,spider,0,0,2,0,https://www.inaturalist.org/observations/128454145,"2024-06-03 09:54:05"
8615,129091,spider,genus,Metepeira,spider,0,0,2,0,https://www.inaturalist.org/observations/127988662,"2024-05-27 09:36:05"
8616,126690,spider,suborder,Araneomorphae,spider,0,0,2,0,https://www.inaturalist.org/observations/126252265,"2024-05-20 09:48:05"
8617,126688,spider,stateofmatter,Life,spider,0,0,1,0,https://www.inaturalist.org/observations/126251418,"2024-05-20 09:48:05"
8618,126687,spider,suborder,Araneomorphae,spider,0,0,2,0,https://www.inaturalist.org/observations/126251030,"2024-05-20 09:48:05"
8619,124484,spider,stateofmatter,Life,spider,0,0,1,0,https://www.inaturalist.org/observations/125213804,"2024-05-13 09:51:03"
8620,124482,spider,stateofmatter,Life,spider,0,0,1,0,https://www.inaturalist.org/observations/125213493,"2024-05-13 09:51:03"
8621,124450,spider,suborder,Araneomorphae,spider,0,0,2,0,https://www.inaturalist.org/observations/125211752,"2024-05-13 09:51:03"
8622,124426,spider,stateofmatter,Life,spider,0,0,1,0,https://www.inaturalist.org/observations/125208535,"2024-05-13 09:51:03"
8623,114924,fly,superfamily,Tipuloidea,fly,0,0,2,0,https://www.inaturalist.org/observations/120846090,"2023-07-17 09:48:05"
8624,113333,caterpillar,superfamily,Tenthredinoidea,bee,0,1,3,1,https://www.inaturalist.org/observations/120018882,"2023-07-10 09:30:07"
8625,109989,ant,complex,"Formica fusca",ant,0,0,2,0,https://www.inaturalist.org/observations/118793058,"2023-07-03 09:39:05"
8626,108568,caterpillar,superfamily,Tenthredinoidea,bee,0,1,3,1,https://www.inaturalist.org/observations/118390646,"2023-07-03 09:57:05"
8627,99158,spider,genus,Philodromus,spider,0,0,2,0,https://www.inaturalist.org/observations/87987632,"2023-06-12 09:54:05"
8628,99153,spider,family,Salticidae,spider,0,0,2,0,https://www.inaturalist.org/observations/87986368,"2023-06-12 09:54:05"
8629,92658,spider,genus,Eustala,spider,0,0,2,0,https://www.inaturalist.org/observations/84181026,"2023-05-22 09:12:05"
8630,92618,spider,order,Araneae,spider,0,0,2,0,https://www.inaturalist.org/observations/84173170,"2023-05-22 09:15:05"
8631,92062,spider,family,Salticidae,spider,0,0,2,0,https://www.inaturalist.org/observations/84047735,"2023-05-22 09:24:05"
8632,91011,spider,genus,Araneus,spider,0,0,2,0,https://www.inaturalist.org/observations/83386746,"2023-05-22 09:39:06"
8633,90172,spider,genus,Philodromus,spider,0,0,2,0,https://www.inaturalist.org/observations/83131015,"2023-05-22 09:54:05"
8634,89197,spider,family,Thomisidae,spider,0,0,2,0,https://www.inaturalist.org/observations/82540668,"2023-05-15 09:42:05"
8635,132948,spider,family,Dictynidae,spider,0,0,2,0,https://www.inaturalist.org/observations/135240018,"2024-06-10 09:33:06"
8636,132946,spider,family,Dictynidae,spider,0,0,2,0,https://www.inaturalist.org/observations/135239694,"2024-06-10 09:33:06"
8637,132727,spider,genus,Philodromus,spider,0,0,2,0,https://www.inaturalist.org/observations/134301093,"2024-06-10 09:36:06"
8638,132726,spider,family,Dictynidae,spider,0,0,2,0,https://www.inaturalist.org/observations/134300750,"2024-06-10 09:36:06"
8639,132717,spider,family,Philodromidae,spider,0,0,3,0,https://www.inaturalist.org/observations/134298044,"2024-06-10 09:36:06"
8640,132713,spider,family,Philodromidae,spider,0,0,2,0,https://www.inaturalist.org/observations/134296765,"2024-06-10 09:36:06"
8641,132707,spider,family,Dictynidae,spider,0,0,2,0,https://www.inaturalist.org/observations/134294593,"2024-06-10 09:36:06"
8642,132698,spider,species,"Leucauge venusta",spider,0,0,3,0,https://www.inaturalist.org/observations/134292195,"2024-06-10 09:36:06"
8643,132614,spider,family,Anyphaenidae,spider,0,0,2,0,https://www.inaturalist.org/observations/133681660,"2024-06-10 09:39:06"
8644,132326,spider,family,Dictynidae,spider,0,0,2,0,https://www.inaturalist.org/observations/132814121,"2024-06-10 09:42:07"
8645,126852,fly,family,Dolichopodidae,fly,0,0,3,0,https://www.inaturalist.org/observations/126359572,"2024-05-20 09:42:05"
8646,126744,fly,tribe,Dolichopodini,fly,0,0,3,0,https://www.inaturalist.org/observations/126339831,"2024-05-20 09:45:05"
8647,126742,fly,genus,Gymnopternus,fly,0,0,3,0,https://www.inaturalist.org/observations/126339185,"2024-05-20 09:45:05"
8648,126740,fly,tribe,Dolichopodini,fly,0,0,3,0,https://www.inaturalist.org/observations/126338589,"2024-05-20 09:45:05"
8649,126201,fly,genus,Gymnopternus,fly,0,0,3,0,https://www.inaturalist.org/observations/126077855,"2024-05-20 09:54:05"
8650,124892,fly,genus,Gymnopternus,fly,0,0,3,0,https://www.inaturalist.org/observations/125346850,"2024-05-13 09:42:04"
8651,124878,fly,genus,Gymnopternus,fly,0,0,3,0,https://www.inaturalist.org/observations/125342157,"2024-05-13 09:42:04"
8652,124625,fly,tribe,Diaphorini,fly,0,0,3,0,https://www.inaturalist.org/observations/125301748,"2024-05-13 09:48:04"
8653,124572,fly,subfamily,Dolichopodinae,fly,0,0,3,0,https://www.inaturalist.org/observations/125298193,"2024-05-13 09:48:04"
8654,124116,fly,tribe,Diaphorini,fly,0,0,3,0,https://www.inaturalist.org/observations/125066795,"2024-05-13 09:54:04"
8655,124105,fly,tribe,Diaphorini,fly,0,0,3,0,https://www.inaturalist.org/observations/125062213,"2024-05-13 09:54:04"
8656,124104,fly,genus,Gymnopternus,fly,0,0,3,0,https://www.inaturalist.org/observations/125061835,"2024-05-13 09:54:04"
8657,124040,fly,genus,Condylostylus,fly,0,0,3,0,https://www.inaturalist.org/observations/125041461,"2024-05-13 09:57:04"
8658,117351,fly,tribe,Diaphorini,fly,0,0,3,0,https://www.inaturalist.org/observations/121923965,"2023-07-24 09:54:06"
8659,110902,unidentified,superfamily,Psylloidea,aphid,0,0,1,0,https://www.inaturalist.org/observations/118964358,"2023-07-10 09:54:05"
8660,110046,fly,tribe,Diaphorini,fly,0,0,3,0,https://www.inaturalist.org/observations/118796932,"2023-07-03 09:36:06"
8661,108829,fly,species,"Bibio articulatus",fly,0,0,3,0,https://www.inaturalist.org/observations/118433058,"2023-07-03 09:51:05"
8662,104811,spider,family,Dictynidae,spider,0,0,2,0,https://www.inaturalist.org/observations/96386392,"2023-06-19 09:27:05"
8663,91177,ant,species,"Tapinoma sessile",ant,0,0,2,0,https://www.inaturalist.org/observations/87172148,"2023-06-05 09:30:06"
8664,96158,ant,phylum,Arthropoda,ant,0,0,1,0,https://www.inaturalist.org/observations/87170654,"2023-06-05 09:33:06"
8665,97993,fly,tribe,Dolichopodini,fly,0,0,3,0,https://www.inaturalist.org/observations/86989907,"2023-06-05 09:33:06"
8666,92621,fly,genus,Condylostylus,fly,0,0,3,0,https://www.inaturalist.org/observations/84174026,"2023-05-22 09:15:05"
8667,92462,fly,genus,Rivellia,fly,0,0,2,0,https://www.inaturalist.org/observations/84105531,"2023-05-22 09:18:05"
8668,89621,fly,family,Dolichopodidae,fly,0,0,3,0,https://www.inaturalist.org/observations/82673929,"2023-05-15 09:39:06"
8669,128449,fly,subclass,Pterygota,fly,0,0,1,0,https://www.inaturalist.org/observations/127354641,"2024-05-27 09:45:06"
8670,127587,spider,superfamily,Thomisoidea,spider,0,0,2,0,https://www.inaturalist.org/observations/126971623,"2024-05-27 09:57:06"
8671,127558,spider,genus,Tmarus,spider,0,0,2,0,https://www.inaturalist.org/observations/126963846,"2024-05-27 09:57:06"
8672,127492,spider,order,Araneae,spider,0,0,2,0,https://www.inaturalist.org/observations/126951080,"2024-05-20 09:33:05"
8673,127041,unidentified,family,Tingidae,truebugs,0,0,1,0,https://www.inaturalist.org/observations/126484656,"2024-05-20 09:36:05"
8674,126180,spider,order,Araneae,spider,0,0,2,0,https://www.inaturalist.org/observations/126075805,"2024-05-20 09:54:05"
8675,124743,other,order,Thysanoptera,Thysanoptera,0,0,1,0,https://www.inaturalist.org/observations/125319033,"2024-05-13 09:45:04"
8676,123670,unidentified,genus,Oecanthus,grasshopper,0,0,3,0,https://www.inaturalist.org/observations/124905457,"2024-05-06 09:45:04"
8677,121776,spider,family,Thomisidae,spider,0,0,2,0,https://www.inaturalist.org/observations/123892112,"2023-08-28 09:57:04"
8678,118046,unidentified,suborder,Auchenorrhyncha,leafhopper,0,0,1,0,https://www.inaturalist.org/observations/122161051,"2023-07-24 09:45:06"
8679,114234,unidentified,order,Lepidoptera,moths,0,0,1,0,https://www.inaturalist.org/observations/120565796,"2023-07-10 09:24:05"
8680,89009,spider,species,"Enoplognatha ovata",spider,0,0,3,0,https://www.inaturalist.org/observations/82438165,"2023-05-15 09:42:05"
8681,127548,spider,infraorder,Entelegynae,spider,0,0,2,0,https://www.inaturalist.org/observations/126961342,"2024-05-27 09:57:06"
8682,124879,ant,complex,"Formica fusca",ant,0,0,2,0,https://www.inaturalist.org/observations/125342600,"2024-05-13 09:42:04"
8683,103186,truebugs,family,Rhopalidae,truebugs,0,0,2,0,https://www.inaturalist.org/observations/91571127,"2023-06-19 09:45:06"
8684,103161,truebugs,family,Rhopalidae,truebugs,0,0,2,0,https://www.inaturalist.org/observations/91556125,"2023-06-19 09:45:06"
8685,102293,caterpillar,family,Geometridae,caterpillar,0,0,2,0,https://www.inaturalist.org/observations/90174091,"2023-06-12 09:24:06"
8686,91249,caterpillar,order,Lepidoptera,caterpillar,0,0,2,0,https://www.inaturalist.org/observations/83508418,"2023-05-22 09:36:06"
8687,90072,other,phylum,Arthropoda,Polypodiales,0,0,1,0,https://www.inaturalist.org/observations/83037856,"2023-05-22 09:54:05"
8688,132917,bee,tribe,Camponotini,ant,0,0,2,1,https://www.inaturalist.org/observations/135176152,"2024-06-10 09:33:06"
8689,130920,spider,family,Dictynidae,spider,0,0,2,0,https://www.inaturalist.org/observations/129540115,"2024-06-03 09:39:06"
8690,130906,spider,family,Dictynidae,spider,0,0,2,0,https://www.inaturalist.org/observations/129539049,"2024-06-03 09:39:06"
8691,130187,unidentified,superfamily,Pentatomoidea,truebugs,0,0,1,0,https://www.inaturalist.org/observations/128999917,"2024-06-03 09:48:06"
8692,127639,leafhopper,suborder,Auchenorrhyncha,leafhopper,0,0,2,0,https://www.inaturalist.org/observations/126979077,"2024-05-27 09:54:06"
8693,127562,caterpillar,order,Lepidoptera,caterpillar,0,0,2,0,https://www.inaturalist.org/observations/126964762,"2024-05-27 09:57:06"
8694,127540,caterpillar,order,Lepidoptera,caterpillar,0,0,2,0,https://www.inaturalist.org/observations/126959124,"2024-05-27 09:57:06"
8695,126935,spider,family,Dictynidae,spider,0,0,2,0,https://www.inaturalist.org/observations/126375897,"2024-05-20 09:39:05"
8696,121639,beetle,order,Coleoptera,beetle,0,0,2,0,https://www.inaturalist.org/observations/123848376,"2023-08-21 09:54:04"
8697,114642,beetle,order,Coleoptera,beetle,1,0,2,0,https://www.inaturalist.org/observations/120723014,"2023-07-17 09:54:06"
8698,105945,beetle,genus,Anthrenus,beetle,1,0,2,0,https://www.inaturalist.org/observations/118203270,"2023-06-26 09:54:05"
8699,105934,beetle,order,Coleoptera,beetle,0,0,2,0,https://www.inaturalist.org/observations/118201651,"2023-06-26 09:54:05"
8700,104271,spider,family,Dictynidae,spider,0,0,2,0,https://www.inaturalist.org/observations/93880873,"2023-06-19 09:33:07"
8701,110047,fly,genus,Platypalpus,fly,0,0,3,0,https://www.inaturalist.org/observations/118797332,"2023-07-03 09:36:06"
8702,104143,fly,genus,Condylostylus,fly,0,0,3,0,https://www.inaturalist.org/observations/93610525,"2023-06-19 09:36:06"
8703,129878,caterpillar,family,Geometridae,caterpillar,0,0,2,0,https://www.inaturalist.org/observations/128455962,"2024-06-03 09:54:05"
8704,106913,fly,superfamily,Sciaroidea,fly,0,0,2,0,https://www.inaturalist.org/observations/118304092,"2023-06-26 09:42:06"
8705,106902,fly,superfamily,Sciaroidea,fly,0,0,2,0,https://www.inaturalist.org/observations/118301106,"2023-06-26 09:42:06"
8706,98355,fly,genus,Condylostylus,fly,0,0,3,0,https://www.inaturalist.org/observations/87287286,"2023-06-05 09:27:06"
8707,134252,beetle,species,"Harmonia axyridis",beetle,0,0,3,0,https://www.inaturalist.org/observations/159910031,"2024-06-17 09:57:07"
8708,134251,beetle,species,"Rhagonycha lineola",beetle,0,0,2,0,https://www.inaturalist.org/observations/159909261,"2024-06-17 09:57:07"
8709,134248,fly,genus,Rivellia,fly,0,0,2,0,https://www.inaturalist.org/observations/159909217,"2024-06-17 09:57:07"
8710,134246,beetle,genus,Cryptocephalus,beetle,0,0,3,0,https://www.inaturalist.org/observations/159908757,"2024-06-17 09:57:07"
8711,134245,ant,species,"Prenolepis imparis",ant,0,0,2,0,https://www.inaturalist.org/observations/159908202,"2024-06-17 09:57:07"
8712,134243,fly,superfamily,Sciaroidea,fly,0,0,2,0,https://www.inaturalist.org/observations/159907634,"2024-06-17 09:57:07"
8713,134244,fly,complex,"Condylostylus caudatus",fly,0,0,4,0,https://www.inaturalist.org/observations/159907065,"2024-06-17 09:57:07"
8714,134272,beetle,species,"Analeptura lineola",beetle,0,0,3,0,https://www.inaturalist.org/observations/159877612,"2024-06-17 09:57:07"
8715,134268,spider,species,"Leucauge venusta",spider,0,0,3,0,https://www.inaturalist.org/observations/159873930,"2024-06-17 09:57:07"
8716,134267,spider,subfamily,Salticinae,spider,0,0,2,0,https://www.inaturalist.org/observations/159873365,"2024-06-17 09:57:07"
8717,134261,fly,family,Chironomidae,fly,0,0,2,0,https://www.inaturalist.org/observations/159868975,"2024-06-17 09:57:07"
8718,134257,truebugs,family,Miridae,truebugs,0,0,2,0,https://www.inaturalist.org/observations/159867410,"2024-06-17 09:57:07"
8719,134241,caterpillar,species,"Malacosoma americana",caterpillar,0,0,3,0,https://www.inaturalist.org/observations/159778313,"2024-06-17 09:57:07"
8720,134182,ant,family,Formicidae,ant,0,0,2,0,https://www.inaturalist.org/observations/159776010,"2024-06-17 09:57:07"
8721,134179,fly,family,Chironomidae,fly,0,0,2,0,https://www.inaturalist.org/observations/159775381,"2024-06-17 09:57:07"
8722,134165,fly,order,Ephemeroptera,Ephemeroptera,0,0,3,1,https://www.inaturalist.org/observations/159773159,"2024-06-17 09:57:07"
8723,134163,fly,family,Dolichopodidae,fly,0,0,3,0,https://www.inaturalist.org/observations/159772346,"2024-06-17 09:57:07"
8724,134088,caterpillar,species,"Malacosoma americana",caterpillar,0,0,3,0,https://www.inaturalist.org/observations/159769217,"2024-06-17 09:57:07"
8725,134080,ant,species,"Prenolepis imparis",ant,0,0,3,0,https://www.inaturalist.org/observations/159768414,"2024-06-17 09:57:07"
8726,134078,spider,genus,Hibana,spider,0,0,2,0,https://www.inaturalist.org/observations/159767415,"2024-06-10 09:21:06"
8727,134076,leafhopper,subfamily,Smiliinae,leafhopper,0,0,2,0,https://www.inaturalist.org/observations/159766566,"2024-06-10 09:21:06"
8728,134073,beetle,species,"Harmonia axyridis",beetle,0,0,3,0,https://www.inaturalist.org/observations/159765693,"2024-06-10 09:21:06"
8729,134072,beetle,species,"Harmonia axyridis",beetle,1,0,3,0,https://www.inaturalist.org/observations/159765305,"2024-06-10 09:21:06"
8730,134069,beetle,species,"Harmonia axyridis",beetle,1,0,3,0,https://www.inaturalist.org/observations/159764147,"2024-06-10 09:21:06"
8731,134068,leafhopper,species,"Cyrtolobus maculifrontis",leafhopper,0,0,2,0,https://www.inaturalist.org/observations/159763737,"2024-06-10 09:21:06"
8732,134067,leafhopper,species,"Cyrtolobus maculifrontis",leafhopper,0,0,2,0,https://www.inaturalist.org/observations/159763265,"2024-06-10 09:21:06"
8733,134066,ant,species,"Prenolepis imparis",ant,0,0,3,0,https://www.inaturalist.org/observations/159762733,"2024-06-10 09:21:06"
8734,134065,ant,complex,"Formica fusca",ant,0,0,4,0,https://www.inaturalist.org/observations/159762394,"2024-06-10 09:21:06"
8735,134060,ant,subfamily,Formicinae,ant,0,0,2,0,https://www.inaturalist.org/observations/159759815,"2024-06-10 09:21:06"
8736,134058,ant,complex,"Formica fusca",ant,0,0,4,0,https://www.inaturalist.org/observations/159758733,"2024-06-10 09:21:06"
8737,134055,spider,genus,Philodromus,spider,0,0,2,0,https://www.inaturalist.org/observations/159757455,"2024-06-10 09:21:06"
8738,134046,ant,complex,"Formica fusca",ant,0,0,4,0,https://www.inaturalist.org/observations/159753952,"2024-06-10 09:21:06"
8740,134041,ant,species,"Camponotus pennsylvanicus",ant,0,0,3,0,https://www.inaturalist.org/observations/159751288,"2024-06-10 09:21:06"
8741,134038,beetle,species,"Harmonia axyridis",beetle,1,0,3,0,https://www.inaturalist.org/observations/159749818,"2024-06-10 09:21:06"
8742,134029,leafhopper,species,"Atymna querci",leafhopper,0,0,2,0,https://www.inaturalist.org/observations/159746056,"2024-06-10 09:21:06"
8743,134022,ant,species,"Prenolepis imparis",ant,0,0,3,0,https://www.inaturalist.org/observations/159742853,"2024-06-10 09:24:05"
8744,134019,beetle,species,"Harmonia axyridis",beetle,1,0,3,0,https://www.inaturalist.org/observations/159741770,"2024-06-10 09:24:05"
8745,134018,beetle,species,"Harmonia axyridis",beetle,0,0,3,0,https://www.inaturalist.org/observations/159741228,"2024-06-10 09:24:05"
8746,134013,beetle,species,"Harmonia axyridis",beetle,1,0,3,0,https://www.inaturalist.org/observations/159740546,"2024-06-10 09:24:05"
8747,133881,caterpillar,family,Geometridae,caterpillar,0,0,2,0,https://www.inaturalist.org/observations/159738472,"2024-06-10 09:24:05"
8748,133825,spider,species,"Lyssomanes viridis",spider,0,0,3,0,https://www.inaturalist.org/observations/159737594,"2024-06-10 09:24:05"
8749,133821,caterpillar,species,"Malacosoma americana",caterpillar,0,0,3,0,https://www.inaturalist.org/observations/159736483,"2024-06-10 09:24:05"
8750,133793,beetle,species,"Harmonia axyridis",beetle,1,0,3,0,https://www.inaturalist.org/observations/159734905,"2024-06-10 09:24:05"
8751,133788,ant,species,"Prenolepis imparis",ant,0,0,4,0,https://www.inaturalist.org/observations/159734256,"2024-06-10 09:24:05"
8752,133786,caterpillar,species,"Orgyia leucostigma",caterpillar,0,0,3,0,https://www.inaturalist.org/observations/159733634,"2024-06-10 09:24:05"
8753,133619,caterpillar,species,"Malacosoma disstria",caterpillar,0,0,3,0,https://www.inaturalist.org/observations/159733075,"2024-06-10 09:24:05"
8754,133615,caterpillar,species,"Malacosoma disstria",caterpillar,0,0,3,0,https://www.inaturalist.org/observations/159733012,"2024-06-10 09:24:05"
8755,133595,caterpillar,species,"Malacosoma disstria",caterpillar,0,0,3,0,https://www.inaturalist.org/observations/159732955,"2024-06-10 09:24:05"
8756,133535,spider,genus,Philodromus,spider,0,0,2,0,https://www.inaturalist.org/observations/159731792,"2024-06-10 09:24:05"
8757,133534,spider,genus,Hentzia,spider,0,0,3,0,https://www.inaturalist.org/observations/159731394,"2024-06-10 09:24:05"
8758,133531,spider,family,Dictynidae,spider,0,0,2,0,https://www.inaturalist.org/observations/159730186,"2024-06-10 09:24:05"
8759,133530,spider,family,Dictynidae,spider,0,0,2,0,https://www.inaturalist.org/observations/159730104,"2024-06-10 09:24:05"
8760,133527,fly,family,Chironomidae,fly,0,0,3,0,https://www.inaturalist.org/observations/159728657,"2024-06-10 09:24:05"
8761,133525,moths,species,"Promalactis suzukiella",moths,0,0,3,0,https://www.inaturalist.org/observations/159728117,"2024-06-10 09:24:05"
8762,133518,caterpillar,genus,Phyllonorycter,caterpillar,0,0,3,0,https://www.inaturalist.org/observations/159726013,"2024-06-10 09:24:05"
8763,133492,fly,family,Sciaridae,fly,0,0,2,0,https://www.inaturalist.org/observations/159724839,"2024-06-10 09:24:05"
8764,133491,spider,family,Dictynidae,spider,0,0,2,0,https://www.inaturalist.org/observations/159724214,"2024-06-10 09:24:05"
8765,133490,caterpillar,genus,Phyllonorycter,caterpillar,0,0,3,0,https://www.inaturalist.org/observations/159723706,"2024-06-10 09:24:05"
8766,133488,spider,family,Dictynidae,spider,0,0,2,0,https://www.inaturalist.org/observations/159722684,"2024-06-10 09:24:05"
8767,133485,caterpillar,species,"Phyllonorycter basistrigella",caterpillar,0,0,3,0,https://www.inaturalist.org/observations/159721202,"2024-06-10 09:27:05"
8768,133483,spider,genus,Anyphaena,spider,0,0,2,0,https://www.inaturalist.org/observations/159719715,"2024-06-10 09:27:05"
8769,133482,beetle,species,"Coleomegilla maculata",beetle,0,0,3,0,https://www.inaturalist.org/observations/159719008,"2024-06-10 09:27:05"
8770,133481,spider,family,Dictynidae,spider,0,0,2,0,https://www.inaturalist.org/observations/159718430,"2024-06-10 09:27:05"
8771,133480,spider,family,Anyphaenidae,spider,0,0,2,0,https://www.inaturalist.org/observations/159717984,"2024-06-10 09:27:05"
8772,133479,spider,family,Dictynidae,spider,0,0,2,0,https://www.inaturalist.org/observations/159717548,"2024-06-10 09:27:05"
8773,133478,fly,family,Sciaridae,fly,0,0,2,0,https://www.inaturalist.org/observations/159716899,"2024-06-10 09:27:05"
8774,133477,spider,family,Dictynidae,spider,0,0,2,0,https://www.inaturalist.org/observations/159716252,"2024-06-10 09:27:05"
8775,133426,beetle,species,"Psyllobora vigintimaculata",beetle,0,0,4,0,https://www.inaturalist.org/observations/159715702,"2024-06-10 09:27:05"
8776,133511,spider,family,Thomisidae,spider,0,0,2,0,https://www.inaturalist.org/observations/159714252,"2024-06-10 09:27:05"
8777,128879,fly,family,Tachinidae,fly,0,0,2,0,https://www.inaturalist.org/observations/127678208,"2024-05-27 09:39:05"
8778,108292,fly,genus,Neurigona,fly,0,0,3,0,https://www.inaturalist.org/observations/118355490,"2023-07-03 09:57:05"
8779,99198,fly,subfamily,Dolichopodinae,fly,0,0,3,0,https://www.inaturalist.org/observations/87993524,"2023-06-12 09:54:05"
8780,94798,fly,genus,Condylostylus,fly,0,0,3,0,https://www.inaturalist.org/observations/85138082,"2023-05-29 09:39:06"
8781,88526,caterpillar,family,Noctuidae,caterpillar,0,0,2,0,https://www.inaturalist.org/observations/82204210,"2023-05-15 09:51:05"
8782,88279,caterpillar,species,"Lymantria dispar",caterpillar,0,0,2,0,https://www.inaturalist.org/observations/82062674,"2023-05-15 09:54:05"
8783,134648,ant,subgenus,Crematogaster,ant,0,0,2,0,https://www.inaturalist.org/observations/161605494,"2024-06-17 09:51:06"
8784,134647,ant,genus,Nylanderia,ant,0,0,2,0,https://www.inaturalist.org/observations/161604763,"2024-06-17 09:51:06"
8785,134646,caterpillar,family,Geometridae,caterpillar,0,0,2,0,https://www.inaturalist.org/observations/161604172,"2024-06-17 09:51:06"
8786,134631,ant,subgenus,Crematogaster,ant,0,0,2,0,https://www.inaturalist.org/observations/161596464,"2024-06-17 09:51:06"
8787,134617,spider,genus,Phidippus,spider,0,0,5,0,https://www.inaturalist.org/observations/161416473,"2024-06-17 09:51:06"
8788,134611,spider,species,"Hentzia palmarum",spider,0,0,4,0,https://www.inaturalist.org/observations/161415413,"2024-06-17 09:51:06"
8789,134608,spider,genus,Hibana,spider,0,0,3,0,https://www.inaturalist.org/observations/161412633,"2024-06-17 09:51:06"
8790,134607,fly,family,Chironomidae,fly,0,0,2,0,https://www.inaturalist.org/observations/161412123,"2024-06-17 09:51:06"
8791,134606,beetle,species,"Pandeleteius cinereus",beetle,0,0,3,0,https://www.inaturalist.org/observations/161411671,"2024-06-17 09:51:06"
8792,134572,caterpillar,order,Lepidoptera,caterpillar,0,0,2,0,https://www.inaturalist.org/observations/161244094,"2024-06-17 09:51:06"
8793,134566,caterpillar,order,Lepidoptera,caterpillar,0,0,2,0,https://www.inaturalist.org/observations/161242906,"2024-06-17 09:51:06"
8794,134563,caterpillar,order,Lepidoptera,caterpillar,0,0,2,0,https://www.inaturalist.org/observations/161241984,"2024-06-17 09:51:06"
8795,134552,beetle,species,"Harmonia axyridis",beetle,1,0,3,0,https://www.inaturalist.org/observations/161238278,"2024-06-17 09:54:07"
8796,134550,caterpillar,order,Lepidoptera,caterpillar,0,0,2,0,https://www.inaturalist.org/observations/161237392,"2024-06-17 09:54:07"
8797,134549,caterpillar,order,Lepidoptera,caterpillar,0,0,2,0,https://www.inaturalist.org/observations/161236990,"2024-06-17 09:54:07"
8798,134545,fly,subfamily,Tipulinae,fly,0,0,2,0,https://www.inaturalist.org/observations/161236159,"2024-06-17 09:54:07"
8799,134536,caterpillar,order,Lepidoptera,caterpillar,0,0,2,0,https://www.inaturalist.org/observations/161233960,"2024-06-17 09:54:07"
8800,134510,caterpillar,order,Lepidoptera,caterpillar,0,0,2,0,https://www.inaturalist.org/observations/161229925,"2024-06-17 09:54:07"
8801,134508,caterpillar,order,Lepidoptera,caterpillar,0,0,1,0,https://www.inaturalist.org/observations/161229593,"2024-06-17 09:54:07"
8802,134506,ant,family,Formicidae,ant,0,0,2,0,https://www.inaturalist.org/observations/161228829,"2024-06-17 09:54:07"
8803,134502,ant,family,Formicidae,ant,0,0,2,0,https://www.inaturalist.org/observations/161227285,"2024-06-17 09:54:07"
8804,134501,beetle,genus,Ellychnia,beetle,0,0,2,0,https://www.inaturalist.org/observations/161226923,"2024-06-17 09:54:07"
8805,134500,ant,complex,"Formica fusca",ant,0,0,2,0,https://www.inaturalist.org/observations/161226489,"2024-06-17 09:54:07"
8806,134495,beetle,species,"Chauliognathus marginatus",beetle,0,0,3,0,https://www.inaturalist.org/observations/161175439,"2024-06-17 09:54:07"
8807,134492,fly,species,"Dilophus spinipes",fly,0,0,4,0,https://www.inaturalist.org/observations/161171807,"2024-06-17 09:54:07"
8808,134441,caterpillar,order,Lepidoptera,caterpillar,0,0,2,0,https://www.inaturalist.org/observations/161132485,"2024-06-17 09:54:07"
8809,134439,caterpillar,species,"Amphipyra pyramidoides",caterpillar,0,0,3,0,https://www.inaturalist.org/observations/161131629,"2024-06-17 09:54:07"
8810,134399,beetle,subfamily,Curculioninae,beetle,0,0,2,0,https://www.inaturalist.org/observations/161079620,"2024-06-17 09:54:07"
8811,134396,caterpillar,species,"Malacosoma americana",caterpillar,0,0,3,0,https://www.inaturalist.org/observations/161078099,"2024-06-17 09:54:07"
8812,134395,caterpillar,species,"Malacosoma americana",caterpillar,0,0,3,0,https://www.inaturalist.org/observations/161077695,"2024-06-17 09:54:07"
8813,134394,caterpillar,species,"Malacosoma americana",caterpillar,0,0,3,0,https://www.inaturalist.org/observations/161077330,"2024-06-17 09:54:07"
8814,134387,fly,family,Chironomidae,fly,0,0,2,0,https://www.inaturalist.org/observations/161072481,"2024-06-17 09:54:07"
8815,134376,ant,species,"Prenolepis imparis",ant,0,0,3,0,https://www.inaturalist.org/observations/160785866,"2024-06-17 09:54:07"
8816,134366,caterpillar,subclass,Pterygota,bee,0,1,2,1,https://www.inaturalist.org/observations/160611366,"2024-06-17 09:54:07"
8817,134364,caterpillar,family,Noctuidae,caterpillar,0,0,2,0,https://www.inaturalist.org/observations/160610232,"2024-06-17 09:57:07"
8818,134353,caterpillar,order,Lepidoptera,caterpillar,0,0,3,0,https://www.inaturalist.org/observations/160605644,"2024-06-17 09:57:07"
8819,134203,unidentified,species,"Harmonia axyridis",beetle,0,0,2,0,https://www.inaturalist.org/observations/159777200,"2024-06-17 09:57:07"
8820,134188,beetle,species,"Harmonia axyridis",beetle,1,0,3,0,https://www.inaturalist.org/observations/159776391,"2024-06-17 09:57:07"
8821,134062,beetle,species,"Harmonia axyridis",beetle,1,0,3,0,https://www.inaturalist.org/observations/159761005,"2024-06-10 09:21:06"
8822,133860,beetle,species,"Harmonia axyridis",beetle,1,0,3,0,https://www.inaturalist.org/observations/159737991,"2024-06-10 09:24:05"
8823,133425,ant,species,"Prenolepis imparis",ant,0,0,3,0,https://www.inaturalist.org/observations/159715225,"2024-06-10 09:27:05"
8824,123345,other,complex,"Forficula auricularia",Dermaptera,0,0,2,0,https://www.inaturalist.org/observations/124724082,"2024-05-06 09:51:04"
8825,116582,caterpillar,order,Lepidoptera,caterpillar,0,0,2,0,https://www.inaturalist.org/observations/121638642,"2023-07-17 09:27:06"
8826,109423,caterpillar,order,Lepidoptera,caterpillar,0,0,2,0,https://www.inaturalist.org/observations/118557496,"2023-07-03 09:45:06"
8827,105685,caterpillar,species,"Epimecis hortaria",caterpillar,0,0,2,0,https://www.inaturalist.org/observations/118174802,"2023-06-26 09:57:06"
8828,101470,caterpillar,family,Geometridae,caterpillar,0,0,2,0,https://www.inaturalist.org/observations/89388414,"2023-06-12 09:30:07"
8829,99228,caterpillar,order,Lepidoptera,caterpillar,0,0,2,0,https://www.inaturalist.org/observations/87999800,"2023-06-12 09:51:06"
8830,91732,caterpillar,family,Geometridae,caterpillar,0,0,2,0,https://www.inaturalist.org/observations/83939799,"2023-05-22 09:27:06"
8831,135654,spider,family,Dictynidae,spider,0,0,3,0,https://www.inaturalist.org/observations/162523136,"2024-06-17 09:27:06"
8832,135640,beetle,family,Elateridae,beetle,0,0,2,0,https://www.inaturalist.org/observations/162501832,"2024-06-17 09:27:06"
8833,135620,caterpillar,family,Noctuidae,caterpillar,0,0,2,0,https://www.inaturalist.org/observations/162499746,"2024-06-17 09:27:06"
8834,135569,caterpillar,order,Lepidoptera,caterpillar,0,0,2,0,https://www.inaturalist.org/observations/162494312,"2024-06-17 09:27:06"
8835,135568,caterpillar,order,Lepidoptera,caterpillar,0,0,2,0,https://www.inaturalist.org/observations/162493742,"2024-06-17 09:27:06"
8836,135566,bee,infraorder,Proctotrupomorpha,bee,0,0,2,0,https://www.inaturalist.org/observations/162492732,"2024-06-17 09:27:06"
8837,135557,caterpillar,genus,Pyreferra,caterpillar,0,0,2,0,https://www.inaturalist.org/observations/162491182,"2024-06-17 09:27:06"
8838,135549,spider,species,"Synema parvulum",spider,0,0,3,0,https://www.inaturalist.org/observations/162489643,"2024-06-17 09:27:06"
8839,135545,spider,family,Dictynidae,spider,0,0,2,0,https://www.inaturalist.org/observations/162489191,"2024-06-17 09:27:06"
8840,135539,leafhopper,species,"Flatormenis proxima",leafhopper,0,0,2,0,https://www.inaturalist.org/observations/162488369,"2024-06-17 09:27:06"
8841,135535,fly,superfamily,Sciaroidea,fly,0,0,2,0,https://www.inaturalist.org/observations/162487445,"2024-06-17 09:27:06"
8842,135534,caterpillar,species,"Lymantria dispar",caterpillar,0,0,3,0,https://www.inaturalist.org/observations/162486897,"2024-06-17 09:27:06"
8843,135530,caterpillar,family,Noctuidae,caterpillar,0,0,2,0,https://www.inaturalist.org/observations/162485493,"2024-06-17 09:30:08"
8844,135502,caterpillar,species,"Amphipyra pyramidoides",caterpillar,0,0,3,0,https://www.inaturalist.org/observations/162483086,"2024-06-17 09:30:08"
8845,135490,caterpillar,order,Lepidoptera,caterpillar,0,0,2,0,https://www.inaturalist.org/observations/162481751,"2024-06-17 09:30:08"
8846,135479,fly,genus,Eudioctria,fly,0,0,4,0,https://www.inaturalist.org/observations/162481239,"2024-06-17 09:30:08"
8847,135477,bee,suborder,Symphyta,bee,0,1,1,0,https://www.inaturalist.org/observations/162480761,"2024-06-17 09:30:08"
8848,135465,beetle,species,"Limonius quercinus",beetle,0,0,3,0,https://www.inaturalist.org/observations/162477146,"2024-06-17 09:30:08"
8849,135456,spider,family,Thomisidae,spider,0,0,2,0,https://www.inaturalist.org/observations/162475138,"2024-06-17 09:30:08"
8850,135455,caterpillar,superfamily,Tenthredinoidea,bee,0,1,3,1,https://www.inaturalist.org/observations/162474720,"2024-06-17 09:30:08"
8851,135413,spider,species,"Phidippus putnami",spider,0,0,4,0,https://www.inaturalist.org/observations/162379165,"2024-06-17 09:30:08"
8852,135411,truebugs,order,Coleoptera,beetle,0,0,4,1,https://www.inaturalist.org/observations/162378740,"2024-06-17 09:30:08"
8853,135409,fly,family,Chironomidae,fly,0,0,2,0,https://www.inaturalist.org/observations/162377935,"2024-06-17 09:30:08"
8854,135400,truebugs,order,Psocodea,Psocodea,0,0,3,1,https://www.inaturalist.org/observations/162376047,"2024-06-17 09:30:08"
8855,135398,caterpillar,family,Geometridae,caterpillar,0,0,2,0,https://www.inaturalist.org/observations/162374753,"2024-06-17 09:30:08"
8856,135391,unidentified,order,Lepidoptera,moths,0,0,1,0,https://www.inaturalist.org/observations/162372712,"2024-06-17 09:30:08"
8857,135383,leafhopper,species,"Cyrtolobus vau",leafhopper,0,0,3,0,https://www.inaturalist.org/observations/162348929,"2024-06-17 09:30:08"
8858,135379,beetle,genus,Isomira,beetle,0,0,2,0,https://www.inaturalist.org/observations/162347128,"2024-06-17 09:30:08"
8859,135372,beetle,species,"Harmonia axyridis",beetle,1,0,3,0,https://www.inaturalist.org/observations/162346181,"2024-06-17 09:30:08"
8860,135365,beetle,species,"Harmonia axyridis",beetle,1,0,3,0,https://www.inaturalist.org/observations/162345129,"2024-06-17 09:33:07"
8861,135364,beetle,species,"Falsomordellistena pubescens",beetle,0,0,3,0,https://www.inaturalist.org/observations/162344665,"2024-06-17 09:33:07"
8862,135363,leafhopper,species,"Ophiderma evelyna",leafhopper,0,0,3,0,https://www.inaturalist.org/observations/162344191,"2024-06-17 09:33:07"
8863,135347,beetle,species,"Harmonia axyridis",beetle,1,0,3,0,https://www.inaturalist.org/observations/162341979,"2024-06-17 09:33:07"
8864,135344,ant,subgenus,Crematogaster,ant,0,0,3,0,https://www.inaturalist.org/observations/162341463,"2024-06-17 09:33:07"
8865,135341,beetle,species,"Harmonia axyridis",beetle,1,0,3,0,https://www.inaturalist.org/observations/162340365,"2024-06-17 09:33:07"
8866,135340,fly,zoosubsection,Acalyptratae,fly,0,0,2,0,https://www.inaturalist.org/observations/162339815,"2024-06-17 09:33:07"
8867,135339,other,species,"Graphopsocus cruciatus",Psocodea,0,0,3,0,https://www.inaturalist.org/observations/162339213,"2024-06-17 09:33:07"
8868,135338,beetle,species,"Harmonia axyridis",beetle,1,0,3,0,https://www.inaturalist.org/observations/162338690,"2024-06-17 09:33:07"
8869,135336,leafhopper,species,"Jikradia olitoria",leafhopper,0,0,3,0,https://www.inaturalist.org/observations/162338161,"2024-06-17 09:33:07"
8870,135329,truebugs,family,Miridae,truebugs,0,0,2,0,https://www.inaturalist.org/observations/162336086,"2024-06-17 09:33:07"
8871,135327,beetle,species,"Harmonia axyridis",beetle,0,0,3,0,https://www.inaturalist.org/observations/162335035,"2024-06-17 09:33:07"
8872,135324,beetle,species,"Harmonia axyridis",beetle,0,0,4,0,https://www.inaturalist.org/observations/162334445,"2024-06-17 09:33:07"
8873,135323,leafhopper,family,Cicadellidae,leafhopper,0,0,4,0,https://www.inaturalist.org/observations/162333905,"2024-06-17 09:33:07"
8874,135313,spider,species,"Hibana gracilis",spider,0,0,2,0,https://www.inaturalist.org/observations/162332416,"2024-06-17 09:33:07"
8875,135260,caterpillar,family,Noctuidae,caterpillar,0,0,2,0,https://www.inaturalist.org/observations/162330490,"2024-06-17 09:33:07"
8876,135239,beetle,family,Scarabaeidae,beetle,0,0,2,0,https://www.inaturalist.org/observations/162330037,"2024-06-17 09:33:07"
8877,135231,caterpillar,order,Lepidoptera,caterpillar,0,0,2,0,https://www.inaturalist.org/observations/162328979,"2024-06-17 09:33:07"
8878,135228,beetle,genus,Melanotus,beetle,0,0,2,0,https://www.inaturalist.org/observations/162328359,"2024-06-17 09:33:07"
8879,135224,caterpillar,order,Lepidoptera,caterpillar,0,0,2,0,https://www.inaturalist.org/observations/162326447,"2024-06-17 09:33:07"
8880,135214,spider,genus,Wulfila,spider,0,0,2,0,https://www.inaturalist.org/observations/162325356,"2024-06-17 09:33:07"
8881,135213,spider,genus,Colonus,spider,0,0,3,0,https://www.inaturalist.org/observations/162324867,"2024-06-17 09:33:07"
8882,135210,other,order,Polydesmida,Polydesmida,0,0,1,0,https://www.inaturalist.org/observations/162323918,"2024-06-17 09:33:07"
8883,135196,aphid,superfamily,Psylloidea,aphid,0,0,2,0,https://www.inaturalist.org/observations/162321576,"2024-06-17 09:33:07"
8884,135195,beetle,family,Coccinellidae,beetle,0,0,2,0,https://www.inaturalist.org/observations/162320883,"2024-06-17 09:33:07"
8885,135187,bee,infraorder,Proctotrupomorpha,bee,0,0,2,0,https://www.inaturalist.org/observations/162318365,"2024-06-17 09:36:07"
8886,135178,moths,family,Blastobasidae,moths,0,0,2,0,https://www.inaturalist.org/observations/162315721,"2024-06-17 09:36:07"
8887,135175,fly,zoosubsection,Acalyptratae,fly,0,0,2,0,https://www.inaturalist.org/observations/162314309,"2024-06-17 09:36:07"
8888,135174,leafhopper,order,Lepidoptera,moths,0,0,3,1,https://www.inaturalist.org/observations/162313810,"2024-06-17 09:36:07"
8889,135166,fly,genus,Rhagio,fly,0,0,2,0,https://www.inaturalist.org/observations/162312162,"2024-06-17 09:36:07"
8890,135160,caterpillar,species,"Malacosoma americana",caterpillar,0,0,3,0,https://www.inaturalist.org/observations/162310610,"2024-06-17 09:36:07"
8891,135159,fly,family,Cecidomyiidae,fly,0,0,2,0,https://www.inaturalist.org/observations/162310093,"2024-06-17 09:36:07"
8892,135157,beetle,family,Elateridae,beetle,0,0,2,0,https://www.inaturalist.org/observations/162309419,"2024-06-17 09:36:07"
8893,135152,beetle,family,Elateridae,beetle,0,0,2,0,https://www.inaturalist.org/observations/162307806,"2024-06-17 09:36:07"
8894,135151,spider,species,"Colonus sylvanus",spider,0,0,2,0,https://www.inaturalist.org/observations/162307316,"2024-06-17 09:36:07"
8895,135146,leafhopper,species,"Graphocephala coccinea",leafhopper,0,0,4,0,https://www.inaturalist.org/observations/162306229,"2024-06-17 09:36:07"
8896,135144,caterpillar,species,"Ectoedemia nyssaefoliella",caterpillar,0,0,2,0,https://www.inaturalist.org/observations/162305821,"2024-06-17 09:36:07"
8897,135143,leafhopper,tribe,Nephesini,leafhopper,0,0,2,0,https://www.inaturalist.org/observations/162305431,"2024-06-17 09:36:07"
8898,135136,bee,superfamily,Chalcidoidea,bee,0,0,2,0,https://www.inaturalist.org/observations/162302806,"2024-06-17 09:36:07"
8899,135134,fly,subfamily,Empidinae,fly,0,0,3,0,https://www.inaturalist.org/observations/162301942,"2024-06-17 09:36:07"
8900,135119,fly,family,Phoridae,fly,0,0,2,0,https://www.inaturalist.org/observations/162299624,"2024-06-17 09:36:07"
8901,135118,fly,family,Chironomidae,fly,0,0,2,0,https://www.inaturalist.org/observations/162299110,"2024-06-17 09:36:07"
8902,135110,beetle,tribe,Lepturini,beetle,0,0,2,0,https://www.inaturalist.org/observations/162297588,"2024-06-17 09:36:07"
8903,135105,spider,genus,Wulfila,spider,0,0,2,0,https://www.inaturalist.org/observations/162296350,"2024-06-17 09:36:07"
8904,135099,leafhopper,species,"Oncometopia orbona",leafhopper,0,0,3,0,https://www.inaturalist.org/observations/162295123,"2024-06-17 09:39:07"
8905,135098,fly,species,"Macrocera formosa",fly,0,0,4,0,https://www.inaturalist.org/observations/162294687,"2024-06-17 09:39:07"
8906,135093,fly,zoosubsection,Acalyptratae,fly,0,0,2,0,https://www.inaturalist.org/observations/162293461,"2024-06-17 09:39:07"
8907,135088,unidentified,suborder,Heteroptera,truebugs,0,0,1,0,https://www.inaturalist.org/observations/162212244,"2024-06-17 09:39:07"
8908,135082,spider,species,"Hentzia palmarum",spider,0,0,2,0,https://www.inaturalist.org/observations/162185325,"2024-06-17 09:39:07"
8909,135078,beetle,suborder,Heteroptera,truebugs,0,0,3,1,https://www.inaturalist.org/observations/162184476,"2024-06-17 09:39:07"
8910,135073,unidentified,subfamily,Smiliinae,leafhopper,0,0,2,0,https://www.inaturalist.org/observations/162183740,"2024-06-17 09:39:07"
8911,135063,spider,species,"Lyssomanes viridis",spider,0,0,3,0,https://www.inaturalist.org/observations/162179575,"2024-06-17 09:39:07"
8912,135041,caterpillar,family,Geometridae,caterpillar,0,0,2,0,https://www.inaturalist.org/observations/162157527,"2024-06-17 09:39:07"
8913,135037,spider,subfamily,Salticinae,spider,0,0,2,0,https://www.inaturalist.org/observations/162155150,"2024-06-17 09:39:07"
8914,135035,ant,complex,"Formica pallidefulva",ant,0,0,2,0,https://www.inaturalist.org/observations/162152048,"2024-06-17 09:39:07"
8915,135034,caterpillar,family,Noctuidae,caterpillar,0,0,2,0,https://www.inaturalist.org/observations/162151572,"2024-06-17 09:39:07"
8916,135031,fly,family,Chironomidae,fly,0,0,2,0,https://www.inaturalist.org/observations/162148290,"2024-06-17 09:39:07"
8917,135030,fly,family,Chironomidae,fly,0,0,2,0,https://www.inaturalist.org/observations/162147395,"2024-06-17 09:39:07"
8918,135028,fly,family,Chironomidae,fly,0,0,2,0,https://www.inaturalist.org/observations/162146442,"2024-06-17 09:39:07"
8919,135025,caterpillar,family,Geometridae,caterpillar,0,0,2,0,https://www.inaturalist.org/observations/162140635,"2024-06-17 09:39:07"
8920,135006,spider,species,"Synema parvulum",spider,0,0,3,0,https://www.inaturalist.org/observations/161997899,"2024-06-17 09:42:06"
8921,134992,other,complex,"Forficula auricularia",Dermaptera,0,0,3,0,https://www.inaturalist.org/observations/161996083,"2024-06-17 09:42:06"
8922,134983,truebugs,genus,Sinea,truebugs,0,0,2,0,https://www.inaturalist.org/observations/161995568,"2024-06-17 09:42:06"
8923,134976,beetle,species,"Harmonia axyridis",beetle,1,0,3,0,https://www.inaturalist.org/observations/161993632,"2024-06-17 09:42:06"
8924,134969,leafhopper,species,"Graphocephala coccinea",leafhopper,0,0,2,0,https://www.inaturalist.org/observations/161993163,"2024-06-17 09:42:06"
8925,134966,daddylonglegs,species,"Leiobunum vittatum",daddylonglegs,0,0,2,0,https://www.inaturalist.org/observations/161992691,"2024-06-17 09:42:06"
8926,134955,caterpillar,species,"Epimecis hortaria",caterpillar,0,0,2,0,https://www.inaturalist.org/observations/161989813,"2024-06-17 09:42:06"
8927,134948,caterpillar,family,Geometridae,caterpillar,0,0,2,0,https://www.inaturalist.org/observations/161989476,"2024-06-17 09:42:06"
8928,134947,truebugs,genus,Sinea,truebugs,0,0,2,0,https://www.inaturalist.org/observations/161988970,"2024-06-17 09:42:06"
8929,134946,aphid,superfamily,Psylloidea,aphid,0,0,1,0,https://www.inaturalist.org/observations/161988533,"2024-06-17 09:42:06"
8930,134937,leafhopper,species,"Thionia quinquata",leafhopper,0,0,2,0,https://www.inaturalist.org/observations/161986664,"2024-06-17 09:42:06"
8931,134933,spider,family,Thomisidae,spider,0,0,2,0,https://www.inaturalist.org/observations/161986210,"2024-06-17 09:42:06"
8932,134928,spider,genus,Colonus,spider,0,0,3,0,https://www.inaturalist.org/observations/161985758,"2024-06-17 09:42:06"
8933,134918,beetle,family,Coccinellidae,beetle,1,0,2,0,https://www.inaturalist.org/observations/161983546,"2024-06-17 09:42:06"
8934,134912,leafhopper,tribe,Nephesini,leafhopper,0,0,2,0,https://www.inaturalist.org/observations/161982118,"2024-06-17 09:42:06"
8935,134895,beetle,family,Coccinellidae,beetle,1,0,2,0,https://www.inaturalist.org/observations/161979992,"2024-06-17 09:42:06"
8936,134893,beetle,genus,Melanotus,beetle,0,0,3,0,https://www.inaturalist.org/observations/161979288,"2024-06-17 09:42:06"
8937,134889,spider,family,Theridiidae,spider,0,0,2,0,https://www.inaturalist.org/observations/161978301,"2024-06-17 09:42:06"
8938,134883,leafhopper,species,"Thionia quinquata",leafhopper,0,0,2,0,https://www.inaturalist.org/observations/161976891,"2024-06-17 09:42:06"
8939,134882,leafhopper,species,"Stictocephala militaris",leafhopper,0,0,3,0,https://www.inaturalist.org/observations/161976453,"2024-06-17 09:42:06"
8940,134879,leafhopper,tribe,Nephesini,leafhopper,0,0,2,0,https://www.inaturalist.org/observations/161975617,"2024-06-17 09:45:07"
8941,134878,beetle,family,Elateridae,beetle,0,0,2,0,https://www.inaturalist.org/observations/161975291,"2024-06-17 09:45:07"
8942,134866,other,genus,Chrysoperla,Neuroptera,0,0,2,0,https://www.inaturalist.org/observations/161973442,"2024-06-17 09:45:07"
8943,134860,aphid,superfamily,Psylloidea,aphid,0,0,1,0,https://www.inaturalist.org/observations/161972309,"2024-06-17 09:45:07"
8944,134854,leafhopper,tribe,Nephesini,leafhopper,0,0,2,0,https://www.inaturalist.org/observations/161971517,"2024-06-17 09:45:07"
8945,134846,beetle,family,Mordellidae,beetle,0,0,2,0,https://www.inaturalist.org/observations/161970176,"2024-06-17 09:45:07"
8946,134845,leafhopper,species,"Lepyronia quadrangularis",leafhopper,0,0,2,0,https://www.inaturalist.org/observations/161969784,"2024-06-17 09:45:07"
8947,134838,beetle,family,Elateridae,beetle,0,0,2,0,https://www.inaturalist.org/observations/161969351,"2024-06-17 09:45:07"
8948,134835,other,complex,"Forficula auricularia",Dermaptera,0,0,3,0,https://www.inaturalist.org/observations/161968218,"2024-06-17 09:45:07"
8949,134826,fly,tribe,Dolichopodini,fly,0,0,4,0,https://www.inaturalist.org/observations/161966733,"2024-06-17 09:45:07"
8950,134820,beetle,species,"Polydrusus formosus",beetle,0,0,3,0,https://www.inaturalist.org/observations/161853934,"2024-06-17 09:45:07"
8951,134818,spider,family,Dictynidae,spider,0,0,2,0,https://www.inaturalist.org/observations/161852978,"2024-06-17 09:45:07"
8952,134810,leafhopper,subfamily,Smiliinae,leafhopper,0,0,2,0,https://www.inaturalist.org/observations/161847739,"2024-06-17 09:45:07"
8953,134791,fly,genus,Minettia,fly,0,0,2,0,https://www.inaturalist.org/observations/161821959,"2024-06-17 09:45:07"
8954,134779,spider,species,"Leucauge venusta",spider,0,0,3,0,https://www.inaturalist.org/observations/161819006,"2024-06-17 09:48:06"
8955,134771,spider,genus,Wulfila,spider,0,0,2,0,https://www.inaturalist.org/observations/161817469,"2024-06-17 09:48:06"
8956,134764,spider,subfamily,Salticinae,spider,0,0,2,0,https://www.inaturalist.org/observations/161815090,"2024-06-17 09:48:06"
8957,134761,leafhopper,tribe,Gyponini,leafhopper,0,0,3,0,https://www.inaturalist.org/observations/161813698,"2024-06-17 09:48:06"
8958,134752,fly,zoosubsection,Acalyptratae,fly,0,0,2,0,https://www.inaturalist.org/observations/161811852,"2024-06-17 09:48:06"
8959,134747,leafhopper,species,"Platycotis vittata",leafhopper,0,0,3,0,https://www.inaturalist.org/observations/161809712,"2024-06-17 09:48:06"
8960,134746,daddylonglegs,subfamily,Leiobuninae,daddylonglegs,0,0,2,0,https://www.inaturalist.org/observations/161809213,"2024-06-17 09:48:06"
8961,134736,spider,genus,Wulfila,spider,0,0,2,0,https://www.inaturalist.org/observations/161805722,"2024-06-17 09:48:06"
8962,134719,spider,species,"Leucauge venusta",spider,0,0,3,0,https://www.inaturalist.org/observations/161801099,"2024-06-17 09:48:06"
8963,134712,spider,genus,Wulfila,spider,0,0,2,0,https://www.inaturalist.org/observations/161799147,"2024-06-17 09:48:06"
8964,134711,spider,genus,Wulfila,spider,0,0,2,0,https://www.inaturalist.org/observations/161798614,"2024-06-17 09:48:06"
8965,134709,beetle,family,Elateridae,beetle,0,0,2,0,https://www.inaturalist.org/observations/161797736,"2024-06-17 09:48:06"
8966,134705,leafhopper,species,"Telamona ampelopsidis",leafhopper,0,0,3,0,https://www.inaturalist.org/observations/161795633,"2024-06-17 09:48:06"
8967,134704,caterpillar,order,Lepidoptera,caterpillar,0,0,2,0,https://www.inaturalist.org/observations/161794811,"2024-06-17 09:51:06"
8968,134703,spider,subfamily,Salticinae,spider,0,0,2,0,https://www.inaturalist.org/observations/161793867,"2024-06-17 09:51:06"
8969,134700,fly,superfamily,Muscoidea,fly,0,0,2,0,https://www.inaturalist.org/observations/161793474,"2024-06-17 09:51:06"
8970,134397,bee,family,Tiphiidae,bee,0,0,2,0,https://www.inaturalist.org/observations/161078457,"2024-06-17 09:54:07"
8971,134392,bee,infraorder,Proctotrupomorpha,bee,0,0,2,0,https://www.inaturalist.org/observations/161075334,"2024-06-17 09:54:07"
8972,133486,leafhopper,genus,Eratoneura,leafhopper,0,0,2,0,https://www.inaturalist.org/observations/159721806,"2024-06-10 09:24:05"
8973,127572,fly,zoosection,Schizophora,fly,0,0,2,0,https://www.inaturalist.org/observations/126966778,"2024-05-27 09:57:06"
8974,95840,caterpillar,superfamily,Noctuoidea,caterpillar,0,0,2,0,https://www.inaturalist.org/observations/85913940,"2023-05-29 09:30:27"
8975,137499,leafhopper,species,"Platycotis vittata",leafhopper,0,0,3,0,https://www.inaturalist.org/observations/164041882,"2024-07-01 09:45:07"
8976,137496,caterpillar,order,Lepidoptera,caterpillar,0,0,2,0,https://www.inaturalist.org/observations/164041260,"2024-07-01 09:45:07"
8977,137495,beetle,genus,Anthonomus,beetle,0,0,3,0,https://www.inaturalist.org/observations/164040635,"2024-07-01 09:45:07"
8978,137476,fly,genus,Dilophus,fly,0,0,3,0,https://www.inaturalist.org/observations/164038010,"2024-07-01 09:45:07"
8979,137462,caterpillar,order,Lepidoptera,caterpillar,0,0,2,0,https://www.inaturalist.org/observations/164033609,"2024-07-01 09:45:07"
8980,137453,fly,genus,Platypalpus,fly,0,0,4,0,https://www.inaturalist.org/observations/164031108,"2024-07-01 09:45:07"
8981,137450,caterpillar,order,Lepidoptera,caterpillar,0,0,2,0,https://www.inaturalist.org/observations/164030544,"2024-07-01 09:45:07"
8982,137446,beetle,species,"Cephaloon lepturides",beetle,0,0,3,0,https://www.inaturalist.org/observations/164029352,"2024-07-01 09:45:07"
8983,137438,caterpillar,order,Lepidoptera,caterpillar,0,0,2,0,https://www.inaturalist.org/observations/164027560,"2024-07-01 09:45:07"
8984,137433,fly,genus,Platypalpus,fly,0,0,3,0,https://www.inaturalist.org/observations/164025552,"2024-07-01 09:45:07"
8985,137432,caterpillar,order,Lepidoptera,caterpillar,0,0,2,0,https://www.inaturalist.org/observations/164024913,"2024-07-01 09:45:07"
8986,137417,spider,subfamily,Araneinae,spider,0,0,2,0,https://www.inaturalist.org/observations/164020006,"2024-07-01 09:45:07"
8987,137388,bee,superfamily,Ichneumonoidea,bee,0,0,2,0,https://www.inaturalist.org/observations/164012852,"2024-07-01 09:45:07"
8988,137381,fly,genus,Platypalpus,fly,0,0,3,0,https://www.inaturalist.org/observations/164011751,"2024-07-01 09:45:07"
8989,137374,leafhopper,species,"Philaenus spumarius",leafhopper,0,0,3,0,https://www.inaturalist.org/observations/164008628,"2024-07-01 09:48:05"
8990,137359,caterpillar,order,Lepidoptera,caterpillar,0,0,3,0,https://www.inaturalist.org/observations/163885407,"2024-07-01 09:48:05"
8991,137348,caterpillar,order,Lepidoptera,caterpillar,0,0,2,0,https://www.inaturalist.org/observations/163884973,"2024-07-01 09:48:05"
8992,137347,caterpillar,order,Lepidoptera,caterpillar,0,0,2,0,https://www.inaturalist.org/observations/163884577,"2024-07-01 09:48:05"
8993,137344,caterpillar,order,Lepidoptera,caterpillar,0,0,2,0,https://www.inaturalist.org/observations/163883766,"2024-07-01 09:48:05"
8994,137343,caterpillar,family,Noctuidae,caterpillar,0,0,3,0,https://www.inaturalist.org/observations/163883327,"2024-07-01 09:48:05"
8995,137342,caterpillar,order,Lepidoptera,caterpillar,0,0,2,0,https://www.inaturalist.org/observations/163882887,"2024-07-01 09:48:05"
8996,137341,caterpillar,family,Noctuidae,caterpillar,0,0,2,0,https://www.inaturalist.org/observations/163882418,"2024-07-01 09:48:05"
8997,137337,caterpillar,superfamily,Tortricoidea,caterpillar,0,0,3,0,https://www.inaturalist.org/observations/163881567,"2024-07-01 09:48:05"
8998,137336,caterpillar,species,"Malacosoma americana",caterpillar,0,0,3,0,https://www.inaturalist.org/observations/163881040,"2024-07-01 09:48:05"
8999,137335,caterpillar,species,"Malacosoma americana",caterpillar,0,0,3,0,https://www.inaturalist.org/observations/163880641,"2024-07-01 09:48:05"
9000,137332,caterpillar,order,Lepidoptera,caterpillar,0,0,2,0,https://www.inaturalist.org/observations/163879537,"2024-07-01 09:48:05"
9001,137331,caterpillar,order,Lepidoptera,caterpillar,0,0,2,0,https://www.inaturalist.org/observations/163879160,"2024-07-01 09:48:05"
9002,137330,caterpillar,order,Lepidoptera,caterpillar,0,0,2,0,https://www.inaturalist.org/observations/163878662,"2024-07-01 09:48:05"
9003,137329,caterpillar,superfamily,Tortricoidea,caterpillar,0,0,2,0,https://www.inaturalist.org/observations/163878146,"2024-07-01 09:48:05"
9004,137324,caterpillar,family,Tortricidae,caterpillar,0,0,3,0,https://www.inaturalist.org/observations/163877672,"2024-07-01 09:48:05"
9005,137320,caterpillar,superfamily,Tortricoidea,caterpillar,0,0,2,0,https://www.inaturalist.org/observations/163877232,"2024-07-01 09:48:05"
9006,137319,caterpillar,family,Geometridae,caterpillar,0,0,2,0,https://www.inaturalist.org/observations/163876686,"2024-07-01 09:48:05"
9007,137318,caterpillar,family,Geometridae,caterpillar,0,0,3,0,https://www.inaturalist.org/observations/163876132,"2024-07-01 09:48:05"
9008,137305,caterpillar,order,Lepidoptera,caterpillar,0,0,2,0,https://www.inaturalist.org/observations/163874819,"2024-07-01 09:48:05"
9009,137304,caterpillar,order,Lepidoptera,caterpillar,0,0,2,0,https://www.inaturalist.org/observations/163874381,"2024-07-01 09:48:05"
9010,137303,caterpillar,order,Lepidoptera,caterpillar,0,0,2,0,https://www.inaturalist.org/observations/163873940,"2024-07-01 09:48:05"
9011,137302,caterpillar,order,Lepidoptera,caterpillar,0,0,2,0,https://www.inaturalist.org/observations/163873442,"2024-07-01 09:48:05"
9012,137297,caterpillar,order,Lepidoptera,caterpillar,0,0,2,0,https://www.inaturalist.org/observations/163872557,"2024-07-01 09:48:05"
9013,137284,caterpillar,superfamily,Tortricoidea,caterpillar,0,0,2,0,https://www.inaturalist.org/observations/163871631,"2024-07-01 09:48:05"
9014,137282,caterpillar,order,Lepidoptera,caterpillar,0,0,2,0,https://www.inaturalist.org/observations/163871191,"2024-07-01 09:48:05"
9015,137271,caterpillar,order,Lepidoptera,caterpillar,0,0,2,0,https://www.inaturalist.org/observations/163870656,"2024-07-01 09:48:05"
9016,137261,caterpillar,order,Lepidoptera,caterpillar,0,0,2,0,https://www.inaturalist.org/observations/163869710,"2024-07-01 09:48:05"
9017,137260,caterpillar,order,Lepidoptera,caterpillar,0,0,3,0,https://www.inaturalist.org/observations/163869219,"2024-07-01 09:48:05"
9018,137258,caterpillar,family,Geometridae,caterpillar,0,0,3,0,https://www.inaturalist.org/observations/163868773,"2024-07-01 09:48:05"
9019,137257,caterpillar,order,Lepidoptera,caterpillar,0,0,2,0,https://www.inaturalist.org/observations/163868272,"2024-07-01 09:48:05"
9020,137256,caterpillar,order,Lepidoptera,caterpillar,0,0,2,0,https://www.inaturalist.org/observations/163867822,"2024-07-01 09:48:05"
9021,137254,caterpillar,superfamily,Tortricoidea,caterpillar,0,0,3,0,https://www.inaturalist.org/observations/163867309,"2024-07-01 09:48:05"
9022,137251,caterpillar,species,"Lymantria dispar",caterpillar,0,0,3,0,https://www.inaturalist.org/observations/163866908,"2024-07-01 09:48:05"
9023,137248,caterpillar,order,Lepidoptera,caterpillar,0,0,2,0,https://www.inaturalist.org/observations/163866479,"2024-07-01 09:48:05"
9024,137247,caterpillar,order,Lepidoptera,caterpillar,0,0,2,0,https://www.inaturalist.org/observations/163865988,"2024-07-01 09:48:05"
9025,137206,caterpillar,superfamily,Tortricoidea,caterpillar,0,0,2,0,https://www.inaturalist.org/observations/163864119,"2024-07-01 09:51:05"
9026,137205,caterpillar,order,Lepidoptera,caterpillar,0,0,2,0,https://www.inaturalist.org/observations/163863592,"2024-07-01 09:51:05"
9027,137203,caterpillar,order,Lepidoptera,caterpillar,0,0,2,0,https://www.inaturalist.org/observations/163863076,"2024-07-01 09:51:05"
9028,137202,caterpillar,order,Lepidoptera,caterpillar,0,0,2,0,https://www.inaturalist.org/observations/163862696,"2024-07-01 09:51:05"
9029,137197,caterpillar,superfamily,Tortricoidea,caterpillar,0,0,2,0,https://www.inaturalist.org/observations/163862289,"2024-07-01 09:51:05"
9030,137187,caterpillar,species,"Lymantria dispar",caterpillar,0,0,3,0,https://www.inaturalist.org/observations/163861388,"2024-07-01 09:51:05"
9031,137158,ant,complex,"Formica pallidefulva",ant,0,0,3,0,https://www.inaturalist.org/observations/163859459,"2024-07-01 09:51:05"
9032,137157,beetle,family,Chrysomelidae,beetle,0,0,2,0,https://www.inaturalist.org/observations/163859008,"2024-07-01 09:51:05"
9033,137151,caterpillar,superfamily,Tortricoidea,caterpillar,0,0,2,0,https://www.inaturalist.org/observations/163857149,"2024-07-01 09:51:05"
9034,137146,caterpillar,family,Geometridae,caterpillar,0,0,3,0,https://www.inaturalist.org/observations/163856698,"2024-07-01 09:51:05"
9035,137143,ant,species,"Tapinoma sessile",ant,0,0,2,0,https://www.inaturalist.org/observations/163855215,"2024-07-01 09:51:05"
9036,137133,ant,species,"Prenolepis imparis",ant,0,0,2,0,https://www.inaturalist.org/observations/163852476,"2024-07-01 09:51:05"
9037,137130,leafhopper,species,"Ponana pectoralis",leafhopper,0,0,2,0,https://www.inaturalist.org/observations/163850929,"2024-07-01 09:51:05"
9038,137125,ant,subgenus,Crematogaster,ant,0,0,2,0,https://www.inaturalist.org/observations/163849486,"2024-07-01 09:51:05"
9039,137121,beetle,family,Buprestidae,beetle,0,0,2,0,https://www.inaturalist.org/observations/163848937,"2024-07-01 09:51:05"
9040,137120,ant,subgenus,Crematogaster,ant,0,0,2,0,https://www.inaturalist.org/observations/163848474,"2024-07-01 09:51:05"
9041,137119,spider,tribe,Misumenini,spider,0,0,3,0,https://www.inaturalist.org/observations/163847997,"2024-07-01 09:51:05"
9042,137112,beetle,genus,Podabrus,beetle,0,0,3,0,https://www.inaturalist.org/observations/163846381,"2024-07-01 09:51:05"
9043,137104,ant,species,"Camponotus pennsylvanicus",ant,0,0,2,0,https://www.inaturalist.org/observations/163844902,"2024-07-01 09:51:05"
9044,137100,leafhopper,tribe,Gyponini,leafhopper,0,0,2,0,https://www.inaturalist.org/observations/163843840,"2024-07-01 09:51:05"
9045,137097,spider,species,"Lyssomanes viridis",spider,0,0,3,0,https://www.inaturalist.org/observations/163843394,"2024-07-01 09:51:05"
9046,137089,leafhopper,genus,Cedusa,leafhopper,0,0,2,0,https://www.inaturalist.org/observations/163842559,"2024-07-01 09:51:05"
9047,137083,fly,family,Limoniidae,fly,0,0,2,0,https://www.inaturalist.org/observations/163841091,"2024-07-01 09:54:06"
9048,137082,leafhopper,genus,Cedusa,leafhopper,0,0,2,0,https://www.inaturalist.org/observations/163840514,"2024-07-01 09:54:06"
9049,137080,beetle,family,Mordellidae,beetle,0,0,2,0,https://www.inaturalist.org/observations/163839584,"2024-07-01 09:54:06"
9050,137073,fly,species,"Plecia americana",fly,0,0,4,0,https://www.inaturalist.org/observations/163839043,"2024-07-01 09:54:06"
9051,137059,leafhopper,species,"Metcalfa pruinosa",leafhopper,0,0,2,0,https://www.inaturalist.org/observations/163836006,"2024-07-01 09:54:06"
9052,137055,caterpillar,order,Lepidoptera,caterpillar,0,0,3,0,https://www.inaturalist.org/observations/163834985,"2024-07-01 09:54:06"
9053,137050,caterpillar,order,Lepidoptera,caterpillar,0,0,2,0,https://www.inaturalist.org/observations/163833526,"2024-07-01 09:54:06"
9054,137043,beetle,family,Elateridae,beetle,0,0,3,0,https://www.inaturalist.org/observations/163832528,"2024-07-01 09:54:06"
9055,137042,caterpillar,order,Lepidoptera,caterpillar,0,0,2,0,https://www.inaturalist.org/observations/163831958,"2024-07-01 09:54:06"
9056,137041,caterpillar,superfamily,Tortricoidea,caterpillar,0,0,2,0,https://www.inaturalist.org/observations/163831460,"2024-07-01 09:54:06"
9057,137039,caterpillar,order,Lepidoptera,caterpillar,0,0,3,0,https://www.inaturalist.org/observations/163830938,"2024-07-01 09:54:06"
9058,137038,caterpillar,order,Lepidoptera,caterpillar,0,0,2,0,https://www.inaturalist.org/observations/163830413,"2024-07-01 09:54:06"
9059,137037,caterpillar,order,Lepidoptera,caterpillar,0,0,3,0,https://www.inaturalist.org/observations/163829962,"2024-07-01 09:54:06"
9060,137022,leafhopper,species,"Oncometopia orbona",leafhopper,0,0,2,0,https://www.inaturalist.org/observations/163827907,"2024-07-01 09:54:06"
9061,137020,fly,family,Chironomidae,fly,0,0,2,0,https://www.inaturalist.org/observations/163827004,"2024-07-01 09:54:06"
9062,137015,caterpillar,family,Geometridae,caterpillar,0,0,2,0,https://www.inaturalist.org/observations/163826585,"2024-07-01 09:54:06"
9063,137001,beetle,species,"Harmonia axyridis",beetle,1,0,4,0,https://www.inaturalist.org/observations/163825043,"2024-07-01 09:54:06"
9064,136985,leafhopper,species,"Graphocephala versuta",leafhopper,0,0,3,0,https://www.inaturalist.org/observations/163823688,"2024-07-01 09:54:06"
9065,136984,spider,species,"Araniella displicata",spider,0,0,3,0,https://www.inaturalist.org/observations/163823149,"2024-07-01 09:54:06"
9066,136971,leafhopper,tribe,Nephesini,leafhopper,0,0,2,0,https://www.inaturalist.org/observations/163821871,"2024-07-01 09:54:06"
9067,136956,moths,species,"Argyresthia oreasella",moths,0,0,2,0,https://www.inaturalist.org/observations/163819070,"2024-07-01 09:54:06"
9068,136951,spider,family,Dictynidae,spider,0,0,2,0,https://www.inaturalist.org/observations/163818202,"2024-07-01 09:54:06"
9069,136948,leafhopper,tribe,Nephesini,leafhopper,0,0,2,0,https://www.inaturalist.org/observations/163817644,"2024-07-01 09:54:06"
9070,136944,leafhopper,subgenus,Gyponana,leafhopper,0,0,2,0,https://www.inaturalist.org/observations/163815902,"2024-07-01 09:57:05"
9071,136936,spider,genus,Wulfila,spider,0,0,2,0,https://www.inaturalist.org/observations/163815056,"2024-07-01 09:57:05"
9072,136907,leafhopper,genus,Stictocephala,leafhopper,0,0,2,0,https://www.inaturalist.org/observations/163812193,"2024-07-01 09:57:05"
9073,136890,truebugs,species,"Halyomorpha halys",truebugs,0,0,4,0,https://www.inaturalist.org/observations/163809862,"2024-07-01 09:57:05"
9074,136878,leafhopper,species,"Graphocephala coccinea",leafhopper,0,0,3,0,https://www.inaturalist.org/observations/163808758,"2024-07-01 09:57:05"
9075,136877,spider,family,Thomisidae,spider,0,0,2,0,https://www.inaturalist.org/observations/163808387,"2024-07-01 09:57:05"
9076,136853,leafhopper,species,"Flatormenis proxima",leafhopper,0,0,2,0,https://www.inaturalist.org/observations/163806052,"2024-07-01 09:57:05"
9077,136846,bee,epifamily,Anthophila,bee,0,0,2,0,https://www.inaturalist.org/observations/163805429,"2024-07-01 09:57:05"
9078,136836,caterpillar,order,Lepidoptera,caterpillar,0,0,2,0,https://www.inaturalist.org/observations/163737746,"2024-07-01 09:57:05"
9079,136835,caterpillar,order,Lepidoptera,caterpillar,0,0,2,0,https://www.inaturalist.org/observations/163737265,"2024-07-01 09:57:05"
9080,136834,caterpillar,species,"Lymantria dispar",caterpillar,0,0,3,0,https://www.inaturalist.org/observations/163736819,"2024-07-01 09:57:05"
9081,136830,caterpillar,order,Lepidoptera,caterpillar,0,0,2,0,https://www.inaturalist.org/observations/163735445,"2024-07-01 09:57:05"
9082,136829,caterpillar,order,Lepidoptera,caterpillar,0,0,2,0,https://www.inaturalist.org/observations/163735055,"2024-07-01 09:57:05"
9083,136828,caterpillar,order,Lepidoptera,caterpillar,0,0,2,0,https://www.inaturalist.org/observations/163734704,"2024-07-01 09:57:05"
9084,136827,caterpillar,superfamily,Tenthredinoidea,bee,0,1,3,1,https://www.inaturalist.org/observations/163734325,"2024-07-01 09:57:05"
9085,136825,caterpillar,superfamily,Tenthredinoidea,bee,0,1,3,1,https://www.inaturalist.org/observations/163732846,"2024-07-01 09:57:05"
9086,136821,caterpillar,family,Geometridae,caterpillar,0,0,3,0,https://www.inaturalist.org/observations/163721143,"2024-07-01 09:57:05"
9087,136802,caterpillar,species,"Amphipyra pyramidoides",caterpillar,0,0,3,0,https://www.inaturalist.org/observations/163711956,"2024-07-01 09:57:05"
9088,136798,unidentified,infraorder,Tipulomorpha,fly,0,0,1,0,https://www.inaturalist.org/observations/163711030,"2024-07-01 09:57:05"
9089,136794,caterpillar,order,Lepidoptera,caterpillar,0,0,3,0,https://www.inaturalist.org/observations/163707964,"2024-07-01 09:57:05"
9090,136788,fly,suborder,Brachycera,fly,0,0,2,0,https://www.inaturalist.org/observations/163705807,"2024-06-24 09:30:07"
9091,136787,other,species,"Mystacides sepulchralis",Trichoptera,0,0,2,0,https://www.inaturalist.org/observations/163705386,"2024-06-24 09:30:07"
9092,136786,other,species,"Mystacides sepulchralis",Trichoptera,0,0,2,0,https://www.inaturalist.org/observations/163703976,"2024-06-24 09:30:07"
9093,136767,caterpillar,order,Lepidoptera,caterpillar,0,0,2,0,https://www.inaturalist.org/observations/163703124,"2024-06-24 09:30:07"
9094,136766,caterpillar,order,Lepidoptera,caterpillar,0,0,2,0,https://www.inaturalist.org/observations/163702667,"2024-06-24 09:30:07"
9095,136737,caterpillar,species,"Lymantria dispar",caterpillar,0,0,3,0,https://www.inaturalist.org/observations/163699341,"2024-06-24 09:30:07"
9096,136735,caterpillar,order,Lepidoptera,caterpillar,0,0,2,0,https://www.inaturalist.org/observations/163698914,"2024-06-24 09:30:07"
9097,136729,caterpillar,genus,Phyllonorycter,caterpillar,0,0,2,0,https://www.inaturalist.org/observations/163698473,"2024-06-24 09:30:07"
9098,136723,caterpillar,family,Geometridae,caterpillar,0,0,3,0,https://www.inaturalist.org/observations/163697930,"2024-06-24 09:30:07"
9099,136721,caterpillar,order,Lepidoptera,caterpillar,0,0,3,0,https://www.inaturalist.org/observations/163697473,"2024-06-24 09:30:07"
9100,136720,caterpillar,family,Noctuidae,caterpillar,0,0,3,0,https://www.inaturalist.org/observations/163697016,"2024-06-24 09:30:07"
9101,136716,fly,species,"Toxonevra superba",fly,0,0,2,0,https://www.inaturalist.org/observations/163696603,"2024-06-24 09:30:07"
9102,136705,caterpillar,species,"Lymantria dispar",caterpillar,0,0,3,0,https://www.inaturalist.org/observations/163694638,"2024-06-24 09:30:07"
9103,136680,spider,order,Opiliones,daddylonglegs,0,0,3,1,https://www.inaturalist.org/observations/163680918,"2024-06-24 09:30:07"
9104,136678,caterpillar,order,Lepidoptera,caterpillar,0,0,3,0,https://www.inaturalist.org/observations/163680497,"2024-06-24 09:30:07"
9105,136669,caterpillar,order,Lepidoptera,caterpillar,0,0,3,0,https://www.inaturalist.org/observations/163678809,"2024-06-24 09:30:07"
9106,136668,caterpillar,order,Lepidoptera,caterpillar,0,0,3,0,https://www.inaturalist.org/observations/163678476,"2024-06-24 09:30:07"
9107,136667,caterpillar,order,Lepidoptera,caterpillar,0,0,3,0,https://www.inaturalist.org/observations/163678088,"2024-06-24 09:30:07"
9108,136666,caterpillar,order,Lepidoptera,caterpillar,0,0,3,0,https://www.inaturalist.org/observations/163677721,"2024-06-24 09:33:07"
9109,136665,caterpillar,order,Lepidoptera,caterpillar,0,0,2,0,https://www.inaturalist.org/observations/163677353,"2024-06-24 09:33:07"
9110,136664,caterpillar,order,Lepidoptera,caterpillar,0,0,2,0,https://www.inaturalist.org/observations/163676959,"2024-06-24 09:33:08"
9111,136663,caterpillar,superfamily,Tortricoidea,caterpillar,0,0,2,0,https://www.inaturalist.org/observations/163676388,"2024-06-24 09:33:08"
9112,136660,caterpillar,order,Lepidoptera,caterpillar,0,0,2,0,https://www.inaturalist.org/observations/163675923,"2024-06-24 09:33:08"
9113,136659,caterpillar,order,Lepidoptera,caterpillar,0,0,3,0,https://www.inaturalist.org/observations/163675508,"2024-06-24 09:33:08"
9114,136645,caterpillar,order,Lepidoptera,caterpillar,0,0,2,0,https://www.inaturalist.org/observations/163673675,"2024-06-24 09:33:08"
9115,136642,caterpillar,superfamily,Tortricoidea,caterpillar,0,0,2,0,https://www.inaturalist.org/observations/163672785,"2024-06-24 09:33:08"
9116,136641,caterpillar,order,Lepidoptera,caterpillar,0,0,2,0,https://www.inaturalist.org/observations/163672437,"2024-06-24 09:33:08"
9117,136629,caterpillar,family,Noctuidae,caterpillar,0,0,2,0,https://www.inaturalist.org/observations/163670219,"2024-06-24 09:33:08"
9118,136626,caterpillar,order,Lepidoptera,caterpillar,0,0,2,0,https://www.inaturalist.org/observations/163668758,"2024-06-24 09:33:08"
9119,136624,caterpillar,species,"Lymantria dispar",caterpillar,0,0,3,0,https://www.inaturalist.org/observations/163668272,"2024-06-24 09:33:08"
9120,136618,fly,genus,Platypalpus,fly,0,0,3,0,https://www.inaturalist.org/observations/163665956,"2024-06-24 09:33:08"
9121,136614,caterpillar,order,Lepidoptera,caterpillar,0,0,3,0,https://www.inaturalist.org/observations/163665480,"2024-06-24 09:33:08"
9122,136613,caterpillar,order,Lepidoptera,caterpillar,0,0,3,0,https://www.inaturalist.org/observations/163664969,"2024-06-24 09:33:08"
9123,136612,caterpillar,order,Lepidoptera,caterpillar,0,0,3,0,https://www.inaturalist.org/observations/163664458,"2024-06-24 09:33:08"
9124,136610,unidentified,infraorder,Tipulomorpha,fly,0,0,1,0,https://www.inaturalist.org/observations/163663992,"2024-06-24 09:33:08"
9125,136602,fly,suborder,Nematocera,fly,0,0,2,0,https://www.inaturalist.org/observations/163662369,"2024-06-24 09:33:08"
9126,136591,caterpillar,order,Lepidoptera,caterpillar,0,0,2,0,https://www.inaturalist.org/observations/163661815,"2024-06-24 09:33:08"
9127,136590,caterpillar,superfamily,Noctuoidea,caterpillar,0,0,2,0,https://www.inaturalist.org/observations/163661394,"2024-06-24 09:33:08"
9128,136581,fly,family,Sarcophagidae,fly,0,0,2,0,https://www.inaturalist.org/observations/163659452,"2024-06-24 09:33:08"
9129,136579,fly,family,Chironomidae,fly,0,0,2,0,https://www.inaturalist.org/observations/163659057,"2024-06-24 09:33:08"
9130,136574,fly,family,Lauxaniidae,fly,0,0,2,0,https://www.inaturalist.org/observations/163657621,"2024-06-24 09:33:08"
9131,136553,caterpillar,superfamily,Noctuoidea,caterpillar,0,0,2,0,https://www.inaturalist.org/observations/163655889,"2024-06-24 09:33:08"
9132,136547,spider,genus,Trachelas,spider,0,0,2,0,https://www.inaturalist.org/observations/163655448,"2024-06-24 09:33:08"
9133,136416,fly,family,Aphididae,aphid,0,0,3,1,https://www.inaturalist.org/observations/163654478,"2024-06-24 09:36:07"
9134,136417,fly,infraorder,Culicomorpha,fly,0,0,2,0,https://www.inaturalist.org/observations/163654011,"2024-06-24 09:36:07"
9135,136533,caterpillar,order,Lepidoptera,caterpillar,0,0,2,0,https://www.inaturalist.org/observations/163653170,"2024-06-24 09:36:07"
9136,136508,spider,family,Dictynidae,spider,0,0,2,0,https://www.inaturalist.org/observations/163650106,"2024-06-24 09:36:07"
9137,136504,ant,species,"Prenolepis imparis",ant,0,0,3,0,https://www.inaturalist.org/observations/163648862,"2024-06-24 09:36:07"
9138,136492,ant,subgenus,Crematogaster,ant,0,0,3,0,https://www.inaturalist.org/observations/163648140,"2024-06-24 09:36:07"
9139,136465,bee,complex,"Laphria sericea",fly,0,0,5,1,https://www.inaturalist.org/observations/163646195,"2024-06-24 09:36:07"
9140,136455,beetle,family,Mordellidae,beetle,0,0,2,0,https://www.inaturalist.org/observations/163644331,"2024-06-24 09:36:07"
9141,136451,beetle,family,Coccinellidae,beetle,1,0,2,0,https://www.inaturalist.org/observations/163643492,"2024-06-24 09:36:07"
9142,136449,ant,subgenus,Crematogaster,ant,0,0,3,0,https://www.inaturalist.org/observations/163643026,"2024-06-24 09:36:07"
9143,136445,fly,tribe,Orthocladiini,fly,0,0,2,0,https://www.inaturalist.org/observations/163641766,"2024-06-24 09:36:07"
9144,136439,beetle,species,"Synolabus bipustulatus",beetle,0,0,3,0,https://www.inaturalist.org/observations/163640058,"2024-06-24 09:36:07"
9145,136424,caterpillar,family,Geometridae,caterpillar,0,0,2,0,https://www.inaturalist.org/observations/163638105,"2024-06-24 09:36:07"
9146,136378,caterpillar,family,Tortricidae,caterpillar,0,0,2,0,https://www.inaturalist.org/observations/163570032,"2024-06-24 09:39:07"
9147,136365,beetle,family,Ptinidae,beetle,0,0,2,0,https://www.inaturalist.org/observations/163569562,"2024-06-24 09:39:07"
9148,136363,bee,family,Ichneumonidae,bee,0,0,2,0,https://www.inaturalist.org/observations/163568789,"2024-06-24 09:39:07"
9149,136362,bee,family,Braconidae,bee,0,0,2,0,https://www.inaturalist.org/observations/163568409,"2024-06-24 09:39:07"
9150,136361,ant,complex,"Formica fusca",ant,0,0,3,0,https://www.inaturalist.org/observations/163567980,"2024-06-24 09:39:07"
9151,136350,beetle,subfamily,Alleculinae,beetle,0,0,2,0,https://www.inaturalist.org/observations/163567218,"2024-06-24 09:39:07"
9152,136340,unidentified,family,Hemerobiidae,Neuroptera,0,0,1,0,https://www.inaturalist.org/observations/163566505,"2024-06-24 09:39:07"
9153,136334,ant,species,"Camponotus subbarbatus",ant,0,0,3,0,https://www.inaturalist.org/observations/163565819,"2024-06-24 09:39:07"
9154,136333,other,species,"Graphopsocus cruciatus",Psocodea,0,0,3,0,https://www.inaturalist.org/observations/163565475,"2024-06-24 09:39:07"
9155,136331,beetle,species,"Harmonia axyridis",beetle,1,0,4,0,https://www.inaturalist.org/observations/163565097,"2024-06-24 09:39:07"
9156,136328,other,species,"Graphopsocus cruciatus",Psocodea,0,0,3,0,https://www.inaturalist.org/observations/163564009,"2024-06-24 09:39:07"
9157,136324,bee,family,Encyrtidae,bee,0,0,2,0,https://www.inaturalist.org/observations/163563621,"2024-06-24 09:39:07"
9158,136314,leafhopper,species,"Thionia quinquata",leafhopper,0,0,2,0,https://www.inaturalist.org/observations/163562352,"2024-06-24 09:39:07"
9159,136298,leafhopper,species,"Cyrtolobus vau",leafhopper,0,0,3,0,https://www.inaturalist.org/observations/163559822,"2024-06-24 09:39:07"
9160,74381,caterpillar,species,"Lymantria dispar",caterpillar,0,0,3,0,https://www.inaturalist.org/observations/163559399,"2024-06-24 09:39:07"
9161,73037,caterpillar,family,Geometridae,caterpillar,0,0,2,0,https://www.inaturalist.org/observations/163559028,"2024-06-24 09:39:07"
9162,73036,caterpillar,family,Geometridae,caterpillar,0,0,2,0,https://www.inaturalist.org/observations/163558684,"2024-06-24 09:39:07"
9163,73029,caterpillar,superfamily,Noctuoidea,caterpillar,0,0,2,0,https://www.inaturalist.org/observations/163558321,"2024-06-24 09:39:07"
9164,73021,caterpillar,superfamily,Noctuoidea,caterpillar,0,0,2,0,https://www.inaturalist.org/observations/163557932,"2024-06-24 09:39:07"
9165,72652,caterpillar,superfamily,Noctuoidea,caterpillar,0,0,2,0,https://www.inaturalist.org/observations/163557649,"2024-06-24 09:39:07"
9166,72651,caterpillar,species,"Hyphantria cunea",caterpillar,0,0,3,0,https://www.inaturalist.org/observations/163557309,"2024-06-24 09:39:07"
9167,72450,caterpillar,species,"Halysidota tessellaris",caterpillar,0,0,4,0,https://www.inaturalist.org/observations/163556902,"2024-06-24 09:39:07"
9168,72445,caterpillar,complex,"Anisota senatoria",caterpillar,0,0,2,0,https://www.inaturalist.org/observations/163556492,"2024-06-24 09:39:07"
9169,72444,caterpillar,complex,"Anisota senatoria",caterpillar,0,0,2,0,https://www.inaturalist.org/observations/163556040,"2024-06-24 09:39:07"
9170,72430,caterpillar,order,Lepidoptera,caterpillar,0,0,2,0,https://www.inaturalist.org/observations/163555675,"2024-06-24 09:39:07"
9171,72427,caterpillar,family,Geometridae,caterpillar,0,0,2,0,https://www.inaturalist.org/observations/163555232,"2024-06-24 09:39:07"
9172,72103,caterpillar,family,Geometridae,caterpillar,0,0,2,0,https://www.inaturalist.org/observations/163554853,"2024-06-24 09:39:07"
9173,72104,caterpillar,family,Geometridae,caterpillar,0,0,2,0,https://www.inaturalist.org/observations/163554507,"2024-06-24 09:39:07"
9174,72094,caterpillar,superfamily,Noctuoidea,caterpillar,0,0,2,0,https://www.inaturalist.org/observations/163554107,"2024-06-24 09:39:07"
9175,72106,caterpillar,species,"Polygonia interrogationis",caterpillar,0,0,2,0,https://www.inaturalist.org/observations/163553705,"2024-06-24 09:39:07"
9176,72087,caterpillar,order,Lepidoptera,caterpillar,0,0,2,0,https://www.inaturalist.org/observations/163553302,"2024-06-24 09:39:07"
9177,72001,caterpillar,species,"Halysidota tessellaris",caterpillar,0,0,3,0,https://www.inaturalist.org/observations/163552455,"2024-06-24 09:39:07"
9178,71327,caterpillar,family,Geometridae,caterpillar,0,0,2,0,https://www.inaturalist.org/observations/163551195,"2024-06-24 09:39:07"
9179,70366,caterpillar,family,Geometridae,caterpillar,0,0,2,0,https://www.inaturalist.org/observations/163550721,"2024-06-24 09:42:07"
9180,70367,caterpillar,species,"Machimia tentoriferella",caterpillar,0,0,2,0,https://www.inaturalist.org/observations/163550355,"2024-06-24 09:42:07"
9181,70336,caterpillar,family,Geometridae,caterpillar,0,0,2,0,https://www.inaturalist.org/observations/163549943,"2024-06-24 09:42:07"
9182,69842,caterpillar,family,Geometridae,caterpillar,0,0,2,0,https://www.inaturalist.org/observations/163548685,"2024-06-24 09:42:07"
9183,69840,caterpillar,species,"Halysidota tessellaris",caterpillar,0,0,3,0,https://www.inaturalist.org/observations/163547866,"2024-06-24 09:42:07"
9184,69826,caterpillar,family,Geometridae,caterpillar,0,0,2,0,https://www.inaturalist.org/observations/163547374,"2024-06-24 09:42:07"
9185,68872,caterpillar,superfamily,Noctuoidea,caterpillar,0,0,2,0,https://www.inaturalist.org/observations/163546989,"2024-06-24 09:42:07"
9186,68545,caterpillar,family,Geometridae,caterpillar,0,0,2,0,https://www.inaturalist.org/observations/163546513,"2024-06-24 09:42:07"
9187,68500,caterpillar,species,"Halysidota tessellaris",caterpillar,0,0,3,0,https://www.inaturalist.org/observations/163545601,"2024-06-24 09:42:07"
9188,68451,caterpillar,superfamily,Noctuoidea,caterpillar,0,0,2,0,https://www.inaturalist.org/observations/163542864,"2024-06-24 09:42:07"
9189,68414,caterpillar,species,"Hyphantria cunea",caterpillar,0,0,3,0,https://www.inaturalist.org/observations/163541850,"2024-06-24 09:42:07"
9190,68371,caterpillar,species,"Halysidota tessellaris",caterpillar,0,0,4,0,https://www.inaturalist.org/observations/163540593,"2024-06-24 09:42:07"
9191,67632,caterpillar,order,Lepidoptera,caterpillar,0,0,2,0,https://www.inaturalist.org/observations/163537126,"2024-06-24 09:42:07"
9192,67626,caterpillar,species,"Hyphantria cunea",caterpillar,0,0,3,0,https://www.inaturalist.org/observations/163536776,"2024-06-24 09:42:07"
9193,67036,caterpillar,species,"Lymantria dispar",caterpillar,0,0,3,0,https://www.inaturalist.org/observations/163535532,"2024-06-24 09:42:07"
9194,66338,caterpillar,species,"Halysidota tessellaris",caterpillar,0,0,3,0,https://www.inaturalist.org/observations/163534550,"2024-06-24 09:42:07"
9195,66305,caterpillar,genus,Acronicta,caterpillar,0,0,2,0,https://www.inaturalist.org/observations/163533518,"2024-06-24 09:42:07"
9196,66189,caterpillar,family,Noctuidae,caterpillar,0,0,2,0,https://www.inaturalist.org/observations/163532973,"2024-06-24 09:42:07"
9197,66184,caterpillar,family,Geometridae,caterpillar,0,0,2,0,https://www.inaturalist.org/observations/163532487,"2024-06-24 09:42:07"
9198,66117,caterpillar,family,Geometridae,caterpillar,0,0,2,0,https://www.inaturalist.org/observations/163531210,"2024-06-24 09:42:07"
9199,66109,caterpillar,species,"Nematocampa resistaria",caterpillar,0,0,3,0,https://www.inaturalist.org/observations/163530854,"2024-06-24 09:42:07"
9200,66103,caterpillar,superfamily,Noctuoidea,caterpillar,0,0,2,0,https://www.inaturalist.org/observations/163530364,"2024-06-24 09:42:07"
9201,65863,caterpillar,family,Geometridae,caterpillar,0,0,2,0,https://www.inaturalist.org/observations/163529484,"2024-06-24 09:42:07"
9202,65772,caterpillar,superfamily,Noctuoidea,caterpillar,0,0,2,0,https://www.inaturalist.org/observations/163528630,"2024-06-24 09:45:07"
9203,65644,caterpillar,family,Geometridae,caterpillar,0,0,2,0,https://www.inaturalist.org/observations/163527761,"2024-06-24 09:45:07"
9204,65643,caterpillar,genus,Acronicta,caterpillar,0,0,2,0,https://www.inaturalist.org/observations/163527355,"2024-06-24 09:45:07"
9205,63252,caterpillar,family,Noctuidae,caterpillar,0,0,2,0,https://www.inaturalist.org/observations/163526513,"2024-06-24 09:45:07"
9206,63118,caterpillar,species,"Orgyia leucostigma",caterpillar,0,0,3,0,https://www.inaturalist.org/observations/163526043,"2024-06-24 09:45:07"
9207,62372,caterpillar,genus,Chionodes,caterpillar,0,0,3,0,https://www.inaturalist.org/observations/163523036,"2024-06-24 09:45:07"
9208,62371,caterpillar,order,Lepidoptera,caterpillar,0,0,2,0,https://www.inaturalist.org/observations/163522159,"2024-06-24 09:45:07"
9209,62367,caterpillar,order,Lepidoptera,caterpillar,0,0,2,0,https://www.inaturalist.org/observations/163521760,"2024-06-24 09:45:07"
9210,62361,caterpillar,order,Lepidoptera,caterpillar,0,0,2,0,https://www.inaturalist.org/observations/163521318,"2024-06-24 09:45:07"
9211,61839,caterpillar,family,Geometridae,caterpillar,0,0,2,0,https://www.inaturalist.org/observations/163518152,"2024-06-24 09:45:07"
9212,61178,caterpillar,species,"Lymantria dispar",caterpillar,0,0,3,0,https://www.inaturalist.org/observations/163517686,"2024-06-24 09:45:07"
9213,60281,caterpillar,species,"Cecrita guttivitta",caterpillar,0,0,4,0,https://www.inaturalist.org/observations/163516692,"2024-06-24 09:45:07"
9214,60265,caterpillar,genus,Acronicta,caterpillar,0,0,2,0,https://www.inaturalist.org/observations/163515319,"2024-06-24 09:45:07"
9215,60251,caterpillar,species,"Hypagyrtis unipunctata",caterpillar,0,0,2,0,https://www.inaturalist.org/observations/163514531,"2024-06-24 09:45:07"
9216,60247,caterpillar,species,"Cecrita biundata",caterpillar,0,0,4,0,https://www.inaturalist.org/observations/163514064,"2024-06-24 09:45:07"
9217,60236,caterpillar,species,"Morrisonia confusa",caterpillar,0,0,3,0,https://www.inaturalist.org/observations/163513578,"2024-06-24 09:45:07"
9218,59507,caterpillar,superfamily,Noctuoidea,caterpillar,0,0,2,0,https://www.inaturalist.org/observations/163511812,"2024-06-24 09:45:07"
9219,59180,caterpillar,family,Geometridae,caterpillar,0,0,2,0,https://www.inaturalist.org/observations/163510628,"2024-06-24 09:45:07"
9220,59159,caterpillar,species,"Cecrita biundata",caterpillar,0,0,3,0,https://www.inaturalist.org/observations/163509192,"2024-06-24 09:45:07"
9221,59127,caterpillar,family,Geometridae,caterpillar,0,0,2,0,https://www.inaturalist.org/observations/163507772,"2024-06-24 09:45:07"
9222,57893,caterpillar,family,Geometridae,caterpillar,0,0,2,0,https://www.inaturalist.org/observations/163507337,"2024-06-24 09:45:07"
9223,57838,caterpillar,family,Geometridae,caterpillar,0,0,2,0,https://www.inaturalist.org/observations/163506453,"2024-06-24 09:45:07"
9224,58808,caterpillar,family,Geometridae,caterpillar,0,0,2,0,https://www.inaturalist.org/observations/163505970,"2024-06-24 09:45:07"
9225,53746,caterpillar,family,Noctuidae,caterpillar,0,0,2,0,https://www.inaturalist.org/observations/163505515,"2024-06-24 09:48:07"
9226,41141,caterpillar,family,Geometridae,caterpillar,0,0,2,0,https://www.inaturalist.org/observations/163504548,"2024-06-24 09:48:07"
9227,59276,caterpillar,family,Geometridae,caterpillar,0,0,2,0,https://www.inaturalist.org/observations/163504078,"2024-06-24 09:48:07"
9228,13018,caterpillar,species,"Hypsoropha hormos",caterpillar,0,0,2,0,https://www.inaturalist.org/observations/163502995,"2024-06-24 09:48:07"
9229,13015,caterpillar,species,"Hypagyrtis unipunctata",caterpillar,0,0,2,0,https://www.inaturalist.org/observations/163502446,"2024-06-24 09:48:07"
9230,13014,caterpillar,family,Geometridae,caterpillar,0,0,2,0,https://www.inaturalist.org/observations/163501905,"2024-06-24 09:48:07"
9231,12989,caterpillar,family,Geometridae,caterpillar,0,0,2,0,https://www.inaturalist.org/observations/163500885,"2024-06-24 09:48:07"
9232,12961,caterpillar,family,Geometridae,caterpillar,0,0,2,0,https://www.inaturalist.org/observations/163500378,"2024-06-24 09:48:07"
9233,12952,caterpillar,superfamily,Noctuoidea,caterpillar,0,0,2,0,https://www.inaturalist.org/observations/163499955,"2024-06-24 09:48:07"
9234,12931,caterpillar,family,Geometridae,caterpillar,0,0,2,0,https://www.inaturalist.org/observations/163499402,"2024-06-24 09:48:07"
9235,12924,caterpillar,family,Geometridae,caterpillar,0,0,2,0,https://www.inaturalist.org/observations/163498999,"2024-06-24 09:48:07"
9236,12800,caterpillar,species,"Halysidota tessellaris",caterpillar,0,0,3,0,https://www.inaturalist.org/observations/163498436,"2024-06-24 09:48:07"
9237,12797,caterpillar,family,Geometridae,caterpillar,0,0,2,0,https://www.inaturalist.org/observations/163497776,"2024-06-24 09:48:07"
9238,12591,caterpillar,species,"Acharia stimulea",caterpillar,0,0,4,0,https://www.inaturalist.org/observations/163497253,"2024-06-24 09:48:07"
9239,12552,caterpillar,family,Geometridae,caterpillar,0,0,2,0,https://www.inaturalist.org/observations/163496748,"2024-06-24 09:48:07"
9240,12504,caterpillar,superfamily,Noctuoidea,caterpillar,0,0,2,0,https://www.inaturalist.org/observations/163496308,"2024-06-24 09:48:07"
9241,12474,caterpillar,family,Geometridae,caterpillar,0,0,2,0,https://www.inaturalist.org/observations/163495900,"2024-06-24 09:48:07"
9242,7385,caterpillar,superfamily,Noctuoidea,caterpillar,0,0,2,0,https://www.inaturalist.org/observations/163490228,"2024-06-24 09:48:07"
9243,7383,caterpillar,species,"Hyphantria cunea",caterpillar,0,0,3,0,https://www.inaturalist.org/observations/163489730,"2024-06-24 09:48:07"
9244,7345,caterpillar,species,"Epimecis hortaria",caterpillar,0,0,3,0,https://www.inaturalist.org/observations/163489309,"2024-06-24 09:48:07"
9245,7337,caterpillar,family,Geometridae,caterpillar,0,0,2,0,https://www.inaturalist.org/observations/163488747,"2024-06-24 09:48:07"
9246,7333,caterpillar,family,Geometridae,caterpillar,0,0,2,0,https://www.inaturalist.org/observations/163488333,"2024-06-24 09:48:07"
9247,7328,caterpillar,species,"Schizura ipomaeae",caterpillar,0,0,4,0,https://www.inaturalist.org/observations/163487936,"2024-06-24 09:48:07"
9248,7301,caterpillar,species,"Actias luna",caterpillar,0,0,3,0,https://www.inaturalist.org/observations/163487256,"2024-06-24 09:48:07"
9249,7284,caterpillar,family,Noctuidae,caterpillar,0,0,2,0,https://www.inaturalist.org/observations/163486797,"2024-06-24 09:48:07"
9250,6814,caterpillar,species,"Cecrita guttivitta",caterpillar,0,0,4,0,https://www.inaturalist.org/observations/163485935,"2024-06-24 09:48:07"
9251,6256,caterpillar,superfamily,Noctuoidea,caterpillar,0,0,2,0,https://www.inaturalist.org/observations/163485536,"2024-06-24 09:48:07"
9252,5585,caterpillar,species,"Cecrita guttivitta",caterpillar,0,0,4,0,https://www.inaturalist.org/observations/163483649,"2024-06-24 09:48:07"
9253,3402,caterpillar,superfamily,Noctuoidea,caterpillar,0,0,2,0,https://www.inaturalist.org/observations/163482911,"2024-06-24 09:48:07"
9254,3391,caterpillar,superfamily,Noctuoidea,caterpillar,0,0,2,0,https://www.inaturalist.org/observations/163482534,"2024-06-24 09:48:07"
9255,3366,caterpillar,species,"Acronicta impleta",caterpillar,0,0,3,0,https://www.inaturalist.org/observations/163481818,"2024-06-24 09:51:07"
9256,3347,caterpillar,order,Lepidoptera,caterpillar,0,0,1,0,https://www.inaturalist.org/observations/163481514,"2024-06-24 09:51:07"
9257,3022,caterpillar,family,Geometridae,caterpillar,0,0,2,0,https://www.inaturalist.org/observations/163481105,"2024-06-24 09:51:07"
9258,136295,other,suborder,Hemerobiiformia,Neuroptera,0,0,2,0,https://www.inaturalist.org/observations/163476245,"2024-06-24 09:51:07"
9259,136294,spider,family,Thomisidae,spider,0,0,2,0,https://www.inaturalist.org/observations/163475895,"2024-06-24 09:51:07"
9260,136293,truebugs,family,Miridae,truebugs,0,0,2,0,https://www.inaturalist.org/observations/163475550,"2024-06-24 09:51:07"
9261,136290,aphid,family,Aphididae,aphid,0,0,2,0,https://www.inaturalist.org/observations/163474845,"2024-06-24 09:51:07"
9262,136288,truebugs,family,Miridae,truebugs,0,0,2,0,https://www.inaturalist.org/observations/163474436,"2024-06-24 09:51:07"
9263,136285,beetle,species,"Harmonia axyridis",beetle,1,0,4,0,https://www.inaturalist.org/observations/163473737,"2024-06-24 09:51:07"
9264,136284,beetle,species,"Cyrtepistomus castaneus",beetle,0,0,3,0,https://www.inaturalist.org/observations/163473308,"2024-06-24 09:51:07"
9265,136283,unidentified,suborder,Hemerobiiformia,Neuroptera,0,0,1,0,https://www.inaturalist.org/observations/163473025,"2024-06-24 09:51:07"
9266,136271,leafhopper,species,"Graphocephala versuta",leafhopper,0,0,4,0,https://www.inaturalist.org/observations/163471683,"2024-06-24 09:51:07"
9267,136269,caterpillar,species,"Lymantria dispar",caterpillar,0,0,3,0,https://www.inaturalist.org/observations/163424813,"2024-06-24 09:51:07"
9268,136268,caterpillar,species,"Lymantria dispar",caterpillar,0,0,3,0,https://www.inaturalist.org/observations/163424539,"2024-06-24 09:51:07"
9269,136267,caterpillar,species,"Lymantria dispar",caterpillar,0,0,3,0,https://www.inaturalist.org/observations/163423995,"2024-06-24 09:51:07"
9270,136266,caterpillar,order,Lepidoptera,caterpillar,0,0,2,0,https://www.inaturalist.org/observations/163423516,"2024-06-24 09:51:07"
9271,136265,caterpillar,superfamily,Tenthredinoidea,bee,0,1,3,1,https://www.inaturalist.org/observations/163421370,"2024-06-24 09:51:07"
9272,136264,caterpillar,subclass,Pterygota,bee,0,1,2,1,https://www.inaturalist.org/observations/163421040,"2024-06-24 09:51:07"
9273,136263,caterpillar,order,Lepidoptera,caterpillar,0,0,2,0,https://www.inaturalist.org/observations/163418178,"2024-06-24 09:51:07"
9274,136262,caterpillar,family,Tortricidae,caterpillar,0,0,2,0,https://www.inaturalist.org/observations/163417403,"2024-06-24 09:51:07"
9275,136261,caterpillar,species,"Lymantria dispar",caterpillar,0,0,3,0,https://www.inaturalist.org/observations/163416046,"2024-06-24 09:51:07"
9276,136260,caterpillar,family,Tortricidae,caterpillar,0,0,2,0,https://www.inaturalist.org/observations/163415661,"2024-06-24 09:51:07"
9277,136259,caterpillar,order,Lepidoptera,caterpillar,0,0,2,0,https://www.inaturalist.org/observations/163413835,"2024-06-24 09:51:07"
9278,136255,caterpillar,order,Lepidoptera,caterpillar,0,0,2,0,https://www.inaturalist.org/observations/163412286,"2024-06-24 09:51:07"
9279,136254,caterpillar,superfamily,Tortricoidea,caterpillar,0,0,2,0,https://www.inaturalist.org/observations/163411872,"2024-06-24 09:51:07"
9280,136253,caterpillar,superfamily,Tortricoidea,caterpillar,0,0,2,0,https://www.inaturalist.org/observations/163411485,"2024-06-24 09:51:07"
9281,136237,beetle,species,"Polydrusus formosus",beetle,0,0,3,0,https://www.inaturalist.org/observations/163346938,"2024-06-24 09:54:06"
9282,136230,ant,subclass,Pterygota,aphid,0,0,2,1,https://www.inaturalist.org/observations/163341177,"2024-06-24 09:54:06"
9283,136228,ant,subclass,Pterygota,aphid,0,0,2,1,https://www.inaturalist.org/observations/163340144,"2024-06-24 09:54:06"
9284,136219,ant,subgenus,Myrmentoma,ant,0,0,2,0,https://www.inaturalist.org/observations/163331782,"2024-06-24 09:54:06"
9285,136206,leafhopper,tribe,Thioniini,leafhopper,0,0,2,0,https://www.inaturalist.org/observations/163330337,"2024-06-24 09:54:06"
9286,136199,ant,species,"Camponotus subbarbatus",ant,0,0,3,0,https://www.inaturalist.org/observations/163328596,"2024-06-24 09:54:06"
9287,136192,spider,family,Philodromidae,spider,0,0,2,0,https://www.inaturalist.org/observations/163327241,"2024-06-24 09:54:06"
9288,136181,leafhopper,genus,Stictocephala,leafhopper,0,0,2,0,https://www.inaturalist.org/observations/163324304,"2024-06-24 09:54:06"
9289,136180,beetle,superfamily,Elateroidea,beetle,0,0,2,0,https://www.inaturalist.org/observations/163323702,"2024-06-24 09:54:06"
9290,136179,spider,genus,Wulfila,spider,0,0,2,0,https://www.inaturalist.org/observations/163323123,"2024-06-24 09:54:06"
9291,136163,caterpillar,species,"Epimecis hortaria",caterpillar,0,0,3,0,https://www.inaturalist.org/observations/163320632,"2024-06-24 09:54:06"
9292,136129,beetle,genus,Photuris,beetle,0,0,4,0,https://www.inaturalist.org/observations/163318157,"2024-06-24 09:54:06"
9293,136126,ant,complex,"Formica fusca",ant,0,0,4,0,https://www.inaturalist.org/observations/163317234,"2024-06-24 09:54:06"
9294,136108,spider,genus,Wulfila,spider,0,0,2,0,https://www.inaturalist.org/observations/163314879,"2024-06-24 09:54:06"
9295,136080,fly,genus,Condylostylus,fly,0,0,4,0,https://www.inaturalist.org/observations/163310508,"2024-06-24 09:57:07"
9296,136079,fly,superfamily,Oestroidea,fly,0,0,2,0,https://www.inaturalist.org/observations/163310035,"2024-06-24 09:57:07"
9297,136078,fly,complex,"Condylostylus sipho",fly,0,0,4,0,https://www.inaturalist.org/observations/163309597,"2024-06-24 09:57:07"
9298,136073,fly,zoosection,Schizophora,fly,0,0,2,0,https://www.inaturalist.org/observations/163309136,"2024-06-24 09:57:07"
9299,136053,spider,species,"Lyssomanes viridis",spider,0,0,3,0,https://www.inaturalist.org/observations/163306064,"2024-06-24 09:57:07"
9300,135865,beetle,species,"Agrilus planipennis",beetle,0,0,3,0,https://www.inaturalist.org/observations/163244200,"2024-06-24 09:57:07"
9301,135864,ant,species,"Camponotus chromaiodes",ant,0,0,3,0,https://www.inaturalist.org/observations/163243762,"2024-06-24 09:57:07"
9302,136020,caterpillar,family,Geometridae,caterpillar,0,0,3,0,https://www.inaturalist.org/observations/163216663,"2024-06-24 09:57:07"
9303,136019,caterpillar,family,Geometridae,caterpillar,0,0,4,0,https://www.inaturalist.org/observations/163216189,"2024-06-24 09:57:07"
9304,136016,caterpillar,family,Tortricidae,caterpillar,0,0,3,0,https://www.inaturalist.org/observations/163215696,"2024-06-24 09:57:07"
9305,136015,caterpillar,family,Erebidae,caterpillar,0,0,3,0,https://www.inaturalist.org/observations/163215177,"2024-06-24 09:57:07"
9306,136012,caterpillar,superfamily,Tenthredinoidea,bee,0,1,3,1,https://www.inaturalist.org/observations/163214195,"2024-06-24 09:57:07"
9307,136011,caterpillar,order,Lepidoptera,caterpillar,0,0,2,0,https://www.inaturalist.org/observations/163213563,"2024-06-24 09:57:07"
9308,136010,caterpillar,family,Geometridae,caterpillar,0,0,3,0,https://www.inaturalist.org/observations/163213083,"2024-06-24 09:57:07"
9309,136009,caterpillar,family,Noctuidae,caterpillar,0,0,2,0,https://www.inaturalist.org/observations/163212613,"2024-06-24 09:57:07"
9310,136002,caterpillar,superfamily,Tortricoidea,caterpillar,0,0,2,0,https://www.inaturalist.org/observations/163211038,"2024-06-24 09:57:07"
9311,135999,caterpillar,family,Noctuidae,caterpillar,0,0,3,0,https://www.inaturalist.org/observations/163210601,"2024-06-24 09:57:07"
9312,135996,caterpillar,species,"Lymantria dispar",caterpillar,0,0,3,0,https://www.inaturalist.org/observations/163209575,"2024-06-24 09:57:07"
9313,135980,caterpillar,genus,Pyreferra,caterpillar,0,0,2,0,https://www.inaturalist.org/observations/163177962,"2024-06-24 09:57:07"
9314,135979,caterpillar,genus,Pyreferra,caterpillar,0,0,2,0,https://www.inaturalist.org/observations/163177424,"2024-06-24 09:57:07"
9315,135958,fly,genus,Cricotopus,fly,0,0,2,0,https://www.inaturalist.org/observations/163171932,"2024-06-17 09:24:06"
9316,135957,fly,family,Chironomidae,fly,0,0,2,0,https://www.inaturalist.org/observations/163171383,"2024-06-17 09:24:06"
9317,135947,caterpillar,family,Geometridae,caterpillar,0,0,2,0,https://www.inaturalist.org/observations/163170706,"2024-06-17 09:24:06"
9318,135933,caterpillar,superfamily,Noctuoidea,caterpillar,0,0,2,0,https://www.inaturalist.org/observations/163167250,"2024-06-17 09:24:06"
9319,135927,fly,family,Chironomidae,fly,0,0,2,0,https://www.inaturalist.org/observations/163164853,"2024-06-17 09:24:06"
9320,135871,ant,species,"Camponotus subbarbatus",ant,0,0,3,0,https://www.inaturalist.org/observations/163133679,"2024-06-17 09:24:06"
9321,135853,spider,genus,Anyphaena,spider,0,0,2,0,https://www.inaturalist.org/observations/163129822,"2024-06-17 09:24:06"
9322,135849,spider,genus,Philodromus,spider,0,0,2,0,https://www.inaturalist.org/observations/163128812,"2024-06-17 09:24:06"
9323,135817,spider,genus,Wulfila,spider,0,0,2,0,https://www.inaturalist.org/observations/163122258,"2024-06-17 09:24:06"
9324,135811,beetle,family,Elateridae,beetle,0,0,2,0,https://www.inaturalist.org/observations/163121095,"2024-06-17 09:24:06"
9325,135807,truebugs,genus,Banasa,truebugs,0,0,3,0,https://www.inaturalist.org/observations/163119938,"2024-06-17 09:24:06"
9326,135806,ant,species,"Camponotus americanus",ant,0,0,4,0,https://www.inaturalist.org/observations/163119434,"2024-06-17 09:24:06"
9327,135801,ant,species,"Prenolepis imparis",ant,0,0,3,0,https://www.inaturalist.org/observations/163119000,"2024-06-17 09:24:06"
9328,135800,beetle,family,Mordellidae,beetle,0,0,2,0,https://www.inaturalist.org/observations/163118512,"2024-06-17 09:24:06"
9329,135793,beetle,family,Mordellidae,beetle,0,0,2,0,https://www.inaturalist.org/observations/163117723,"2024-06-17 09:24:06"
9330,135792,beetle,family,Elateridae,beetle,0,0,3,0,https://www.inaturalist.org/observations/163117322,"2024-06-17 09:24:06"
9331,135781,beetle,tribe,Coccinellini,beetle,0,0,3,0,https://www.inaturalist.org/observations/163115330,"2024-06-17 09:27:06"
9332,135778,beetle,family,Elateridae,beetle,0,0,3,0,https://www.inaturalist.org/observations/163114999,"2024-06-17 09:27:06"
9333,135772,fly,genus,Macrocera,fly,0,0,3,0,https://www.inaturalist.org/observations/163113907,"2024-06-17 09:27:06"
9334,135770,beetle,superfamily,Elateroidea,beetle,0,0,2,0,https://www.inaturalist.org/observations/163113147,"2024-06-17 09:27:06"
9335,135766,grasshopper,suborder,Ensifera,grasshopper,0,0,2,0,https://www.inaturalist.org/observations/163112663,"2024-06-17 09:27:06"
9336,135757,ant,species,"Camponotus subbarbatus",ant,0,0,2,0,https://www.inaturalist.org/observations/163111303,"2024-06-17 09:27:06"
9337,135747,caterpillar,family,Geometridae,caterpillar,0,0,2,0,https://www.inaturalist.org/observations/163110073,"2024-06-17 09:27:06"
9338,135743,fly,subclass,Pterygota,ant,0,0,2,1,https://www.inaturalist.org/observations/162962568,"2024-06-17 09:27:06"
9339,135575,bee,family,Ichneumonidae,bee,0,0,2,0,https://www.inaturalist.org/observations/162495303,"2024-06-17 09:27:06"
9340,135552,other,species,"Micromus posticus",Neuroptera,0,0,3,0,https://www.inaturalist.org/observations/162490690,"2024-06-17 09:27:06"
9341,135415,grasshopper,family,Tettigoniidae,grasshopper,0,0,2,0,https://www.inaturalist.org/observations/162380049,"2024-06-17 09:30:08"
9342,135044,bee,suborder,Apocrita,bee,0,0,2,0,https://www.inaturalist.org/observations/162158941,"2024-06-17 09:39:07"
9343,134999,spider,family,Thomisidae,spider,0,0,2,0,https://www.inaturalist.org/observations/161997004,"2024-06-17 09:42:06"
9344,134911,spider,genus,Wulfila,spider,0,0,2,0,https://www.inaturalist.org/observations/161981667,"2024-06-17 09:42:06"
9345,134504,bee,suborder,Symphyta,bee,0,1,1,0,https://www.inaturalist.org/observations/161228093,"2024-06-17 09:54:07"
9346,131142,caterpillar,order,Lepidoptera,caterpillar,0,0,2,0,https://www.inaturalist.org/observations/129666870,"2024-06-03 09:36:06"
9347,126081,caterpillar,family,Geometridae,caterpillar,0,0,2,0,https://www.inaturalist.org/observations/126064693,"2024-05-20 09:57:05"
9348,118263,caterpillar,family,Geometridae,caterpillar,0,0,2,0,https://www.inaturalist.org/observations/122184433,"2023-07-24 09:42:05"
9349,116179,caterpillar,family,Geometridae,caterpillar,0,0,2,0,https://www.inaturalist.org/observations/121582920,"2023-07-17 09:33:06"
9350,110051,fly,genus,Platypalpus,fly,0,0,3,0,https://www.inaturalist.org/observations/118798171,"2023-07-03 09:36:06"
9351,102629,caterpillar,family,Geometridae,caterpillar,0,0,2,0,https://www.inaturalist.org/observations/90664651,"2023-06-19 09:54:05"
9352,101893,fly,species,"Coenosia tigrina",fly,0,0,2,0,https://www.inaturalist.org/observations/89815613,"2023-06-12 09:27:06"
9353,139064,caterpillar,superfamily,Tortricoidea,caterpillar,0,0,2,0,https://www.inaturalist.org/observations/165590015,"2024-07-15 09:54:06"
9354,139060,spider,family,Araneidae,spider,0,0,2,0,https://www.inaturalist.org/observations/165587046,"2024-07-15 09:54:06"
9355,139049,spider,species,"Araniella displicata",spider,0,0,3,0,https://www.inaturalist.org/observations/165581335,"2024-07-15 09:54:06"
9356,138927,caterpillar,order,Lepidoptera,caterpillar,0,0,2,0,https://www.inaturalist.org/observations/165201562,"2024-07-15 09:57:06"
9357,138887,caterpillar,family,Geometridae,caterpillar,0,0,2,0,https://www.inaturalist.org/observations/165191644,"2024-07-15 09:57:06"
9358,138876,spider,genus,Clubiona,spider,0,0,2,0,https://www.inaturalist.org/observations/165188654,"2024-07-15 09:57:06"
9359,138862,spider,family,Theridiidae,spider,0,0,2,0,https://www.inaturalist.org/observations/165185766,"2024-07-15 09:57:06"
9360,138858,caterpillar,order,Lepidoptera,caterpillar,0,0,2,0,https://www.inaturalist.org/observations/165184901,"2024-07-15 09:57:06"
9361,138618,leafhopper,subfamily,Smiliinae,leafhopper,0,0,2,0,https://www.inaturalist.org/observations/165163520,"2024-07-15 09:57:06"
9362,138611,fly,zoosubsection,Calyptratae,fly,0,0,2,0,https://www.inaturalist.org/observations/165163074,"2024-07-15 09:57:06"
9363,138603,beetle,subclass,Pterygota,truebugs,0,0,2,1,https://www.inaturalist.org/observations/165161321,"2024-07-08 09:45:05"
9364,138602,beetle,species,"Harmonia axyridis",beetle,1,0,3,0,https://www.inaturalist.org/observations/165160725,"2024-07-08 09:45:05"
9365,138591,beetle,species,"Harmonia axyridis",beetle,1,0,3,0,https://www.inaturalist.org/observations/165159290,"2024-07-08 09:45:05"
9366,138579,spider,species,"Wulfila albens",spider,0,0,2,0,https://www.inaturalist.org/observations/165157592,"2024-07-08 09:45:05"
9367,138578,leafhopper,species,"Flatormenis proxima",leafhopper,0,0,2,0,https://www.inaturalist.org/observations/165157182,"2024-07-08 09:45:05"
9368,138573,spider,species,"Synema parvulum",spider,0,0,3,0,https://www.inaturalist.org/observations/165155468,"2024-07-08 09:45:05"
9369,138562,leafhopper,species,"Thionia quinquata",leafhopper,0,0,2,0,https://www.inaturalist.org/observations/165153278,"2024-07-08 09:45:05"
9370,138555,spider,genus,Philodromus,spider,0,0,2,0,https://www.inaturalist.org/observations/165152856,"2024-07-08 09:45:05"
9371,138554,leafhopper,species,"Flatormenis proxima",leafhopper,0,0,2,0,https://www.inaturalist.org/observations/165152391,"2024-07-08 09:45:05"
9372,138553,leafhopper,species,"Thionia quinquata",leafhopper,0,0,2,0,https://www.inaturalist.org/observations/165151924,"2024-07-08 09:45:05"
9373,138548,leafhopper,species,"Thionia quinquata",leafhopper,0,0,2,0,https://www.inaturalist.org/observations/165150579,"2024-07-08 09:45:05"
9374,138547,caterpillar,family,Geometridae,caterpillar,0,0,2,0,https://www.inaturalist.org/observations/165150183,"2024-07-08 09:45:05"
9375,138522,fly,genus,Homoneura,fly,0,0,2,0,https://www.inaturalist.org/observations/165144905,"2024-07-08 09:45:05"
9376,138516,caterpillar,family,Geometridae,caterpillar,0,0,2,0,https://www.inaturalist.org/observations/165144409,"2024-07-08 09:45:05"
9377,138511,spider,genus,Wulfila,spider,0,0,2,0,https://www.inaturalist.org/observations/165143636,"2024-07-08 09:45:05"
9378,138492,spider,genus,Wulfila,spider,0,0,2,0,https://www.inaturalist.org/observations/165139251,"2024-07-08 09:48:05"
9379,138485,leafhopper,tribe,Ceresini,leafhopper,0,0,2,0,https://www.inaturalist.org/observations/165138230,"2024-07-08 09:48:05"
9380,138484,spider,species,"Lyssomanes viridis",spider,0,0,3,0,https://www.inaturalist.org/observations/165137740,"2024-07-08 09:48:05"
9381,138481,fly,complex,"Condylostylus caudatus",fly,0,0,3,0,https://www.inaturalist.org/observations/165136912,"2024-07-08 09:48:05"
9382,138465,caterpillar,family,Geometridae,caterpillar,0,0,2,0,https://www.inaturalist.org/observations/165135862,"2024-07-08 09:48:05"
9383,138450,caterpillar,family,Geometridae,caterpillar,0,0,2,0,https://www.inaturalist.org/observations/165133601,"2024-07-08 09:48:05"
9384,138437,fly,zoosubsection,Acalyptratae,fly,0,0,2,0,https://www.inaturalist.org/observations/165131562,"2024-07-08 09:48:05"
9385,138429,spider,tribe,Misumenini,spider,0,0,3,0,https://www.inaturalist.org/observations/165131196,"2024-07-08 09:48:05"
9386,138427,caterpillar,family,Geometridae,caterpillar,0,0,2,0,https://www.inaturalist.org/observations/165130867,"2024-07-08 09:48:05"
9387,138398,caterpillar,order,Lepidoptera,caterpillar,0,0,2,0,https://www.inaturalist.org/observations/165058797,"2024-07-08 09:48:05"
9388,138397,caterpillar,family,Geometridae,caterpillar,0,0,2,0,https://www.inaturalist.org/observations/165058473,"2024-07-08 09:48:05"
9389,138396,caterpillar,order,Lepidoptera,caterpillar,0,0,2,0,https://www.inaturalist.org/observations/165057852,"2024-07-08 09:48:05"
9390,138390,caterpillar,order,Lepidoptera,caterpillar,0,0,2,0,https://www.inaturalist.org/observations/165054975,"2024-07-08 09:48:05"
9391,138389,moths,genus,Coleophora,moths,0,0,2,0,https://www.inaturalist.org/observations/165053385,"2024-07-08 09:48:05"
9392,138388,moths,genus,Coleophora,moths,0,0,2,0,https://www.inaturalist.org/observations/165053001,"2024-07-08 09:48:05"
9393,138387,caterpillar,family,Geometridae,caterpillar,0,0,2,0,https://www.inaturalist.org/observations/165051845,"2024-07-08 09:48:05"
9394,138386,caterpillar,order,Lepidoptera,caterpillar,0,0,2,0,https://www.inaturalist.org/observations/165051522,"2024-07-08 09:48:05"
9395,138384,caterpillar,order,Lepidoptera,caterpillar,0,0,2,0,https://www.inaturalist.org/observations/165050756,"2024-07-08 09:48:05"
9396,138382,caterpillar,order,Lepidoptera,caterpillar,0,0,2,0,https://www.inaturalist.org/observations/165050100,"2024-07-08 09:51:05"
9397,138378,caterpillar,superfamily,Tenthredinoidea,bee,0,1,3,1,https://www.inaturalist.org/observations/165046790,"2024-07-08 09:51:05"
9398,138336,beetle,species,"Hylobius pales",beetle,0,0,3,0,https://www.inaturalist.org/observations/165018451,"2024-07-08 09:51:05"
9399,138244,caterpillar,order,Lepidoptera,caterpillar,0,0,2,0,https://www.inaturalist.org/observations/164979699,"2024-07-08 09:51:05"
9400,138224,moths,species,"Mathildana newmanella",moths,0,0,3,0,https://www.inaturalist.org/observations/164976981,"2024-07-08 09:51:05"
9401,138222,beetle,family,Elateridae,beetle,0,0,2,0,https://www.inaturalist.org/observations/164976648,"2024-07-08 09:51:05"
9402,138217,spider,order,Araneae,spider,0,0,2,0,https://www.inaturalist.org/observations/164975746,"2024-07-08 09:51:05"
9403,138208,caterpillar,order,Lepidoptera,caterpillar,0,0,2,0,https://www.inaturalist.org/observations/164974927,"2024-07-08 09:51:05"
9404,138206,other,subclass,Pterygota,beetle,0,0,2,1,https://www.inaturalist.org/observations/164974125,"2024-07-08 09:51:05"
9405,138202,spider,genus,Philodromus,spider,0,0,2,0,https://www.inaturalist.org/observations/164973768,"2024-07-08 09:51:05"
9406,138185,spider,genus,Anyphaena,spider,0,0,2,0,https://www.inaturalist.org/observations/164971907,"2024-07-08 09:51:05"
9407,138181,ant,subgenus,Myrmentoma,ant,0,0,3,0,https://www.inaturalist.org/observations/164971478,"2024-07-08 09:51:05"
9408,138174,beetle,superfamily,Elateroidea,beetle,0,0,2,0,https://www.inaturalist.org/observations/164970253,"2024-07-08 09:51:05"
9409,138162,fly,superfamily,Tipuloidea,fly,0,0,2,0,https://www.inaturalist.org/observations/164968439,"2024-07-08 09:54:05"
9410,138145,caterpillar,order,Lepidoptera,caterpillar,0,0,3,0,https://www.inaturalist.org/observations/164874228,"2024-07-08 09:54:05"
9411,138143,caterpillar,order,Lepidoptera,caterpillar,0,0,3,0,https://www.inaturalist.org/observations/164873342,"2024-07-08 09:54:05"
9412,138140,caterpillar,order,Lepidoptera,caterpillar,0,0,2,0,https://www.inaturalist.org/observations/164871602,"2024-07-08 09:54:05"
9413,138138,caterpillar,species,"Lymantria dispar",caterpillar,0,0,4,0,https://www.inaturalist.org/observations/164870159,"2024-07-08 09:54:05"
9414,138136,caterpillar,order,Lepidoptera,caterpillar,0,0,3,0,https://www.inaturalist.org/observations/164868540,"2024-07-08 09:54:05"
9415,138130,spider,family,Salticidae,spider,0,0,2,0,https://www.inaturalist.org/observations/164862733,"2024-07-08 09:54:05"
9416,138122,spider,suborder,Heteroptera,truebugs,0,0,4,1,https://www.inaturalist.org/observations/164855386,"2024-07-08 09:54:05"
9417,138118,unidentified,family,Miridae,truebugs,0,0,1,0,https://www.inaturalist.org/observations/164825129,"2024-07-08 09:54:05"
9418,138111,bee,tribe,Syrphini,fly,0,0,3,1,https://www.inaturalist.org/observations/164822390,"2024-07-08 09:54:05"
9419,138103,truebugs,family,Miridae,truebugs,0,0,2,0,https://www.inaturalist.org/observations/164820477,"2024-07-08 09:54:05"
9420,138066,spider,species,"Harmonia axyridis",beetle,1,0,3,0,https://www.inaturalist.org/observations/164812082,"2024-07-08 09:54:05"
9421,138055,other,species,"Graphopsocus cruciatus",Psocodea,0,0,3,0,https://www.inaturalist.org/observations/164809760,"2024-07-08 09:54:05"
9422,138053,ant,complex,"Formica fusca",ant,0,0,3,0,https://www.inaturalist.org/observations/164809189,"2024-07-08 09:54:05"
9423,138044,aphid,family,Aphididae,aphid,0,0,2,0,https://www.inaturalist.org/observations/164807311,"2024-07-08 09:54:05"
9424,138043,other,species,"Graphopsocus cruciatus",Psocodea,0,0,3,0,https://www.inaturalist.org/observations/164806928,"2024-07-08 09:54:05"
9425,138038,beetle,family,Coccinellidae,beetle,1,0,2,0,https://www.inaturalist.org/observations/164806573,"2024-07-08 09:54:05"
9426,138036,beetle,species,"Harmonia axyridis",beetle,0,0,4,0,https://www.inaturalist.org/observations/164806161,"2024-07-08 09:54:05"
9427,138033,beetle,family,Coccinellidae,beetle,1,0,3,0,https://www.inaturalist.org/observations/164805392,"2024-07-08 09:54:05"
9428,138030,beetle,species,"Harmonia axyridis",beetle,0,0,5,0,https://www.inaturalist.org/observations/164804993,"2024-07-08 09:54:05"
9429,138015,leafhopper,tribe,Gyponini,leafhopper,0,0,2,0,https://www.inaturalist.org/observations/164802168,"2024-07-08 09:54:05"
9430,138005,beetle,species,"Harmonia axyridis",beetle,0,0,4,0,https://www.inaturalist.org/observations/164800522,"2024-07-08 09:54:05"
9431,138004,beetle,species,"Cyrtepistomus castaneus",beetle,0,0,3,0,https://www.inaturalist.org/observations/164800201,"2024-07-08 09:57:05"
9432,138000,beetle,species,"Harmonia axyridis",beetle,1,0,4,0,https://www.inaturalist.org/observations/164799412,"2024-07-08 09:57:05"
9433,137985,ant,complex,"Formica fusca",ant,0,0,3,0,https://www.inaturalist.org/observations/164798367,"2024-07-08 09:57:05"
9434,137977,ant,subgenus,Crematogaster,ant,0,0,3,0,https://www.inaturalist.org/observations/164797763,"2024-07-08 09:57:05"
9435,137964,ant,complex,"Formica fusca",ant,0,0,3,0,https://www.inaturalist.org/observations/164796498,"2024-07-08 09:57:05"
9436,137953,spider,species,"Leucauge venusta",spider,0,0,2,0,https://www.inaturalist.org/observations/164739169,"2024-07-08 09:57:05"
9437,137947,caterpillar,family,Geometridae,caterpillar,0,0,2,0,https://www.inaturalist.org/observations/164736969,"2024-07-08 09:57:05"
9438,137942,spider,family,Anyphaenidae,spider,0,0,2,0,https://www.inaturalist.org/observations/164734944,"2024-07-08 09:57:05"
9439,137941,truebugs,species,"Zelus luridus",truebugs,0,0,2,0,https://www.inaturalist.org/observations/164734511,"2024-07-08 09:57:05"
9440,137940,spider,genus,Wulfila,spider,0,0,2,0,https://www.inaturalist.org/observations/164734109,"2024-07-08 09:57:05"
9441,137908,caterpillar,order,Lepidoptera,caterpillar,0,0,3,0,https://www.inaturalist.org/observations/164689593,"2024-07-08 09:57:05"
9442,137893,caterpillar,genus,Chionodes,caterpillar,0,0,2,0,https://www.inaturalist.org/observations/164689174,"2024-07-08 09:57:05"
9443,137892,caterpillar,order,Lepidoptera,caterpillar,0,0,3,0,https://www.inaturalist.org/observations/164688780,"2024-07-08 09:57:05"
9444,137890,caterpillar,species,"Lymantria dispar",caterpillar,0,0,3,0,https://www.inaturalist.org/observations/164688181,"2024-07-08 09:57:05"
9445,137889,caterpillar,order,Lepidoptera,caterpillar,0,0,3,0,https://www.inaturalist.org/observations/164687672,"2024-07-08 09:57:05"
9446,137880,caterpillar,order,Lepidoptera,caterpillar,0,0,3,0,https://www.inaturalist.org/observations/164686783,"2024-07-08 09:57:05"
9447,137875,caterpillar,superfamily,Tenthredinoidea,bee,0,1,3,1,https://www.inaturalist.org/observations/164686293,"2024-07-08 09:57:05"
9448,137874,caterpillar,superfamily,Tenthredinoidea,bee,0,1,3,1,https://www.inaturalist.org/observations/164685840,"2024-07-08 09:57:05"
9449,137870,caterpillar,order,Lepidoptera,caterpillar,0,0,3,0,https://www.inaturalist.org/observations/164685333,"2024-07-08 09:57:05"
9450,137857,caterpillar,order,Lepidoptera,caterpillar,0,0,3,0,https://www.inaturalist.org/observations/164683449,"2024-07-08 09:57:05"
9451,137854,caterpillar,order,Lepidoptera,caterpillar,0,0,3,0,https://www.inaturalist.org/observations/164681995,"2024-07-08 09:57:05"
9452,137853,caterpillar,family,Geometridae,caterpillar,0,0,2,0,https://www.inaturalist.org/observations/164681590,"2024-07-08 09:57:05"
9453,137852,caterpillar,family,Geometridae,caterpillar,0,0,3,0,https://www.inaturalist.org/observations/164681132,"2024-07-08 09:57:05"
9454,137841,caterpillar,order,Lepidoptera,caterpillar,0,0,3,0,https://www.inaturalist.org/observations/164679437,"2024-07-08 09:57:05"
9455,137839,caterpillar,order,Lepidoptera,caterpillar,0,0,3,0,https://www.inaturalist.org/observations/164678975,"2024-07-08 09:57:05"
9456,137820,caterpillar,order,Lepidoptera,caterpillar,0,0,3,0,https://www.inaturalist.org/observations/164677831,"2024-07-01 09:36:05"
9457,137818,caterpillar,species,"Epimecis hortaria",caterpillar,0,0,3,0,https://www.inaturalist.org/observations/164677326,"2024-07-01 09:36:05"
9458,137811,caterpillar,order,Lepidoptera,caterpillar,0,0,3,0,https://www.inaturalist.org/observations/164676724,"2024-07-01 09:36:05"
9459,137809,caterpillar,order,Lepidoptera,caterpillar,0,0,3,0,https://www.inaturalist.org/observations/164676179,"2024-07-01 09:36:05"
9460,137808,caterpillar,family,Geometridae,caterpillar,0,0,3,0,https://www.inaturalist.org/observations/164675643,"2024-07-01 09:36:05"
9461,137807,caterpillar,order,Lepidoptera,caterpillar,0,0,2,0,https://www.inaturalist.org/observations/164675155,"2024-07-01 09:36:05"
9462,137805,caterpillar,order,Lepidoptera,caterpillar,0,0,2,0,https://www.inaturalist.org/observations/164674609,"2024-07-01 09:36:05"
9463,137804,caterpillar,order,Lepidoptera,caterpillar,0,0,2,0,https://www.inaturalist.org/observations/164674108,"2024-07-01 09:36:05"
9464,137803,caterpillar,species,"Lymantria dispar",caterpillar,0,0,3,0,https://www.inaturalist.org/observations/164673717,"2024-07-01 09:36:05"
9465,137800,caterpillar,order,Lepidoptera,caterpillar,0,0,2,0,https://www.inaturalist.org/observations/164672469,"2024-07-01 09:36:05"
9466,137778,caterpillar,species,"Amphipyra pyramidoides",caterpillar,0,0,3,0,https://www.inaturalist.org/observations/164668679,"2024-07-01 09:36:05"
9467,137770,spider,family,Dictynidae,spider,0,0,2,0,https://www.inaturalist.org/observations/164667090,"2024-07-01 09:36:05"
9468,137765,fly,family,Chironomidae,fly,0,0,2,0,https://www.inaturalist.org/observations/164665424,"2024-07-01 09:36:05"
9469,137753,spider,tribe,Misumenini,spider,0,0,3,0,https://www.inaturalist.org/observations/164663825,"2024-07-01 09:36:05"
9470,137742,spider,family,Thomisidae,spider,0,0,2,0,https://www.inaturalist.org/observations/164662629,"2024-07-01 09:36:05"
9471,137740,caterpillar,superfamily,Noctuoidea,caterpillar,0,0,2,0,https://www.inaturalist.org/observations/164662044,"2024-07-01 09:36:05"
9473,137725,caterpillar,order,Lepidoptera,caterpillar,0,0,2,0,https://www.inaturalist.org/observations/164658533,"2024-07-01 09:39:05"
9474,137700,fly,complex,"Condylostylus sipho",fly,0,0,3,0,https://www.inaturalist.org/observations/164653444,"2024-07-01 09:39:05"
9475,137677,spider,genus,Wulfila,spider,0,0,2,0,https://www.inaturalist.org/observations/164648480,"2024-07-01 09:39:05"
9476,137675,spider,tribe,Misumenini,spider,0,0,3,0,https://www.inaturalist.org/observations/164647983,"2024-07-01 09:39:05"
9477,137674,spider,species,"Lyssomanes viridis",spider,0,0,3,0,https://www.inaturalist.org/observations/164647622,"2024-07-01 09:39:05"
9478,137673,fly,tribe,Dolichopodini,fly,0,0,4,0,https://www.inaturalist.org/observations/164646935,"2024-07-01 09:39:05"
9479,137663,caterpillar,family,Noctuidae,caterpillar,0,0,3,0,https://www.inaturalist.org/observations/164644806,"2024-07-01 09:39:05"
9480,137659,fly,family,Lauxaniidae,fly,0,0,2,0,https://www.inaturalist.org/observations/164644166,"2024-07-01 09:39:05"
9481,137637,caterpillar,species,"Orgyia leucostigma",caterpillar,0,0,3,0,https://www.inaturalist.org/observations/164639785,"2024-07-01 09:39:05"
9482,137635,spider,genus,Wulfila,spider,0,0,2,0,https://www.inaturalist.org/observations/164639285,"2024-07-01 09:39:05"
9483,137603,caterpillar,species,"Ancylis platanana",caterpillar,0,0,2,0,https://www.inaturalist.org/observations/164634225,"2024-07-01 09:42:06"
9484,137601,spider,genus,Anyphaena,spider,0,0,2,0,https://www.inaturalist.org/observations/164633785,"2024-07-01 09:42:06"
9485,137597,caterpillar,family,Geometridae,caterpillar,0,0,2,0,https://www.inaturalist.org/observations/164632021,"2024-07-01 09:42:06"
9486,137596,spider,tribe,Misumenini,spider,0,0,3,0,https://www.inaturalist.org/observations/164631623,"2024-07-01 09:42:06"
9487,137574,other,suborder,Hemerobiiformia,Neuroptera,0,0,2,0,https://www.inaturalist.org/observations/164627636,"2024-07-01 09:42:06"
9488,137571,spider,family,Philodromidae,spider,0,0,2,0,https://www.inaturalist.org/observations/164627212,"2024-07-01 09:42:06"
9489,137570,other,suborder,Hemerobiiformia,Neuroptera,0,0,2,0,https://www.inaturalist.org/observations/164626792,"2024-07-01 09:42:06"
9490,137569,caterpillar,species,"Orgyia leucostigma",caterpillar,0,0,3,0,https://www.inaturalist.org/observations/164626331,"2024-07-01 09:42:06"
9491,137208,leafhopper,tribe,Cicadellini,leafhopper,0,0,2,0,https://www.inaturalist.org/observations/164554965,"2024-07-01 09:42:06"
9492,137178,moths,order,Lepidoptera,moths,0,0,2,0,https://www.inaturalist.org/observations/164552556,"2024-07-01 09:42:06"
9493,137177,ant,species,"Tapinoma sessile",ant,0,0,2,0,https://www.inaturalist.org/observations/164551946,"2024-07-01 09:42:06"
9494,137195,ant,species,"Prenolepis imparis",ant,0,0,3,0,https://www.inaturalist.org/observations/164550857,"2024-07-01 09:42:06"
9495,137204,spider,tribe,Misumenini,spider,0,0,3,0,https://www.inaturalist.org/observations/164549892,"2024-07-01 09:42:06"
9496,137209,beetle,family,Mordellidae,beetle,0,0,2,0,https://www.inaturalist.org/observations/164549403,"2024-07-01 09:42:06"
9497,137439,ant,subgenus,Crematogaster,ant,0,0,2,0,https://www.inaturalist.org/observations/164028131,"2024-07-01 09:45:07"
9498,137426,spider,species,"Lyssomanes viridis",spider,0,0,3,0,https://www.inaturalist.org/observations/164023168,"2024-07-01 09:45:07"
9499,137070,bee,superfamily,Tenthredinoidea,bee,0,1,3,1,https://www.inaturalist.org/observations/163838099,"2024-07-01 09:54:06"
9500,137065,caterpillar,superfamily,Tenthredinoidea,bee,0,1,3,1,https://www.inaturalist.org/observations/163837032,"2024-07-01 09:54:06"
9501,137057,spider,order,Araneae,spider,0,0,2,0,https://www.inaturalist.org/observations/163835486,"2024-07-01 09:54:06"
9502,137046,caterpillar,superfamily,Tenthredinoidea,bee,0,1,3,1,https://www.inaturalist.org/observations/163833034,"2024-07-01 09:54:06"
9503,136891,spider,subfamily,Salticinae,spider,0,0,2,0,https://www.inaturalist.org/observations/163810202,"2024-07-01 09:57:05"
9504,136889,beetle,species,"Photinus pyralis",beetle,0,0,3,0,https://www.inaturalist.org/observations/163809529,"2024-07-01 09:57:05"
9505,136582,spider,genus,Wulfila,spider,0,0,2,0,https://www.inaturalist.org/observations/163659952,"2024-06-24 09:33:08"
9506,136464,ant,family,Formicidae,ant,0,0,2,0,https://www.inaturalist.org/observations/163645813,"2024-06-24 09:36:07"
9507,136459,beetle,species,"Urgleptes signatus",beetle,0,0,3,0,https://www.inaturalist.org/observations/163644674,"2024-06-24 09:36:07"
9508,136442,spider,genus,Philodromus,spider,0,0,2,0,https://www.inaturalist.org/observations/163640782,"2024-06-24 09:36:07"
9509,136423,truebugs,infraorder,Cimicomorpha,truebugs,0,0,2,0,https://www.inaturalist.org/observations/163637755,"2024-06-24 09:36:07"
9510,136411,spider,order,Araneae,spider,0,0,2,0,https://www.inaturalist.org/observations/163571876,"2024-06-24 09:36:07"
9511,136043,beetle,species,"Harmonia axyridis",beetle,0,0,3,0,https://www.inaturalist.org/observations/163303272,"2024-06-24 09:57:07"
9512,135565,beetle,species,"Strophosoma melanogrammum",beetle,0,0,3,0,https://www.inaturalist.org/observations/162492217,"2024-06-17 09:27:06"
9513,135520,spider,species,"Leucauge venusta",spider,0,0,2,0,https://www.inaturalist.org/observations/162484880,"2024-06-17 09:30:08"
9514,135509,spider,family,Thomisidae,spider,0,0,2,0,https://www.inaturalist.org/observations/162483487,"2024-06-17 09:30:08"
9515,135447,beetle,species,"Urgleptes signatus",beetle,0,0,3,0,https://www.inaturalist.org/observations/162473587,"2024-06-17 09:30:08"
9516,135384,ant,suborder,Apocrita,bee,0,0,2,1,https://www.inaturalist.org/observations/162349429,"2024-06-17 09:30:08"
9517,132940,spider,family,Dictynidae,spider,0,0,2,0,https://www.inaturalist.org/observations/135238198,"2024-06-10 09:33:06"
9518,132724,spider,family,Dictynidae,spider,0,0,2,0,https://www.inaturalist.org/observations/134299584,"2024-06-10 09:36:06"
9519,132718,spider,family,Dictynidae,spider,0,0,2,0,https://www.inaturalist.org/observations/134298386,"2024-06-10 09:36:06"
9520,132523,spider,family,Dictynidae,spider,0,0,2,0,https://www.inaturalist.org/observations/133334779,"2024-06-10 09:39:06"
9521,132353,spider,genus,Philodromus,spider,0,0,2,0,https://www.inaturalist.org/observations/132824760,"2024-06-10 09:42:07"
9522,131914,spider,family,Dictynidae,spider,0,0,3,0,https://www.inaturalist.org/observations/132402027,"2024-06-10 09:45:08"
9523,131853,spider,family,Theridiidae,spider,0,0,2,0,https://www.inaturalist.org/observations/132284891,"2024-06-10 09:48:07"
9524,131710,spider,family,Dictynidae,spider,0,0,2,0,https://www.inaturalist.org/observations/131452628,"2024-06-10 09:51:05"
9525,131404,spider,genus,Philodromus,spider,0,0,2,0,https://www.inaturalist.org/observations/130499282,"2024-06-10 09:54:05"
9526,131391,spider,genus,Philodromus,spider,0,0,2,0,https://www.inaturalist.org/observations/130495432,"2024-06-10 09:54:05"
9527,131376,spider,family,Dictynidae,spider,0,0,2,0,https://www.inaturalist.org/observations/130491618,"2024-06-10 09:57:05"
9528,131204,spider,family,Dictynidae,spider,0,0,2,0,https://www.inaturalist.org/observations/129983361,"2024-06-03 09:36:06"
9529,131191,spider,family,Dictynidae,spider,0,0,2,0,https://www.inaturalist.org/observations/129980032,"2024-06-03 09:36:06"
9530,130945,spider,genus,Philodromus,spider,0,0,2,0,https://www.inaturalist.org/observations/129544224,"2024-06-03 09:39:06"
9531,130935,spider,superfamily,Lycosoidea,spider,0,0,2,0,https://www.inaturalist.org/observations/129541995,"2024-06-03 09:39:06"
9532,130882,spider,family,Dictynidae,spider,0,0,2,0,https://www.inaturalist.org/observations/129535886,"2024-06-03 09:42:06"
9533,130238,spider,family,Dictynidae,spider,0,0,2,0,https://www.inaturalist.org/observations/129015571,"2024-06-03 09:48:06"
9534,129777,spider,family,Dictynidae,spider,0,0,2,0,https://www.inaturalist.org/observations/128441906,"2024-06-03 09:57:05"
9535,129542,spider,family,Dictynidae,spider,0,0,2,0,https://www.inaturalist.org/observations/128178642,"2024-05-27 09:27:05"
9536,129496,spider,family,Dictynidae,spider,0,0,2,0,https://www.inaturalist.org/observations/128172576,"2024-05-27 09:30:06"
9537,129487,spider,family,Dictynidae,spider,0,0,2,0,https://www.inaturalist.org/observations/128169288,"2024-05-27 09:30:07"
9538,129483,spider,family,Dictynidae,spider,0,0,2,0,https://www.inaturalist.org/observations/128167820,"2024-05-27 09:30:07"
9539,129476,spider,family,Dictynidae,spider,0,0,2,0,https://www.inaturalist.org/observations/128163714,"2024-05-27 09:30:07"
9540,140555,caterpillar,family,Geometridae,caterpillar,0,0,2,0,https://www.inaturalist.org/observations/166505441,"2024-07-22 09:42:06"
9541,140340,beetle,species,"Acalymma vittatum",beetle,0,0,3,0,https://www.inaturalist.org/observations/166483171,"2024-07-22 09:42:06"
9542,140279,caterpillar,superfamily,Noctuoidea,caterpillar,0,0,2,0,https://www.inaturalist.org/observations/166475562,"2024-07-22 09:45:06"
9543,140250,truebugs,genus,Corythucha,truebugs,0,0,2,0,https://www.inaturalist.org/observations/166470903,"2024-07-22 09:45:06"
9544,140239,beetle,species,"Harmonia axyridis",beetle,0,0,4,0,https://www.inaturalist.org/observations/166468264,"2024-07-22 09:45:06"
9545,140229,caterpillar,family,Geometridae,caterpillar,0,0,2,0,https://www.inaturalist.org/observations/166466528,"2024-07-22 09:45:06"
9546,140225,fly,species,"Rhagio punctipennis",fly,0,0,3,0,https://www.inaturalist.org/observations/166465511,"2024-07-22 09:45:06"
9547,140198,spider,species,"Synema parvulum",spider,0,0,4,0,https://www.inaturalist.org/observations/166459983,"2024-07-22 09:45:06"
9548,140197,beetle,species,"Harmonia axyridis",beetle,1,0,3,0,https://www.inaturalist.org/observations/166459465,"2024-07-22 09:45:06"
9549,140189,caterpillar,family,Noctuidae,caterpillar,0,0,2,0,https://www.inaturalist.org/observations/166456902,"2024-07-22 09:45:06"
9550,140186,caterpillar,superfamily,Noctuoidea,caterpillar,0,0,2,0,https://www.inaturalist.org/observations/166455350,"2024-07-22 09:45:06"
9551,140178,caterpillar,family,Geometridae,caterpillar,0,0,2,0,https://www.inaturalist.org/observations/166454469,"2024-07-22 09:45:06"
9552,140170,spider,genus,Wulfila,spider,0,0,2,0,https://www.inaturalist.org/observations/166452450,"2024-07-22 09:45:06"
9553,140167,daddylonglegs,superfamily,Phalangioidea,daddylonglegs,0,0,2,0,https://www.inaturalist.org/observations/166451524,"2024-07-22 09:45:06"
9554,140161,leafhopper,species,"Flatormenis proxima",leafhopper,0,0,2,0,https://www.inaturalist.org/observations/166450045,"2024-07-22 09:48:05"
9555,140160,caterpillar,superfamily,Noctuoidea,caterpillar,0,0,2,0,https://www.inaturalist.org/observations/166449599,"2024-07-22 09:48:05"
9556,140152,caterpillar,order,Lepidoptera,caterpillar,0,0,3,0,https://www.inaturalist.org/observations/166448790,"2024-07-22 09:48:05"
9557,140150,fly,genus,Lonchaea,fly,0,0,2,0,https://www.inaturalist.org/observations/166448360,"2024-07-22 09:48:05"
9558,140146,caterpillar,order,Lepidoptera,caterpillar,0,0,2,0,https://www.inaturalist.org/observations/166447256,"2024-07-22 09:48:05"
9559,140141,caterpillar,order,Lepidoptera,caterpillar,0,0,2,0,https://www.inaturalist.org/observations/166445800,"2024-07-22 09:48:05"
9560,140135,caterpillar,family,Noctuidae,caterpillar,0,0,2,0,https://www.inaturalist.org/observations/166444427,"2024-07-22 09:48:05"
9561,140134,caterpillar,order,Lepidoptera,caterpillar,0,0,2,0,https://www.inaturalist.org/observations/166443986,"2024-07-22 09:48:05"
9562,140129,spider,subfamily,Salticinae,spider,0,0,2,0,https://www.inaturalist.org/observations/166442528,"2024-07-22 09:48:05"
9563,140127,beetle,species,"Chauliognathus marginatus",beetle,0,0,3,0,https://www.inaturalist.org/observations/166442085,"2024-07-22 09:48:05"
9564,140119,other,subfamily,Hemerobiinae,Neuroptera,0,0,3,0,https://www.inaturalist.org/observations/166441318,"2024-07-22 09:48:05"
9565,140104,leafhopper,subgenus,Cloanthanus,leafhopper,0,0,2,0,https://www.inaturalist.org/observations/166439435,"2024-07-22 09:48:05"
9566,140102,spider,genus,Wulfila,spider,0,0,2,0,https://www.inaturalist.org/observations/166438950,"2024-07-22 09:48:05"
9567,140099,beetle,species,"Harmonia axyridis",beetle,0,0,3,0,https://www.inaturalist.org/observations/166438026,"2024-07-22 09:48:05"
9568,140092,spider,genus,Wulfila,spider,0,0,2,0,https://www.inaturalist.org/observations/166437513,"2024-07-22 09:48:05"
9569,140062,leafhopper,tribe,Nephesini,leafhopper,0,0,2,0,https://www.inaturalist.org/observations/166432729,"2024-07-22 09:48:05"
9570,140060,leafhopper,species,"Flatormenis proxima",leafhopper,0,0,2,0,https://www.inaturalist.org/observations/166432302,"2024-07-22 09:48:05"
9571,140054,leafhopper,species,"Thionia quinquata",leafhopper,0,0,2,0,https://www.inaturalist.org/observations/166430881,"2024-07-22 09:48:05"
9572,140053,fly,subfamily,Orthocladiinae,fly,0,0,2,0,https://www.inaturalist.org/observations/166430410,"2024-07-22 09:48:05"
9573,140049,leafhopper,tribe,Nephesini,leafhopper,0,0,2,0,https://www.inaturalist.org/observations/166429380,"2024-07-22 09:48:05"
9574,140035,beetle,family,Chrysomelidae,beetle,0,0,2,0,https://www.inaturalist.org/observations/166426214,"2024-07-22 09:51:06"
9575,140029,fly,complex,"Condylostylus comatus",fly,0,0,3,0,https://www.inaturalist.org/observations/166425296,"2024-07-22 09:51:06"
9576,140028,fly,zoosubsection,Calyptratae,fly,0,0,2,0,https://www.inaturalist.org/observations/166424850,"2024-07-22 09:51:06"
9577,140023,leafhopper,species,"Thionia quinquata",leafhopper,0,0,2,0,https://www.inaturalist.org/observations/166423026,"2024-07-22 09:51:06"
9578,140020,caterpillar,order,Lepidoptera,caterpillar,0,0,2,0,https://www.inaturalist.org/observations/166422531,"2024-07-22 09:51:06"
9579,140019,leafhopper,species,"Flatormenis proxima",leafhopper,0,0,2,0,https://www.inaturalist.org/observations/166422068,"2024-07-22 09:51:06"
9580,140016,fly,zoosubsection,Acalyptratae,fly,0,0,2,0,https://www.inaturalist.org/observations/166421564,"2024-07-22 09:51:06"
9581,140007,leafhopper,species,"Thionia quinquata",leafhopper,0,0,2,0,https://www.inaturalist.org/observations/166419323,"2024-07-22 09:51:06"
9582,140002,caterpillar,order,Lepidoptera,caterpillar,0,0,2,0,https://www.inaturalist.org/observations/166418372,"2024-07-22 09:51:06"
9583,140000,fly,family,Lauxaniidae,fly,0,0,2,0,https://www.inaturalist.org/observations/166417452,"2024-07-22 09:51:06"
9584,139996,caterpillar,order,Lepidoptera,caterpillar,0,0,2,0,https://www.inaturalist.org/observations/166417038,"2024-07-22 09:51:06"
9585,139995,caterpillar,family,Geometridae,caterpillar,0,0,2,0,https://www.inaturalist.org/observations/166416452,"2024-07-22 09:51:06"
9586,139992,leafhopper,species,"Stictocephala militaris",leafhopper,0,0,2,0,https://www.inaturalist.org/observations/166415451,"2024-07-22 09:51:06"
9587,139990,caterpillar,family,Geometridae,caterpillar,0,0,2,0,https://www.inaturalist.org/observations/166414983,"2024-07-22 09:51:06"
9588,139988,other,genus,Chrysoperla,Neuroptera,0,0,2,0,https://www.inaturalist.org/observations/166414107,"2024-07-22 09:51:06"
9589,139976,spider,genus,Mecaphesa,spider,0,0,4,0,https://www.inaturalist.org/observations/166412406,"2024-07-22 09:51:06"
9590,139970,ant,species,"Camponotus subbarbatus",ant,0,0,3,0,https://www.inaturalist.org/observations/166411977,"2024-07-22 09:51:06"
9591,139960,caterpillar,species,"Machimia tentoriferella",caterpillar,0,0,2,0,https://www.inaturalist.org/observations/166411229,"2024-07-22 09:51:06"
9592,139957,caterpillar,order,Lepidoptera,caterpillar,0,0,2,0,https://www.inaturalist.org/observations/166410854,"2024-07-22 09:51:06"
9593,139954,leafhopper,species,"Stictocephala militaris",leafhopper,0,0,3,0,https://www.inaturalist.org/observations/166410422,"2024-07-22 09:51:06"
9594,139952,grasshopper,species,"Meconema thalassinum",grasshopper,0,0,2,0,https://www.inaturalist.org/observations/166410118,"2024-07-22 09:51:06"
9595,139950,ant,species,"Camponotus pennsylvanicus",ant,0,0,2,0,https://www.inaturalist.org/observations/166409765,"2024-07-22 09:51:06"
9596,139947,leafhopper,species,"Thionia bullata",leafhopper,0,0,3,0,https://www.inaturalist.org/observations/166409327,"2024-07-22 09:51:06"
9597,139945,caterpillar,family,Geometridae,caterpillar,0,0,2,0,https://www.inaturalist.org/observations/166408896,"2024-07-22 09:51:06"
9598,139942,ant,species,"Camponotus snellingi",ant,0,0,4,0,https://www.inaturalist.org/observations/166408449,"2024-07-22 09:51:06"
9599,139939,other,genus,Chrysoperla,Neuroptera,0,0,2,0,https://www.inaturalist.org/observations/166408143,"2024-07-22 09:51:06"
9600,139924,leafhopper,species,"Flatormenis proxima",leafhopper,0,0,3,0,https://www.inaturalist.org/observations/166405728,"2024-07-22 09:51:06"
9601,139912,caterpillar,species,"Lymantria dispar",caterpillar,0,0,3,0,https://www.inaturalist.org/observations/166306398,"2024-07-22 09:51:06"
9602,139898,bee,species,"Dioctria hyalipennis",fly,0,0,5,1,https://www.inaturalist.org/observations/166293702,"2024-07-22 09:54:05"
9603,139880,grasshopper,species,"Meconema thalassinum",grasshopper,0,0,3,0,https://www.inaturalist.org/observations/166290530,"2024-07-22 09:54:05"
9604,139875,caterpillar,species,"Lycia ursaria",caterpillar,0,0,3,0,https://www.inaturalist.org/observations/166288986,"2024-07-22 09:54:05"
9605,139835,fly,zoosection,Schizophora,fly,0,0,2,0,https://www.inaturalist.org/observations/166269706,"2024-07-22 09:54:05"
9606,139820,fly,zoosection,Schizophora,fly,0,0,2,0,https://www.inaturalist.org/observations/166265438,"2024-07-22 09:54:05"
9607,139809,ant,species,"Camponotus subbarbatus",ant,0,0,4,0,https://www.inaturalist.org/observations/166263649,"2024-07-22 09:54:05"
9608,139807,ant,complex,"Formica fusca",ant,0,0,4,0,https://www.inaturalist.org/observations/166263158,"2024-07-22 09:54:05"
9609,139806,ant,species,"Prenolepis imparis",ant,0,0,3,0,https://www.inaturalist.org/observations/166262429,"2024-07-22 09:54:05"
9610,139792,leafhopper,species,"Flatormenis proxima",leafhopper,0,0,2,0,https://www.inaturalist.org/observations/166259161,"2024-07-22 09:54:05"
9611,139781,other,genus,Aeolothrips,Thysanoptera,0,0,2,0,https://www.inaturalist.org/observations/166254283,"2024-07-22 09:54:05"
9612,139780,ant,species,"Camponotus subbarbatus",ant,0,0,5,0,https://www.inaturalist.org/observations/166253795,"2024-07-22 09:54:06"
9613,139772,leafhopper,species,"Flatormenis proxima",leafhopper,0,0,2,0,https://www.inaturalist.org/observations/166252308,"2024-07-22 09:57:06"
9614,139764,fly,zoosubsection,Acalyptratae,fly,0,0,2,0,https://www.inaturalist.org/observations/166251395,"2024-07-22 09:57:06"
9615,139746,leafhopper,species,"Ormenoides venusta",leafhopper,0,0,2,0,https://www.inaturalist.org/observations/166247145,"2024-07-22 09:57:06"
9616,139739,spider,tribe,Misumenini,spider,0,0,3,0,https://www.inaturalist.org/observations/166245064,"2024-07-22 09:57:06"
9617,139731,ant,species,"Camponotus subbarbatus",ant,0,0,4,0,https://www.inaturalist.org/observations/166244356,"2024-07-22 09:57:06"
9618,139715,ant,species,"Camponotus americanus",ant,0,0,2,0,https://www.inaturalist.org/observations/166239284,"2024-07-22 09:57:06"
9619,139714,ant,species,"Camponotus pennsylvanicus",ant,0,0,2,0,https://www.inaturalist.org/observations/166238888,"2024-07-22 09:57:06"
9620,139710,unidentified,family,Coccinellidae,beetle,1,0,1,0,https://www.inaturalist.org/observations/166230890,"2024-07-22 09:57:06"
9621,139690,other,species,"Mystacides sepulchralis",Trichoptera,0,0,2,0,https://www.inaturalist.org/observations/166107353,"2024-07-22 09:57:06"
9622,139680,moths,species,"Pyromorpha dimidiata",moths,0,0,4,0,https://www.inaturalist.org/observations/166103540,"2024-07-15 09:33:06"
9623,139665,caterpillar,suborder,Symphyta,bee,0,1,3,1,https://www.inaturalist.org/observations/166094230,"2024-07-15 09:33:06"
9624,139664,unidentified,species,"Hyaliodes harti",truebugs,0,0,2,0,https://www.inaturalist.org/observations/166093758,"2024-07-15 09:33:06"
9625,139661,ant,subgenus,Crematogaster,ant,0,0,3,0,https://www.inaturalist.org/observations/166092305,"2024-07-15 09:36:06"
9626,139657,ant,subgenus,Crematogaster,ant,0,0,3,0,https://www.inaturalist.org/observations/166090459,"2024-07-15 09:36:06"
9627,139654,ant,complex,"Formica fusca",ant,0,0,3,0,https://www.inaturalist.org/observations/166088945,"2024-07-15 09:36:06"
9628,139652,ant,complex,"Formica fusca",ant,0,0,3,0,https://www.inaturalist.org/observations/166088110,"2024-07-15 09:36:06"
9629,139651,ant,complex,"Formica fusca",ant,0,0,3,0,https://www.inaturalist.org/observations/166087733,"2024-07-15 09:36:06"
9630,139643,ant,subgenus,Crematogaster,ant,0,0,3,0,https://www.inaturalist.org/observations/166084926,"2024-07-15 09:36:06"
9631,139637,ant,subgenus,Crematogaster,ant,0,0,3,0,https://www.inaturalist.org/observations/166081717,"2024-07-15 09:36:06"
9632,139632,ant,subgenus,Crematogaster,ant,0,0,3,0,https://www.inaturalist.org/observations/166079610,"2024-07-15 09:36:06"
9633,139629,caterpillar,order,Lepidoptera,caterpillar,0,0,2,0,https://www.inaturalist.org/observations/166078721,"2024-07-15 09:36:06"
9634,139628,caterpillar,order,Lepidoptera,caterpillar,0,0,2,0,https://www.inaturalist.org/observations/166078352,"2024-07-15 09:36:06"
9635,139621,caterpillar,subfamily,Lymantriinae,caterpillar,0,0,2,0,https://www.inaturalist.org/observations/166076640,"2024-07-15 09:36:06"
9636,139617,leafhopper,species,"Jikradia olitoria",leafhopper,0,0,3,0,https://www.inaturalist.org/observations/166075232,"2024-07-15 09:36:06"
9637,139616,leafhopper,species,"Flatormenis proxima",leafhopper,0,0,2,0,https://www.inaturalist.org/observations/166074627,"2024-07-15 09:36:06"
9638,139612,leafhopper,species,"Flatormenis proxima",leafhopper,0,0,2,0,https://www.inaturalist.org/observations/166073512,"2024-07-15 09:36:06"
9639,139596,spider,tribe,Misumenini,spider,0,0,3,0,https://www.inaturalist.org/observations/166067993,"2024-07-15 09:39:05"
9640,139591,beetle,species,"Harmonia axyridis",beetle,0,0,3,0,https://www.inaturalist.org/observations/166066044,"2024-07-15 09:39:05"
9641,139589,caterpillar,species,"Morrisonia confusa",caterpillar,0,0,3,0,https://www.inaturalist.org/observations/166065251,"2024-07-15 09:39:05"
9642,139585,ant,species,"Tapinoma sessile",ant,0,0,3,0,https://www.inaturalist.org/observations/166063865,"2024-07-15 09:39:05"
9643,139582,ant,species,"Tapinoma sessile",ant,0,0,3,0,https://www.inaturalist.org/observations/166062883,"2024-07-15 09:39:05"
9644,139574,ant,complex,"Formica fusca",ant,0,0,3,0,https://www.inaturalist.org/observations/166061125,"2024-07-15 09:39:05"
9645,139573,truebugs,family,Miridae,truebugs,0,0,2,0,https://www.inaturalist.org/observations/166060807,"2024-07-15 09:39:05"
9646,139572,ant,subgenus,Lasius,ant,0,0,3,0,https://www.inaturalist.org/observations/166060518,"2024-07-15 09:39:05"
9647,139571,ant,species,"Camponotus subbarbatus",ant,0,0,3,0,https://www.inaturalist.org/observations/166060259,"2024-07-15 09:39:05"
9648,139569,leafhopper,species,"Oncometopia orbona",leafhopper,0,0,2,0,https://www.inaturalist.org/observations/166059717,"2024-07-15 09:39:05"
9649,139562,truebugs,family,Miridae,truebugs,0,0,2,0,https://www.inaturalist.org/observations/166005474,"2024-07-15 09:39:05"
9650,139554,caterpillar,order,Lepidoptera,caterpillar,0,0,2,0,https://www.inaturalist.org/observations/166003008,"2024-07-15 09:39:05"
9651,139536,fly,infraorder,Bibionomorpha,fly,0,0,2,0,https://www.inaturalist.org/observations/165949693,"2024-07-15 09:42:06"
9652,139533,caterpillar,order,Lepidoptera,caterpillar,0,0,2,0,https://www.inaturalist.org/observations/165948349,"2024-07-15 09:42:06"
9653,139526,leafhopper,genus,Acanalonia,leafhopper,0,0,2,0,https://www.inaturalist.org/observations/165946392,"2024-07-15 09:42:06"
9654,139525,leafhopper,species,"Flatormenis proxima",leafhopper,0,0,2,0,https://www.inaturalist.org/observations/165945877,"2024-07-15 09:42:06"
9655,139511,caterpillar,family,Geometridae,caterpillar,0,0,2,0,https://www.inaturalist.org/observations/165944187,"2024-07-15 09:42:06"
9656,139503,leafhopper,species,"Stictocephala militaris",leafhopper,0,0,2,0,https://www.inaturalist.org/observations/165942462,"2024-07-15 09:42:06"
9657,139498,beetle,superfamily,Elateroidea,beetle,0,0,2,0,https://www.inaturalist.org/observations/165940632,"2024-07-15 09:42:06"
9658,139492,ant,species,"Camponotus subbarbatus",ant,0,0,3,0,https://www.inaturalist.org/observations/165937947,"2024-07-15 09:42:06"
9659,139485,caterpillar,order,Lepidoptera,caterpillar,0,0,2,0,https://www.inaturalist.org/observations/165937499,"2024-07-15 09:42:06"
9660,139458,caterpillar,superfamily,Noctuoidea,caterpillar,0,0,2,0,https://www.inaturalist.org/observations/165933184,"2024-07-15 09:42:06"
9661,139457,leafhopper,species,"Stictocephala militaris",leafhopper,0,0,3,0,https://www.inaturalist.org/observations/165932765,"2024-07-15 09:42:06"
9662,139455,caterpillar,order,Lepidoptera,caterpillar,0,0,2,0,https://www.inaturalist.org/observations/165931774,"2024-07-15 09:42:06"
9663,139449,caterpillar,family,Geometridae,caterpillar,0,0,2,0,https://www.inaturalist.org/observations/165931247,"2024-07-15 09:42:06"
9664,139446,caterpillar,order,Lepidoptera,caterpillar,0,0,2,0,https://www.inaturalist.org/observations/165930729,"2024-07-15 09:42:06"
9665,139436,caterpillar,family,Geometridae,caterpillar,0,0,2,0,https://www.inaturalist.org/observations/165929342,"2024-07-15 09:42:06"
9666,139428,caterpillar,order,Lepidoptera,caterpillar,0,0,2,0,https://www.inaturalist.org/observations/165927396,"2024-07-15 09:42:06"
9667,139426,leafhopper,subfamily,Flatinae,leafhopper,0,0,2,0,https://www.inaturalist.org/observations/165926926,"2024-07-15 09:42:06"
9668,139425,beetle,species,"Harmonia axyridis",beetle,1,0,3,0,https://www.inaturalist.org/observations/165926356,"2024-07-15 09:42:06"
9669,139422,caterpillar,family,Geometridae,caterpillar,0,0,2,0,https://www.inaturalist.org/observations/165925465,"2024-07-15 09:45:06"
9670,139420,ant,species,"Camponotus pennsylvanicus",ant,0,0,3,0,https://www.inaturalist.org/observations/165924548,"2024-07-15 09:45:06"
9671,139416,spider,genus,Wulfila,spider,0,0,2,0,https://www.inaturalist.org/observations/165923651,"2024-07-15 09:45:06"
9672,139415,spider,genus,Wulfila,spider,0,0,2,0,https://www.inaturalist.org/observations/165923163,"2024-07-15 09:45:06"
9673,139414,spider,genus,Mecaphesa,spider,0,0,2,0,https://www.inaturalist.org/observations/165922724,"2024-07-15 09:45:06"
9674,139413,caterpillar,order,Lepidoptera,caterpillar,0,0,2,0,https://www.inaturalist.org/observations/165922249,"2024-07-15 09:45:06"
9675,139411,leafhopper,genus,Cedusa,leafhopper,0,0,2,0,https://www.inaturalist.org/observations/165921727,"2024-07-15 09:45:06"
9676,139409,leafhopper,species,"Graphocephala versuta",leafhopper,0,0,3,0,https://www.inaturalist.org/observations/165920948,"2024-07-15 09:45:06"
9677,139408,fly,family,Sarcophagidae,fly,0,0,2,0,https://www.inaturalist.org/observations/165920469,"2024-07-15 09:45:06"
9678,139406,fly,subfamily,Macrocerinae,fly,0,0,2,0,https://www.inaturalist.org/observations/165920014,"2024-07-15 09:45:06"
9679,139392,caterpillar,family,Geometridae,caterpillar,0,0,2,0,https://www.inaturalist.org/observations/165915971,"2024-07-15 09:45:06"
9680,139391,leafhopper,species,"Flatormenis proxima",leafhopper,0,0,2,0,https://www.inaturalist.org/observations/165915553,"2024-07-15 09:45:06"
9681,139378,fly,genus,Homoneura,fly,0,0,2,0,https://www.inaturalist.org/observations/165912888,"2024-07-15 09:45:06"
9682,139356,caterpillar,family,Tortricidae,caterpillar,0,0,3,0,https://www.inaturalist.org/observations/165906899,"2024-07-15 09:45:06"
9683,139355,caterpillar,order,Lepidoptera,caterpillar,0,0,2,0,https://www.inaturalist.org/observations/165906365,"2024-07-15 09:45:06"
9684,139348,ant,complex,"Formica fusca",ant,0,0,3,0,https://www.inaturalist.org/observations/165905933,"2024-07-15 09:45:06"
9685,139340,caterpillar,order,Lepidoptera,caterpillar,0,0,2,0,https://www.inaturalist.org/observations/165904989,"2024-07-15 09:45:06"
9686,139339,leafhopper,species,"Flatormenis proxima",leafhopper,0,0,2,0,https://www.inaturalist.org/observations/165904464,"2024-07-15 09:45:06"
9687,139335,beetle,genus,Eugnamptus,beetle,0,0,3,0,https://www.inaturalist.org/observations/165903593,"2024-07-15 09:45:06"
9688,139333,fly,family,Limoniidae,fly,0,0,2,0,https://www.inaturalist.org/observations/165903162,"2024-07-15 09:45:06"
9689,139331,ant,subgenus,Crematogaster,ant,0,0,4,0,https://www.inaturalist.org/observations/165902319,"2024-07-15 09:45:06"
9690,139326,leafhopper,family,Flatidae,leafhopper,0,0,2,0,https://www.inaturalist.org/observations/165900808,"2024-07-15 09:48:05"
9691,139303,leafhopper,species,"Orientus ishidae",leafhopper,0,0,2,0,https://www.inaturalist.org/observations/165896230,"2024-07-15 09:48:05"
9692,139298,caterpillar,family,Geometridae,caterpillar,0,0,2,0,https://www.inaturalist.org/observations/165894683,"2024-07-15 09:48:05"
9693,139296,leafhopper,species,"Jikradia olitoria",leafhopper,0,0,3,0,https://www.inaturalist.org/observations/165894152,"2024-07-15 09:48:05"
9694,139295,ant,species,"Camponotus subbarbatus",ant,0,0,3,0,https://www.inaturalist.org/observations/165893587,"2024-07-15 09:48:05"
9695,139283,caterpillar,family,Noctuidae,caterpillar,0,0,2,0,https://www.inaturalist.org/observations/165892002,"2024-07-15 09:48:05"
9696,139281,caterpillar,family,Noctuidae,caterpillar,0,0,2,0,https://www.inaturalist.org/observations/165890899,"2024-07-15 09:48:05"
9697,138919,ant,subgenus,Myrmentoma,ant,0,0,3,0,https://www.inaturalist.org/observations/165794124,"2024-07-15 09:48:05"
9698,138899,caterpillar,subclass,Pterygota,bee,0,1,2,1,https://www.inaturalist.org/observations/165792318,"2024-07-15 09:48:05"
9699,138918,bee,species,"Bombus impatiens",bee,0,0,4,0,https://www.inaturalist.org/observations/165790244,"2024-07-15 09:48:05"
9700,138917,beetle,genus,Photinus,beetle,0,0,2,0,https://www.inaturalist.org/observations/165789741,"2024-07-15 09:48:05"
9701,138921,leafhopper,family,Elateridae,beetle,0,0,3,1,https://www.inaturalist.org/observations/165788911,"2024-07-15 09:48:05"
9702,138929,spider,species,"Hentzia mitrata",spider,0,0,3,0,https://www.inaturalist.org/observations/165788009,"2024-07-15 09:48:05"
9703,138934,caterpillar,family,Geometridae,caterpillar,0,0,2,0,https://www.inaturalist.org/observations/165787473,"2024-07-15 09:48:05"
9704,139275,grasshopper,complex,"Melanoplus viridipes",grasshopper,0,0,2,0,https://www.inaturalist.org/observations/165775946,"2024-07-15 09:48:05"
9705,139274,caterpillar,species,"Lymantria dispar",caterpillar,0,0,4,0,https://www.inaturalist.org/observations/165775488,"2024-07-15 09:48:05"
9706,139271,fly,family,Chironomidae,fly,0,0,2,0,https://www.inaturalist.org/observations/165764996,"2024-07-15 09:48:05"
9707,139270,spider,genus,Philodromus,spider,0,0,3,0,https://www.inaturalist.org/observations/165764396,"2024-07-15 09:51:06"
9708,139253,caterpillar,order,Lepidoptera,caterpillar,0,0,2,0,https://www.inaturalist.org/observations/165742508,"2024-07-15 09:51:06"
9709,139236,caterpillar,family,Erebidae,caterpillar,0,0,2,0,https://www.inaturalist.org/observations/165725331,"2024-07-15 09:51:06"
9710,139214,caterpillar,family,Geometridae,caterpillar,0,0,2,0,https://www.inaturalist.org/observations/165722106,"2024-07-15 09:51:06"
9711,139209,ant,species,"Camponotus castaneus",ant,0,0,3,0,https://www.inaturalist.org/observations/165721686,"2024-07-15 09:51:06"
9712,139201,caterpillar,family,Geometridae,caterpillar,0,0,2,0,https://www.inaturalist.org/observations/165720723,"2024-07-15 09:51:06"
9713,139200,leafhopper,species,"Ormenoides venusta",leafhopper,0,0,2,0,https://www.inaturalist.org/observations/165720239,"2024-07-15 09:51:06"
9714,139199,truebugs,genus,Acanthocephala,truebugs,0,0,2,0,https://www.inaturalist.org/observations/165719688,"2024-07-15 09:51:06"
9715,139193,spider,tribe,Misumenini,spider,0,0,3,0,https://www.inaturalist.org/observations/165717603,"2024-07-15 09:51:06"
9716,139187,fly,species,"Amblypsilopus dorsalis",fly,0,0,4,0,https://www.inaturalist.org/observations/165716648,"2024-07-15 09:51:06"
9717,139186,spider,genus,Wulfila,spider,0,0,2,0,https://www.inaturalist.org/observations/165715413,"2024-07-15 09:51:06"
9718,139152,leafhopper,tribe,Gyponini,leafhopper,0,0,2,0,https://www.inaturalist.org/observations/165711550,"2024-07-15 09:51:06"
9719,139146,ant,species,"Camponotus snellingi",ant,0,0,4,0,https://www.inaturalist.org/observations/165711080,"2024-07-15 09:51:06"
9720,139145,ant,species,"Prenolepis imparis",ant,0,0,3,0,https://www.inaturalist.org/observations/165710697,"2024-07-15 09:51:06"
9721,139082,caterpillar,species,"Lymantria dispar",caterpillar,0,0,3,0,https://www.inaturalist.org/observations/165597399,"2024-07-15 09:54:06"
9722,139069,caterpillar,subclass,Pterygota,bee,0,0,2,1,https://www.inaturalist.org/observations/165592571,"2024-07-15 09:54:06"
9723,139068,caterpillar,family,Erebidae,caterpillar,0,0,3,0,https://www.inaturalist.org/observations/165591881,"2024-07-15 09:54:06"
9724,139066,caterpillar,order,Lepidoptera,caterpillar,0,0,2,0,https://www.inaturalist.org/observations/165591207,"2024-07-15 09:54:06"
9725,139065,caterpillar,order,Lepidoptera,caterpillar,0,0,2,0,https://www.inaturalist.org/observations/165590604,"2024-07-15 09:54:06"
9726,139062,caterpillar,order,Lepidoptera,caterpillar,0,0,2,0,https://www.inaturalist.org/observations/165588533,"2024-07-15 09:54:06"
9727,139061,caterpillar,species,"Malacosoma americana",caterpillar,0,0,2,0,https://www.inaturalist.org/observations/165587718,"2024-07-15 09:54:06"
9728,139058,caterpillar,order,Lepidoptera,caterpillar,0,0,2,0,https://www.inaturalist.org/observations/165585760,"2024-07-15 09:54:06"
9729,139042,beetle,species,"Polydrusus formosus",beetle,0,0,2,0,https://www.inaturalist.org/observations/165577332,"2024-07-15 09:57:06"
9730,139037,caterpillar,order,Lepidoptera,caterpillar,0,0,2,0,https://www.inaturalist.org/observations/165574455,"2024-07-15 09:57:06"
9731,139036,caterpillar,order,Lepidoptera,caterpillar,0,0,2,0,https://www.inaturalist.org/observations/165573876,"2024-07-15 09:57:06"
9732,139035,caterpillar,superfamily,Noctuoidea,caterpillar,0,0,3,0,https://www.inaturalist.org/observations/165573283,"2024-07-15 09:57:06"
9733,139034,caterpillar,superfamily,Noctuoidea,caterpillar,0,0,3,0,https://www.inaturalist.org/observations/165572595,"2024-07-15 09:57:06"
9734,139032,caterpillar,order,Lepidoptera,caterpillar,0,0,2,0,https://www.inaturalist.org/observations/165570656,"2024-07-15 09:57:06"
9735,138625,leafhopper,species,"Japananus hyalinus",leafhopper,0,0,3,0,https://www.inaturalist.org/observations/165165470,"2024-07-15 09:57:06"
9736,138540,bee,superfamily,Cynipoidea,bee,0,0,2,0,https://www.inaturalist.org/observations/165148398,"2024-07-08 09:45:05"
9737,138261,bee,subclass,Pterygota,fly,0,0,2,1,https://www.inaturalist.org/observations/164983530,"2024-07-08 09:51:05"
9738,138257,beetle,order,Araneae,spider,0,0,3,1,https://www.inaturalist.org/observations/164982636,"2024-07-08 09:51:05"
9739,138198,truebugs,genus,Acanthocephala,truebugs,0,0,2,0,https://www.inaturalist.org/observations/164973085,"2024-07-08 09:51:05"
9740,138167,unidentified,family,Reduviidae,truebugs,0,0,1,0,https://www.inaturalist.org/observations/164968790,"2024-07-08 09:51:05"
9741,138001,truebugs,genus,Acanthocephala,truebugs,0,0,2,0,https://www.inaturalist.org/observations/164799848,"2024-07-08 09:57:05"
9742,137728,leafhopper,genus,Oncopsis,leafhopper,0,0,2,0,https://www.inaturalist.org/observations/164659634,"2024-07-01 09:39:05"
9743,137207,fly,subclass,Pterygota,leafhopper,0,0,2,1,https://www.inaturalist.org/observations/164550371,"2024-07-01 09:42:06"
9744,136844,other,suborder,Hemerobiiformia,Neuroptera,0,0,2,0,https://www.inaturalist.org/observations/163805054,"2024-07-01 09:57:05"
9745,136621,fly,subfamily,Tachydromiinae,fly,0,0,3,0,https://www.inaturalist.org/observations/163666846,"2024-06-24 09:33:08"
9746,136218,other,genus,Micromus,Neuroptera,0,0,2,0,https://www.inaturalist.org/observations/163331299,"2024-06-24 09:54:06"
9747,136198,other,genus,Micromus,Neuroptera,0,0,2,0,https://www.inaturalist.org/observations/163328107,"2024-06-24 09:54:06"
9748,136186,other,genus,Chrysoperla,Neuroptera,0,0,2,0,https://www.inaturalist.org/observations/163325175,"2024-06-24 09:54:06"
9749,135642,truebugs,species,"Acanthocephala terminalis",truebugs,0,0,2,0,https://www.inaturalist.org/observations/163243389,"2024-06-24 09:57:07"
9750,134168,spider,order,Opiliones,daddylonglegs,0,0,3,1,https://www.inaturalist.org/observations/159773525,"2024-06-17 09:57:07"
9751,129305,fly,species,"Coenosia tigrina",fly,0,0,2,0,https://www.inaturalist.org/observations/128032318,"2024-05-27 09:33:05"
9752,122395,spider,order,Opiliones,daddylonglegs,0,0,3,1,https://www.inaturalist.org/observations/124149933,"2023-11-13 09:57:05"
9753,112401,fly,family,Chironomidae,fly,0,0,2,0,https://www.inaturalist.org/observations/119777494,"2023-07-10 09:39:05"
9754,110845,fly,subfamily,Limnophilinae,fly,0,0,2,0,https://www.inaturalist.org/observations/118959878,"2023-07-10 09:54:05"
9755,102109,fly,subclass,Pterygota,Psocodea,0,0,2,1,https://www.inaturalist.org/observations/89978827,"2023-06-12 09:24:06"
9756,142616,spider,genus,Philodromus,spider,0,0,3,0,https://www.inaturalist.org/observations/168102102,"2024-08-12 09:51:04"
9757,142352,spider,suborder,Araneomorphae,spider,0,0,2,0,https://www.inaturalist.org/observations/167941464,"2024-08-12 09:51:04"
9758,142065,fly,zoosubsection,Calyptratae,fly,0,0,3,0,https://www.inaturalist.org/observations/167748928,"2024-08-12 09:54:05"
9759,142284,beetle,family,Elateridae,beetle,0,0,2,0,https://www.inaturalist.org/observations/167731577,"2024-08-12 09:54:05"
9760,142275,fly,infraorder,Fulgoromorpha,leafhopper,0,0,3,1,https://www.inaturalist.org/observations/167729854,"2024-08-12 09:54:05"
9761,142265,leafhopper,species,"Thionia quinquata",leafhopper,0,0,2,0,https://www.inaturalist.org/observations/167728336,"2024-08-12 09:54:05"
9762,142259,leafhopper,species,"Thionia quinquata",leafhopper,0,0,2,0,https://www.inaturalist.org/observations/167726881,"2024-08-12 09:54:05"
9763,142258,leafhopper,tribe,Gyponini,leafhopper,0,0,2,0,https://www.inaturalist.org/observations/167726457,"2024-08-12 09:54:05"
9764,142255,beetle,species,"Harmonia axyridis",beetle,0,0,4,0,https://www.inaturalist.org/observations/167725955,"2024-08-12 09:54:05"
9765,142253,beetle,family,Elateridae,beetle,0,0,2,0,https://www.inaturalist.org/observations/167725548,"2024-08-12 09:54:05"
9766,142243,fly,subclass,Pterygota,Psocodea,0,0,2,1,https://www.inaturalist.org/observations/167722441,"2024-08-12 09:54:05"
9767,142241,leafhopper,species,"Flatormenis proxima",leafhopper,0,0,2,0,https://www.inaturalist.org/observations/167722078,"2024-08-12 09:54:05"
9768,142240,beetle,species,"Harmonia axyridis",beetle,0,0,4,0,https://www.inaturalist.org/observations/167721649,"2024-08-12 09:54:05"
9769,142229,beetle,species,"Harmonia axyridis",beetle,0,0,4,0,https://www.inaturalist.org/observations/167720317,"2024-08-12 09:54:05"
9770,142223,caterpillar,family,Geometridae,caterpillar,0,0,2,0,https://www.inaturalist.org/observations/167719830,"2024-08-12 09:54:05"
9771,142222,ant,complex,"Formica fusca",ant,0,0,2,0,https://www.inaturalist.org/observations/167719293,"2024-08-12 09:54:05"
9772,142214,ant,species,"Camponotus snellingi",ant,0,0,3,0,https://www.inaturalist.org/observations/167718086,"2024-08-12 09:54:05"
9773,142209,spider,species,"Misumessus oblongus",spider,0,0,3,0,https://www.inaturalist.org/observations/167717544,"2024-08-12 09:54:05"
9774,142203,ant,species,"Camponotus snellingi",ant,0,0,3,0,https://www.inaturalist.org/observations/167717066,"2024-08-12 09:54:05"
9775,142187,leafhopper,species,"Flatormenis proxima",leafhopper,0,0,2,0,https://www.inaturalist.org/observations/167711548,"2024-08-12 09:54:05"
9776,142185,caterpillar,family,Geometridae,caterpillar,0,0,2,0,https://www.inaturalist.org/observations/167710942,"2024-08-12 09:57:04"
9777,142172,caterpillar,order,Lepidoptera,caterpillar,0,0,2,0,https://www.inaturalist.org/observations/167708052,"2024-08-12 09:57:04"
9778,142168,caterpillar,family,Geometridae,caterpillar,0,0,2,0,https://www.inaturalist.org/observations/167706950,"2024-08-12 09:57:04"
9779,142167,leafhopper,species,"Flatormenis proxima",leafhopper,0,0,2,0,https://www.inaturalist.org/observations/167706404,"2024-08-12 09:57:04"
9780,142163,leafhopper,species,"Thionia quinquata",leafhopper,0,0,3,0,https://www.inaturalist.org/observations/167705894,"2024-08-12 09:57:04"
9781,142160,caterpillar,family,Geometridae,caterpillar,0,0,2,0,https://www.inaturalist.org/observations/167705430,"2024-08-12 09:57:04"
9782,142159,caterpillar,family,Geometridae,caterpillar,0,0,2,0,https://www.inaturalist.org/observations/167704987,"2024-08-12 09:57:04"
9783,142148,ant,subgenus,Myrmentoma,ant,0,0,2,0,https://www.inaturalist.org/observations/167702467,"2024-08-12 09:57:04"
9784,142146,ant,species,"Camponotus pennsylvanicus",ant,0,0,2,0,https://www.inaturalist.org/observations/167701356,"2024-08-12 09:57:04"
9785,142144,caterpillar,order,Lepidoptera,caterpillar,0,0,2,0,https://www.inaturalist.org/observations/167700913,"2024-08-12 09:57:04"
9786,142143,leafhopper,species,"Thionia quinquata",leafhopper,0,0,2,0,https://www.inaturalist.org/observations/167700496,"2024-08-12 09:57:04"
9787,142142,leafhopper,species,"Graphocephala versuta",leafhopper,0,0,3,0,https://www.inaturalist.org/observations/167700040,"2024-08-12 09:57:04"
9788,142141,leafhopper,species,"Flatormenis proxima",leafhopper,0,0,2,0,https://www.inaturalist.org/observations/167699518,"2024-08-12 09:57:04"
9789,142127,leafhopper,tribe,Gyponini,leafhopper,0,0,2,0,https://www.inaturalist.org/observations/167697408,"2024-08-12 09:57:04"
9790,142126,leafhopper,species,"Thionia bullata",leafhopper,0,0,3,0,https://www.inaturalist.org/observations/167696929,"2024-08-12 09:57:04"
9791,142119,leafhopper,tribe,Nephesini,leafhopper,0,0,2,0,https://www.inaturalist.org/observations/167695277,"2024-08-12 09:57:04"
9792,142108,leafhopper,species,"Flatormenis proxima",leafhopper,0,0,2,0,https://www.inaturalist.org/observations/167694401,"2024-08-12 09:57:04"
9793,142096,ant,genus,Camponotus,ant,0,0,2,0,https://www.inaturalist.org/observations/167692546,"2024-08-12 09:57:04"
9794,142095,ant,genus,Camponotus,ant,0,0,2,0,https://www.inaturalist.org/observations/167692158,"2024-08-12 09:57:04"
9795,142093,fly,subfamily,Macrocerinae,fly,0,0,2,0,https://www.inaturalist.org/observations/167691378,"2024-08-12 09:57:04"
9796,142089,spider,family,Araneidae,spider,0,0,2,0,https://www.inaturalist.org/observations/167690949,"2024-08-12 09:57:04"
9797,142088,ant,genus,Camponotus,ant,0,0,2,0,https://www.inaturalist.org/observations/167690541,"2024-08-12 09:57:04"
9798,142085,caterpillar,order,Lepidoptera,caterpillar,0,0,2,0,https://www.inaturalist.org/observations/167690186,"2024-08-12 09:57:04"
9799,142084,caterpillar,subfamily,Plusiinae,caterpillar,0,0,2,0,https://www.inaturalist.org/observations/167689850,"2024-08-12 09:57:04"
9800,142078,other,species,"Pachydiplax longipennis",Odonata,0,0,3,0,https://www.inaturalist.org/observations/167689541,"2024-08-12 09:57:04"
9801,142077,ant,species,"Camponotus pennsylvanicus",ant,0,0,2,0,https://www.inaturalist.org/observations/167689192,"2024-08-12 09:57:04"
9802,142076,spider,order,Araneae,spider,0,0,1,0,https://www.inaturalist.org/observations/167688823,"2024-08-05 09:48:05"
9803,141949,moths,genus,Coleophora,moths,0,0,3,0,https://www.inaturalist.org/observations/167566152,"2024-08-05 09:48:05"
9804,141944,moths,genus,Coleophora,moths,0,0,3,0,https://www.inaturalist.org/observations/167564058,"2024-08-05 09:48:05"
9805,141909,caterpillar,genus,Pyreferra,caterpillar,0,0,4,0,https://www.inaturalist.org/observations/167550432,"2024-08-05 09:51:05"
9806,141889,caterpillar,family,Geometridae,caterpillar,0,0,2,0,https://www.inaturalist.org/observations/167547418,"2024-08-05 09:51:05"
9807,141882,fly,superfamily,Sciaroidea,fly,0,0,2,0,https://www.inaturalist.org/observations/167545851,"2024-08-05 09:51:05"
9808,141879,fly,suborder,Nematocera,fly,0,0,2,0,https://www.inaturalist.org/observations/167544774,"2024-08-05 09:51:05"
9809,141873,spider,complex,"Enoplognatha ovata",spider,0,0,3,0,https://www.inaturalist.org/observations/167544261,"2024-08-05 09:51:05"
9810,141871,spider,complex,"Enoplognatha ovata",spider,0,0,3,0,https://www.inaturalist.org/observations/167543772,"2024-08-05 09:51:05"
9811,141847,fly,family,Chironomidae,fly,0,0,2,0,https://www.inaturalist.org/observations/167541995,"2024-08-05 09:51:05"
9812,141845,spider,species,"Araniella displicata",spider,0,0,3,0,https://www.inaturalist.org/observations/167541584,"2024-08-05 09:51:05"
9813,141843,spider,genus,Philodromus,spider,0,0,3,0,https://www.inaturalist.org/observations/167541158,"2024-08-05 09:51:05"
9814,141842,ant,complex,"Formica pallidefulva",ant,0,0,3,0,https://www.inaturalist.org/observations/167540619,"2024-08-05 09:51:05"
9815,141836,caterpillar,genus,Acronicta,caterpillar,0,0,2,0,https://www.inaturalist.org/observations/167538923,"2024-08-05 09:51:05"
9816,141830,caterpillar,order,Lepidoptera,caterpillar,0,0,2,0,https://www.inaturalist.org/observations/167538423,"2024-08-05 09:51:05"
9817,141827,ant,species,"Camponotus nearcticus",ant,0,0,5,0,https://www.inaturalist.org/observations/167537572,"2024-08-05 09:51:05"
9818,141820,truebugs,genus,Podisus,truebugs,0,0,2,0,https://www.inaturalist.org/observations/167536013,"2024-08-05 09:51:05"
9819,141807,caterpillar,order,Lepidoptera,caterpillar,0,0,2,0,https://www.inaturalist.org/observations/167534329,"2024-08-05 09:51:05"
9820,141806,fly,family,Chironomidae,fly,0,0,2,0,https://www.inaturalist.org/observations/167533912,"2024-08-05 09:51:05"
9821,141805,fly,genus,Microtendipes,fly,0,0,3,0,https://www.inaturalist.org/observations/167533525,"2024-08-05 09:51:05"
9822,141803,ant,species,"Camponotus pennsylvanicus",ant,0,0,3,0,https://www.inaturalist.org/observations/167532817,"2024-08-05 09:51:05"
9823,141792,caterpillar,order,Lepidoptera,caterpillar,0,0,2,0,https://www.inaturalist.org/observations/167531612,"2024-08-05 09:51:05"
9824,141787,caterpillar,family,Geometridae,caterpillar,0,0,2,0,https://www.inaturalist.org/observations/167530358,"2024-08-05 09:51:05"
9825,141779,caterpillar,species,"Cecrita biundata",caterpillar,0,0,3,0,https://www.inaturalist.org/observations/167529208,"2024-08-05 09:51:05"
9826,141770,fly,genus,Microtendipes,fly,0,0,3,0,https://www.inaturalist.org/observations/167527444,"2024-08-05 09:51:05"
9827,141769,ant,species,"Camponotus americanus",ant,0,0,4,0,https://www.inaturalist.org/observations/167527106,"2024-08-05 09:51:05"
9828,141768,ant,subgenus,Lasius,ant,0,0,2,0,https://www.inaturalist.org/observations/167526777,"2024-08-05 09:54:06"
9829,141734,caterpillar,family,Geometridae,caterpillar,0,0,2,0,https://www.inaturalist.org/observations/167524722,"2024-08-05 09:54:06"
9830,141721,ant,species,"Camponotus pennsylvanicus",ant,0,0,3,0,https://www.inaturalist.org/observations/167523340,"2024-08-05 09:54:06"
9831,141717,caterpillar,order,Lepidoptera,caterpillar,0,0,2,0,https://www.inaturalist.org/observations/167523004,"2024-08-05 09:54:06"
9832,141716,leafhopper,tribe,Gyponini,leafhopper,0,0,2,0,https://www.inaturalist.org/observations/167522551,"2024-08-05 09:54:06"
9833,141715,leafhopper,species,"Ormenoides venusta",leafhopper,0,0,2,0,https://www.inaturalist.org/observations/167522210,"2024-08-05 09:54:06"
9834,141691,fly,zoosection,Schizophora,fly,0,0,2,0,https://www.inaturalist.org/observations/167452723,"2024-08-05 09:54:06"
9835,141678,unidentified,suborder,Apocrita,bee,0,0,2,0,https://www.inaturalist.org/observations/167434290,"2024-08-05 09:54:06"
9836,141674,unidentified,complex,"Formica fusca",ant,0,0,2,0,https://www.inaturalist.org/observations/167433495,"2024-08-05 09:54:06"
9837,141672,spider,genus,Wulfila,spider,0,0,2,0,https://www.inaturalist.org/observations/167433151,"2024-08-05 09:54:06"
9838,141669,fly,subgenus,Lauxaniella,fly,0,0,3,0,https://www.inaturalist.org/observations/167432031,"2024-08-05 09:54:06"
9839,141668,fly,species,"Eupeodes pomus",fly,0,0,2,0,https://www.inaturalist.org/observations/167431623,"2024-08-05 09:54:06"
9840,141666,fly,species,"Chrysopilus ornatus",fly,0,0,3,0,https://www.inaturalist.org/observations/167430520,"2024-08-05 09:54:06"
9841,141631,moths,order,Lepidoptera,moths,0,0,2,0,https://www.inaturalist.org/observations/167405456,"2024-08-05 09:54:06"
9842,141625,caterpillar,genus,Pyreferra,caterpillar,0,0,3,0,https://www.inaturalist.org/observations/167398775,"2024-08-05 09:54:06"
9843,141624,caterpillar,family,Geometridae,caterpillar,0,0,3,0,https://www.inaturalist.org/observations/167397857,"2024-08-05 09:54:06"
9844,141614,beetle,species,"Harmonia axyridis",beetle,0,0,3,0,https://www.inaturalist.org/observations/167391057,"2024-08-05 09:54:06"
9845,141612,spider,species,"Misumessus oblongus",spider,0,0,2,0,https://www.inaturalist.org/observations/167390702,"2024-08-05 09:54:06"
9846,141608,ant,species,"Tapinoma sessile",ant,0,0,2,0,https://www.inaturalist.org/observations/167389331,"2024-08-05 09:57:05"
9847,141605,truebugs,genus,Acanthocephala,truebugs,0,0,2,0,https://www.inaturalist.org/observations/167388473,"2024-08-05 09:57:05"
9848,141599,ant,species,"Prenolepis imparis",ant,0,0,2,0,https://www.inaturalist.org/observations/167387036,"2024-08-05 09:57:05"
9849,141595,beetle,species,"Falsomordellistena hebraica",beetle,0,0,3,0,https://www.inaturalist.org/observations/167386502,"2024-08-05 09:57:05"
9850,141594,ant,species,"Prenolepis imparis",ant,0,0,2,0,https://www.inaturalist.org/observations/167386080,"2024-08-05 09:57:05"
9851,141593,unidentified,suborder,Auchenorrhyncha,leafhopper,0,0,1,0,https://www.inaturalist.org/observations/167385707,"2024-08-05 09:57:05"
9852,141589,caterpillar,order,Lepidoptera,caterpillar,0,0,2,0,https://www.inaturalist.org/observations/167384814,"2024-08-05 09:57:05"
9853,141567,beetle,genus,Photuris,beetle,0,0,3,0,https://www.inaturalist.org/observations/167381402,"2024-08-05 09:57:05"
9854,141540,moths,family,Psychidae,moths,0,0,2,0,https://www.inaturalist.org/observations/167378189,"2024-08-05 09:57:05"
9855,141539,grasshopper,complex,"Melanoplus viridipes",grasshopper,0,0,2,0,https://www.inaturalist.org/observations/167377743,"2024-08-05 09:57:05"
9856,141530,fly,genus,Chrysotus,fly,0,0,3,0,https://www.inaturalist.org/observations/167377105,"2024-08-05 09:57:05"
9857,141522,fly,genus,Rivellia,fly,0,0,3,0,https://www.inaturalist.org/observations/167375832,"2024-08-05 09:57:05"
9858,141496,leafhopper,species,"Aplos simplex",leafhopper,0,0,2,0,https://www.inaturalist.org/observations/167374133,"2024-08-05 09:57:05"
9859,141490,leafhopper,species,"Cyrtolobus vau",leafhopper,0,0,3,0,https://www.inaturalist.org/observations/167372199,"2024-08-05 09:57:05"
9860,141488,leafhopper,species,"Flatormenis proxima",leafhopper,0,0,2,0,https://www.inaturalist.org/observations/167371257,"2024-08-05 09:57:05"
9861,141487,ant,complex,"Formica fusca",ant,0,0,3,0,https://www.inaturalist.org/observations/167370817,"2024-08-05 09:57:05"
9862,141458,leafhopper,species,"Acanalonia servillei",leafhopper,0,0,2,0,https://www.inaturalist.org/observations/167363652,"2024-08-05 09:57:05"
9863,141456,caterpillar,family,Geometridae,caterpillar,0,0,2,0,https://www.inaturalist.org/observations/167362907,"2024-08-05 09:57:05"
9864,141426,leafhopper,tribe,Thioniini,leafhopper,0,0,2,0,https://www.inaturalist.org/observations/167358232,"2024-07-29 09:51:05"
9865,141425,leafhopper,species,"Ormenoides venusta",leafhopper,0,0,2,0,https://www.inaturalist.org/observations/167357837,"2024-07-29 09:51:05"
9866,141419,leafhopper,species,"Flatormenis proxima",leafhopper,0,0,2,0,https://www.inaturalist.org/observations/167356480,"2024-07-29 09:51:05"
9867,141416,ant,subgenus,Crematogaster,ant,0,0,2,0,https://www.inaturalist.org/observations/167355840,"2024-07-29 09:51:05"
9868,141406,leafhopper,species,"Flatormenis proxima",leafhopper,0,0,2,0,https://www.inaturalist.org/observations/167353450,"2024-07-29 09:51:05"
9869,141405,leafhopper,species,"Thionia bullata",leafhopper,0,0,3,0,https://www.inaturalist.org/observations/167353108,"2024-07-29 09:51:05"
9870,141399,unidentified,family,Aphididae,aphid,0,0,1,0,https://www.inaturalist.org/observations/167288582,"2024-07-29 09:51:05"
9871,141388,unidentified,superfamily,Psylloidea,aphid,0,0,1,0,https://www.inaturalist.org/observations/167285581,"2024-07-29 09:51:05"
9872,141387,ant,subgenus,Crematogaster,ant,0,0,2,0,https://www.inaturalist.org/observations/167285147,"2024-07-29 09:51:05"
9873,141384,ant,species,"Temnothorax schaumii",ant,0,0,2,0,https://www.inaturalist.org/observations/167278182,"2024-07-29 09:51:05"
9874,141370,moths,genus,Coleophora,moths,0,0,3,0,https://www.inaturalist.org/observations/167267472,"2024-07-29 09:51:05"
9875,141369,moths,genus,Coleophora,moths,0,0,3,0,https://www.inaturalist.org/observations/167267063,"2024-07-29 09:51:05"
9876,141368,moths,genus,Coleophora,moths,0,0,3,0,https://www.inaturalist.org/observations/167266545,"2024-07-29 09:51:05"
9877,141363,bee,family,Braconidae,bee,0,0,2,0,https://www.inaturalist.org/observations/167266171,"2024-07-29 09:51:05"
9878,141357,other,species,"Leucochrysa pavida",Neuroptera,0,0,2,0,https://www.inaturalist.org/observations/167264626,"2024-07-29 09:51:05"
9879,141349,caterpillar,order,Lepidoptera,caterpillar,0,0,2,0,https://www.inaturalist.org/observations/167263663,"2024-07-29 09:51:05"
9880,141345,caterpillar,species,"Lymantria dispar",caterpillar,0,0,3,0,https://www.inaturalist.org/observations/167263178,"2024-07-29 09:51:05"
9881,141333,caterpillar,order,Lepidoptera,caterpillar,0,0,3,0,https://www.inaturalist.org/observations/167262421,"2024-07-29 09:51:05"
9882,141327,grasshopper,complex,"Melanoplus viridipes",grasshopper,0,0,2,0,https://www.inaturalist.org/observations/167261399,"2024-07-29 09:51:05"
9883,141287,caterpillar,order,Lepidoptera,caterpillar,0,0,2,0,https://www.inaturalist.org/observations/167259501,"2024-07-29 09:54:05"
9884,141276,caterpillar,order,Lepidoptera,caterpillar,0,0,2,0,https://www.inaturalist.org/observations/167258509,"2024-07-29 09:54:05"
9885,141222,caterpillar,family,Noctuidae,caterpillar,0,0,2,0,https://www.inaturalist.org/observations/167257467,"2024-07-29 09:54:05"
9886,141214,caterpillar,order,Lepidoptera,caterpillar,0,0,2,0,https://www.inaturalist.org/observations/167256942,"2024-07-29 09:54:05"
9887,141204,fly,zoosection,Aschiza,fly,0,0,3,0,https://www.inaturalist.org/observations/167254952,"2024-07-29 09:54:05"
9888,141200,caterpillar,order,Lepidoptera,caterpillar,0,0,2,0,https://www.inaturalist.org/observations/167254405,"2024-07-29 09:54:05"
9889,141172,truebugs,genus,Euschistus,truebugs,0,0,3,0,https://www.inaturalist.org/observations/167253008,"2024-07-29 09:54:05"
9890,141157,caterpillar,order,Lepidoptera,caterpillar,0,0,3,0,https://www.inaturalist.org/observations/167252022,"2024-07-29 09:54:05"
9891,141154,caterpillar,species,"Lymantria dispar",caterpillar,0,0,3,0,https://www.inaturalist.org/observations/167251533,"2024-07-29 09:54:05"
9892,141153,caterpillar,species,"Lymantria dispar",caterpillar,0,0,4,0,https://www.inaturalist.org/observations/167251051,"2024-07-29 09:54:05"
9893,141141,caterpillar,order,Lepidoptera,caterpillar,0,0,3,0,https://www.inaturalist.org/observations/167246932,"2024-07-29 09:54:05"
9894,141138,moths,order,Lepidoptera,moths,0,0,2,0,https://www.inaturalist.org/observations/167246443,"2024-07-29 09:54:05"
9895,141115,caterpillar,genus,Phyllonorycter,caterpillar,0,0,2,0,https://www.inaturalist.org/observations/167244979,"2024-07-29 09:54:05"
9896,141105,beetle,family,Dermestidae,beetle,0,0,2,0,https://www.inaturalist.org/observations/167242563,"2024-07-29 09:54:05"
9897,141102,caterpillar,family,Geometridae,caterpillar,0,0,2,0,https://www.inaturalist.org/observations/167241455,"2024-07-29 09:54:05"
9898,141101,beetle,order,Coleoptera,beetle,0,0,2,0,https://www.inaturalist.org/observations/167240921,"2024-07-29 09:54:05"
9899,141100,other,complex,"Forficula auricularia",Dermaptera,0,0,2,0,https://www.inaturalist.org/observations/167240460,"2024-07-29 09:54:05"
9900,141089,leafhopper,species,"Flatormenis proxima",leafhopper,0,0,2,0,https://www.inaturalist.org/observations/167238933,"2024-07-29 09:54:05"
9901,141084,caterpillar,species,"Lymantria dispar",caterpillar,0,0,3,0,https://www.inaturalist.org/observations/167238500,"2024-07-29 09:54:05"
9902,141080,leafhopper,species,"Thionia quinquata",leafhopper,0,0,2,0,https://www.inaturalist.org/observations/167237761,"2024-07-29 09:54:05"
9903,141075,caterpillar,family,Erebidae,caterpillar,0,0,2,0,https://www.inaturalist.org/observations/167237218,"2024-07-29 09:54:05"
9904,141066,leafhopper,species,"Platycotis vittata",leafhopper,0,0,2,0,https://www.inaturalist.org/observations/167236284,"2024-07-29 09:57:04"
9905,141058,beetle,family,Mordellidae,beetle,0,0,2,0,https://www.inaturalist.org/observations/167234362,"2024-07-29 09:57:04"
9906,141056,beetle,species,"Dorcaschema alternatum",beetle,0,0,3,0,https://www.inaturalist.org/observations/167233415,"2024-07-29 09:57:04"
9907,141055,beetle,species,"Ochyromera ligustri",beetle,0,0,4,0,https://www.inaturalist.org/observations/167232959,"2024-07-29 09:57:04"
9908,141050,caterpillar,species,"Acronicta retardata",caterpillar,0,0,3,0,https://www.inaturalist.org/observations/167232382,"2024-07-29 09:57:04"
9909,141048,beetle,family,Elateridae,beetle,0,0,2,0,https://www.inaturalist.org/observations/167231873,"2024-07-29 09:57:04"
9910,141047,leafhopper,species,"Flatormenis proxima",leafhopper,0,0,3,0,https://www.inaturalist.org/observations/167231377,"2024-07-29 09:57:04"
9911,141045,moths,order,Lepidoptera,moths,0,0,2,0,https://www.inaturalist.org/observations/167230364,"2024-07-29 09:57:04"
9912,141042,caterpillar,family,Geometridae,caterpillar,0,0,2,0,https://www.inaturalist.org/observations/167229893,"2024-07-29 09:57:04"
9913,141041,leafhopper,species,"Thionia bullata",leafhopper,0,0,3,0,https://www.inaturalist.org/observations/167229327,"2024-07-29 09:57:04"
9914,141034,beetle,family,Buprestidae,beetle,0,0,2,0,https://www.inaturalist.org/observations/167228087,"2024-07-29 09:57:04"
9915,141025,beetle,family,Mordellidae,beetle,0,0,2,0,https://www.inaturalist.org/observations/167227554,"2024-07-29 09:57:04"
9916,141022,beetle,family,Elateridae,beetle,0,0,2,0,https://www.inaturalist.org/observations/167227014,"2024-07-29 09:57:04"
9917,141006,fly,zoosubsection,Calyptratae,fly,0,0,2,0,https://www.inaturalist.org/observations/167224139,"2024-07-29 09:57:04"
9918,141000,beetle,family,Elateridae,beetle,0,0,2,0,https://www.inaturalist.org/observations/167223518,"2024-07-29 09:57:04"
9919,140999,beetle,family,Miridae,truebugs,0,0,3,1,https://www.inaturalist.org/observations/167222912,"2024-07-29 09:57:04"
9920,140998,other,subfamily,Hemerobiinae,Neuroptera,0,0,2,0,https://www.inaturalist.org/observations/167222342,"2024-07-29 09:57:04"
9921,140996,beetle,species,"Photinus pyralis",beetle,0,0,3,0,https://www.inaturalist.org/observations/167221887,"2024-07-29 09:57:04"
9922,140994,leafhopper,tribe,Nephesini,leafhopper,0,0,2,0,https://www.inaturalist.org/observations/167220862,"2024-07-29 09:57:04"
9923,140992,leafhopper,genus,Acanalonia,leafhopper,0,0,2,0,https://www.inaturalist.org/observations/167220345,"2024-07-29 09:57:04"
9924,140989,leafhopper,species,"Ormenoides venusta",leafhopper,0,0,2,0,https://www.inaturalist.org/observations/167219594,"2024-07-29 09:57:04"
9925,140988,leafhopper,species,"Flatormenis proxima",leafhopper,0,0,2,0,https://www.inaturalist.org/observations/167219169,"2024-07-29 09:57:04"
9926,140985,fly,family,Chironomidae,fly,0,0,2,0,https://www.inaturalist.org/observations/167218261,"2024-07-29 09:57:04"
9927,140979,spider,species,"Wulfila albens",spider,0,0,2,0,https://www.inaturalist.org/observations/167217779,"2024-07-29 09:57:04"
9928,140973,caterpillar,tribe,Elaphriini,caterpillar,0,0,2,0,https://www.inaturalist.org/observations/167216894,"2024-07-29 09:57:04"
9929,140972,beetle,family,Chrysomelidae,beetle,0,0,2,0,https://www.inaturalist.org/observations/167216378,"2024-07-29 09:57:04"
9930,140968,spider,species,"Phylloneta pictipes",spider,0,0,2,0,https://www.inaturalist.org/observations/167215523,"2024-07-29 09:57:04"
9931,140963,leafhopper,tribe,Gyponini,leafhopper,0,0,2,0,https://www.inaturalist.org/observations/167214265,"2024-07-29 09:57:04"
9932,140961,spider,family,Thomisidae,spider,0,0,2,0,https://www.inaturalist.org/observations/167213180,"2024-07-29 09:57:04"
9933,140958,caterpillar,order,Lepidoptera,caterpillar,0,0,2,0,https://www.inaturalist.org/observations/167212635,"2024-07-29 09:57:04"
9934,140955,beetle,family,Elateridae,beetle,0,0,2,0,https://www.inaturalist.org/observations/167211665,"2024-07-29 09:57:04"
9935,140952,spider,tribe,Misumenini,spider,0,0,3,0,https://www.inaturalist.org/observations/167210148,"2024-07-22 09:33:07"
9936,140951,other,genus,Chrysoperla,Neuroptera,0,0,2,0,https://www.inaturalist.org/observations/167209776,"2024-07-22 09:33:07"
9937,140941,other,subfamily,Chrysopinae,Neuroptera,0,0,2,0,https://www.inaturalist.org/observations/167207998,"2024-07-22 09:33:07"
9938,140929,leafhopper,genus,Acanalonia,leafhopper,0,0,2,0,https://www.inaturalist.org/observations/167206739,"2024-07-22 09:33:07"
9939,140927,leafhopper,species,"Thionia quinquata",leafhopper,0,0,2,0,https://www.inaturalist.org/observations/167205669,"2024-07-22 09:33:07"
9940,140919,caterpillar,family,Geometridae,caterpillar,0,0,2,0,https://www.inaturalist.org/observations/167204759,"2024-07-22 09:33:07"
9941,140918,fly,family,Tipulidae,fly,0,0,2,0,https://www.inaturalist.org/observations/167204324,"2024-07-22 09:33:07"
9942,140916,leafhopper,species,"Stictocephala militaris",leafhopper,0,0,2,0,https://www.inaturalist.org/observations/167203440,"2024-07-22 09:33:07"
9943,140901,leafhopper,species,"Oncometopia orbona",leafhopper,0,0,2,0,https://www.inaturalist.org/observations/167201030,"2024-07-22 09:33:07"
9944,140899,leafhopper,species,"Stictocephala militaris",leafhopper,0,0,3,0,https://www.inaturalist.org/observations/167200653,"2024-07-22 09:33:07"
9945,140891,spider,family,Trachelidae,spider,0,0,2,0,https://www.inaturalist.org/observations/167199299,"2024-07-22 09:33:07"
9946,140890,leafhopper,species,"Ormenoides venusta",leafhopper,0,0,2,0,https://www.inaturalist.org/observations/167198844,"2024-07-22 09:33:07"
9947,140884,ant,species,"Camponotus castaneus",ant,0,0,4,0,https://www.inaturalist.org/observations/167197825,"2024-07-22 09:33:07"
9948,140881,leafhopper,species,"Flatormenis proxima",leafhopper,0,0,2,0,https://www.inaturalist.org/observations/167197434,"2024-07-22 09:33:07"
9949,140877,spider,species,"Lyssomanes viridis",spider,0,0,3,0,https://www.inaturalist.org/observations/167196532,"2024-07-22 09:33:07"
9950,140871,leafhopper,species,"Stictocephala militaris",leafhopper,0,0,2,0,https://www.inaturalist.org/observations/167194556,"2024-07-22 09:33:07"
9951,140859,spider,genus,Wulfila,spider,0,0,2,0,https://www.inaturalist.org/observations/167193026,"2024-07-22 09:33:07"
9952,140845,other,genus,Chrysoperla,Neuroptera,0,0,2,0,https://www.inaturalist.org/observations/167190267,"2024-07-22 09:36:06"
9953,140844,other,genus,Chrysoperla,Neuroptera,0,0,2,0,https://www.inaturalist.org/observations/167189871,"2024-07-22 09:36:06"
9954,140843,caterpillar,family,Geometridae,caterpillar,0,0,2,0,https://www.inaturalist.org/observations/167189553,"2024-07-22 09:36:06"
9955,140835,caterpillar,family,Geometridae,caterpillar,0,0,2,0,https://www.inaturalist.org/observations/167187204,"2024-07-22 09:36:06"
9956,140825,caterpillar,order,Lepidoptera,caterpillar,0,0,2,0,https://www.inaturalist.org/observations/167100659,"2024-07-22 09:36:06"
9957,140822,caterpillar,superfamily,Tenthredinoidea,bee,0,1,3,1,https://www.inaturalist.org/observations/167099301,"2024-07-22 09:36:06"
9958,140821,grasshopper,complex,"Melanoplus viridipes",grasshopper,0,0,2,0,https://www.inaturalist.org/observations/167098924,"2024-07-22 09:36:06"
9959,140820,fly,genus,Rhagio,fly,0,0,2,0,https://www.inaturalist.org/observations/167096487,"2024-07-22 09:36:06"
9960,140817,moths,species,"Cenopis pettitana",moths,0,0,2,0,https://www.inaturalist.org/observations/167090742,"2024-07-22 09:36:06"
9961,140815,beetle,suborder,Heteroptera,truebugs,0,0,3,1,https://www.inaturalist.org/observations/167087443,"2024-07-22 09:36:06"
9962,140798,fly,genus,Rivellia,fly,0,0,2,0,https://www.inaturalist.org/observations/167051723,"2024-07-22 09:36:06"
9963,140788,spider,family,Philodromidae,spider,0,0,2,0,https://www.inaturalist.org/observations/167042502,"2024-07-22 09:39:06"
9964,140784,truebugs,family,Miridae,truebugs,0,0,2,0,https://www.inaturalist.org/observations/167040776,"2024-07-22 09:39:06"
9965,140780,beetle,family,Elateridae,beetle,0,0,2,0,https://www.inaturalist.org/observations/167039754,"2024-07-22 09:39:06"
9966,140777,truebugs,species,"Stephanitis takeyai",truebugs,0,0,3,0,https://www.inaturalist.org/observations/167038667,"2024-07-22 09:39:06"
9967,140776,caterpillar,genus,Pyreferra,caterpillar,0,0,4,0,https://www.inaturalist.org/observations/167038168,"2024-07-22 09:39:06"
9968,140775,fly,suborder,Brachycera,fly,0,0,2,0,https://www.inaturalist.org/observations/167037672,"2024-07-22 09:39:06"
9969,140759,caterpillar,family,Geometridae,caterpillar,0,0,2,0,https://www.inaturalist.org/observations/167020265,"2024-07-22 09:39:06"
9970,140758,caterpillar,order,Lepidoptera,caterpillar,0,0,2,0,https://www.inaturalist.org/observations/167019845,"2024-07-22 09:39:06"
9971,140752,fly,zoosubsection,Acalyptratae,fly,0,0,2,0,https://www.inaturalist.org/observations/167018801,"2024-07-22 09:39:06"
9972,140732,leafhopper,genus,Acanalonia,leafhopper,0,0,2,0,https://www.inaturalist.org/observations/167014561,"2024-07-22 09:39:06"
9973,140728,ant,subgenus,Myrmentoma,ant,0,0,3,0,https://www.inaturalist.org/observations/167013559,"2024-07-22 09:39:06"
9974,140719,ant,subgenus,Myrmentoma,ant,0,0,3,0,https://www.inaturalist.org/observations/167011743,"2024-07-22 09:39:06"
9975,140712,spider,subfamily,Salticinae,spider,0,0,2,0,https://www.inaturalist.org/observations/167010916,"2024-07-22 09:39:06"
9976,140701,leafhopper,species,"Flatormenis proxima",leafhopper,0,0,2,0,https://www.inaturalist.org/observations/167009230,"2024-07-22 09:39:06"
9977,140700,leafhopper,species,"Flatormenis proxima",leafhopper,0,0,2,0,https://www.inaturalist.org/observations/167008753,"2024-07-22 09:39:06"
9978,140699,leafhopper,tribe,Nephesini,leafhopper,0,0,2,0,https://www.inaturalist.org/observations/167008209,"2024-07-22 09:39:06"
9979,140698,leafhopper,tribe,Gyponini,leafhopper,0,0,2,0,https://www.inaturalist.org/observations/167007838,"2024-07-22 09:39:06"
9980,140693,ant,complex,"Formica fusca",ant,0,0,2,0,https://www.inaturalist.org/observations/167007008,"2024-07-22 09:39:06"
9981,140679,ant,genus,Camponotus,ant,0,0,4,0,https://www.inaturalist.org/observations/167004761,"2024-07-22 09:42:06"
9982,140669,ant,species,"Prenolepis imparis",ant,0,0,3,0,https://www.inaturalist.org/observations/167003718,"2024-07-22 09:42:06"
9983,140666,leafhopper,species,"Flatormenis proxima",leafhopper,0,0,2,0,https://www.inaturalist.org/observations/167002894,"2024-07-22 09:42:06"
9984,140665,ant,species,"Prenolepis imparis",ant,0,0,3,0,https://www.inaturalist.org/observations/167002520,"2024-07-22 09:42:06"
9985,140631,unidentified,family,Reduviidae,truebugs,0,0,1,0,https://www.inaturalist.org/observations/166818584,"2024-07-22 09:42:06"
9986,140248,beetle,family,Elateridae,beetle,0,0,3,0,https://www.inaturalist.org/observations/166470395,"2024-07-22 09:45:06"
9987,140220,beetle,genus,Rhagonycha,beetle,0,0,2,0,https://www.inaturalist.org/observations/166464387,"2024-07-22 09:45:06"
9988,140217,beetle,family,Elateridae,beetle,0,0,2,0,https://www.inaturalist.org/observations/166462905,"2024-07-22 09:45:06"
9989,140191,bee,family,Cantharidae,beetle,0,0,4,1,https://www.inaturalist.org/observations/166457898,"2024-07-22 09:45:06"
9990,140050,truebugs,superfamily,Pentatomoidea,truebugs,0,0,2,0,https://www.inaturalist.org/observations/166429902,"2024-07-22 09:48:05"
9991,140025,truebugs,family,Miridae,truebugs,0,0,2,0,https://www.inaturalist.org/observations/166423956,"2024-07-22 09:51:06"
9992,139570,truebugs,order,Hemiptera,aphid,0,0,2,1,https://www.inaturalist.org/observations/166059990,"2024-07-15 09:39:05"
9993,139269,truebugs,family,Miridae,truebugs,0,0,2,0,https://www.inaturalist.org/observations/165763955,"2024-07-15 09:51:06"
9994,139260,spider,complex,"Philodromus rufus",spider,0,0,2,0,https://www.inaturalist.org/observations/165759501,"2024-07-15 09:51:06"
9995,138882,beetle,genus,Calligrapha,beetle,0,0,2,0,https://www.inaturalist.org/observations/165189950,"2024-07-15 09:57:06"
9996,138845,beetle,family,Elateridae,beetle,0,0,2,0,https://www.inaturalist.org/observations/165183313,"2024-07-15 09:57:06"
9997,138123,unidentified,species,"Hormaphis hamamelidis",aphid,0,0,2,0,https://www.inaturalist.org/observations/164857500,"2024-07-08 09:54:05"
9998,137859,truebugs,family,Miridae,truebugs,0,0,2,0,https://www.inaturalist.org/observations/164683958,"2024-07-08 09:57:05"
9999,137423,beetle,family,Elateridae,beetle,0,0,2,0,https://www.inaturalist.org/observations/164022458,"2024-07-01 09:45:07"
10000,134162,fly,order,Ephemeroptera,Ephemeroptera,0,0,3,1,https://www.inaturalist.org/observations/159771879,"2024-06-17 09:57:07"
10001,134052,fly,family,Cecidomyiidae,fly,0,0,2,0,https://www.inaturalist.org/observations/159756197,"2024-06-10 09:21:06"
10002,133494,spider,species,"Leucauge venusta",spider,0,0,2,0,https://www.inaturalist.org/observations/159725960,"2024-06-10 09:24:05"
10003,133484,spider,family,Philodromidae,spider,0,0,2,0,https://www.inaturalist.org/observations/159720637,"2024-06-10 09:27:05"
10004,132721,spider,family,Theridiidae,spider,0,0,2,0,https://www.inaturalist.org/observations/134299290,"2024-06-10 09:36:06"
10005,119813,fly,family,Drosophilidae,fly,0,0,2,0,https://www.inaturalist.org/observations/122999129,"2023-07-31 09:48:05"
10006,108471,fly,genus,Platypalpus,fly,0,0,2,0,https://www.inaturalist.org/observations/118377675,"2023-07-03 09:57:05"
10007,144608,beetle,species,"Harmonia axyridis",beetle,0,0,4,0,https://www.inaturalist.org/observations/169259816,"2024-08-12 09:15:05"
10008,144597,caterpillar,species,"Schizura ipomaeae",caterpillar,0,0,4,0,https://www.inaturalist.org/observations/169255659,"2024-08-12 09:15:05"
10009,144590,ant,species,"Camponotus chromaiodes",ant,0,0,4,0,https://www.inaturalist.org/observations/169252313,"2024-08-12 09:15:05"
10010,144586,caterpillar,family,Geometridae,caterpillar,0,0,2,0,https://www.inaturalist.org/observations/169250328,"2024-08-12 09:15:05"
10011,144574,fly,zoosubsection,Calyptratae,fly,0,0,4,0,https://www.inaturalist.org/observations/169236504,"2024-08-12 09:18:05"
10012,144522,caterpillar,family,Geometridae,caterpillar,0,0,2,0,https://www.inaturalist.org/observations/169221406,"2024-08-12 09:18:05"
10013,144510,caterpillar,family,Geometridae,caterpillar,0,0,2,0,https://www.inaturalist.org/observations/169220923,"2024-08-12 09:18:05"
10014,144506,leafhopper,species,"Platycotis vittata",leafhopper,0,0,2,0,https://www.inaturalist.org/observations/169220450,"2024-08-12 09:18:05"
10015,144393,caterpillar,family,Geometridae,caterpillar,0,0,2,0,https://www.inaturalist.org/observations/169188126,"2024-08-12 09:18:05"
10016,144327,fly,family,Chrysopidae,Neuroptera,0,0,3,1,https://www.inaturalist.org/observations/169074286,"2024-08-12 09:18:05"
10017,144312,unidentified,subclass,Pterygota,bee,0,0,2,1,https://www.inaturalist.org/observations/169073897,"2024-08-12 09:18:05"
10018,144277,bee,superfamily,Chalcidoidea,bee,0,0,1,0,https://www.inaturalist.org/observations/169072895,"2024-08-12 09:18:05"
10019,144264,unidentified,species,"Mesopsocus unipunctatus",Psocodea,0,0,2,0,https://www.inaturalist.org/observations/169071617,"2024-08-12 09:18:05"
10020,144256,caterpillar,order,Lepidoptera,caterpillar,0,0,2,0,https://www.inaturalist.org/observations/169070701,"2024-08-12 09:18:05"
10021,144220,caterpillar,species,"Lymantria dispar",caterpillar,0,0,3,0,https://www.inaturalist.org/observations/169069337,"2024-08-12 09:18:05"
10022,144216,fly,species,"Chyliza apicalis",fly,0,0,3,0,https://www.inaturalist.org/observations/169068563,"2024-08-12 09:18:05"
10023,144215,fly,superfamily,Oestroidea,fly,0,0,2,0,https://www.inaturalist.org/observations/169068126,"2024-08-12 09:18:05"
10024,144212,caterpillar,family,Erebidae,caterpillar,0,0,3,0,https://www.inaturalist.org/observations/169067303,"2024-08-12 09:18:05"
10025,144204,unidentified,order,Hemiptera,truebugs,0,0,1,0,https://www.inaturalist.org/observations/169065327,"2024-08-12 09:18:05"
10026,144203,caterpillar,order,Lepidoptera,caterpillar,0,0,2,0,https://www.inaturalist.org/observations/169064848,"2024-08-12 09:18:05"
10027,144190,beetle,infraorder,Cucujiformia,beetle,0,0,2,0,https://www.inaturalist.org/observations/169063322,"2024-08-12 09:21:04"
10028,144188,caterpillar,family,Erebidae,caterpillar,0,0,2,0,https://www.inaturalist.org/observations/169062750,"2024-08-12 09:21:04"
10029,144187,caterpillar,species,"Lymantria dispar",caterpillar,0,0,3,0,https://www.inaturalist.org/observations/169062213,"2024-08-12 09:21:04"
10030,144177,leafhopper,species,"Philaenus spumarius",leafhopper,0,0,3,0,https://www.inaturalist.org/observations/169060125,"2024-08-12 09:21:04"
10031,144175,fly,suborder,Brachycera,fly,0,0,2,0,https://www.inaturalist.org/observations/169059057,"2024-08-12 09:21:04"
10032,144162,caterpillar,species,"Lymantria dispar",caterpillar,0,0,3,0,https://www.inaturalist.org/observations/169057139,"2024-08-12 09:21:04"
10033,144158,fly,superfamily,Sciaroidea,fly,0,0,2,0,https://www.inaturalist.org/observations/169056445,"2024-08-12 09:21:04"
10034,144157,caterpillar,order,Lepidoptera,caterpillar,0,0,3,0,https://www.inaturalist.org/observations/169055987,"2024-08-12 09:21:04"
10035,144151,fly,species,"Condylostylus patibulatus",fly,0,0,3,0,https://www.inaturalist.org/observations/169053579,"2024-08-12 09:21:04"
10036,144149,moths,order,Lepidoptera,moths,0,0,2,0,https://www.inaturalist.org/observations/169053114,"2024-08-12 09:21:04"
10037,144145,moths,order,Lepidoptera,moths,0,0,2,0,https://www.inaturalist.org/observations/169052733,"2024-08-12 09:21:04"
10038,144136,beetle,species,"Harmonia axyridis",beetle,0,0,3,0,https://www.inaturalist.org/observations/169050676,"2024-08-12 09:21:04"
10039,144135,daddylonglegs,genus,Leiobunum,daddylonglegs,0,0,2,0,https://www.inaturalist.org/observations/169050218,"2024-08-12 09:21:04"
10040,144125,truebugs,family,Mantidae,Mantodea,0,0,3,1,https://www.inaturalist.org/observations/169048369,"2024-08-12 09:21:04"
10041,144113,caterpillar,family,Geometridae,caterpillar,0,0,2,0,https://www.inaturalist.org/observations/169045653,"2024-08-12 09:21:04"
10042,144111,leafhopper,subgenus,Gyponana,leafhopper,0,0,2,0,https://www.inaturalist.org/observations/169044631,"2024-08-12 09:21:04"
10043,144108,leafhopper,species,"Flatormenis proxima",leafhopper,0,0,2,0,https://www.inaturalist.org/observations/169043046,"2024-08-12 09:21:04"
10044,144107,beetle,species,"Photinus pyralis",beetle,0,0,4,0,https://www.inaturalist.org/observations/169042482,"2024-08-12 09:21:04"
10045,144105,ant,species,"Camponotus pennsylvanicus",ant,0,0,3,0,https://www.inaturalist.org/observations/169041464,"2024-08-12 09:21:04"
10046,144095,other,genus,Chrysoperla,Neuroptera,0,0,2,0,https://www.inaturalist.org/observations/169040135,"2024-08-12 09:24:04"
10047,144092,fly,tribe,Dolichopodini,fly,0,0,3,0,https://www.inaturalist.org/observations/169039073,"2024-08-12 09:24:04"
10048,144091,caterpillar,genus,Cameraria,caterpillar,0,0,2,0,https://www.inaturalist.org/observations/169038548,"2024-08-12 09:24:04"
10049,144088,leafhopper,subgenus,Gyponana,leafhopper,0,0,2,0,https://www.inaturalist.org/observations/169038019,"2024-08-12 09:24:04"
10050,144082,moths,order,Lepidoptera,moths,0,0,2,0,https://www.inaturalist.org/observations/169036637,"2024-08-12 09:24:04"
10051,144081,moths,order,Lepidoptera,moths,0,0,2,0,https://www.inaturalist.org/observations/169036148,"2024-08-12 09:24:04"
10052,144078,spider,species,"Paraphidippus aurantius",spider,0,0,3,0,https://www.inaturalist.org/observations/169035642,"2024-08-12 09:24:04"
10053,144075,caterpillar,order,Lepidoptera,caterpillar,0,0,2,0,https://www.inaturalist.org/observations/169035201,"2024-08-12 09:24:04"
10054,144070,caterpillar,order,Lepidoptera,caterpillar,0,0,2,0,https://www.inaturalist.org/observations/169034103,"2024-08-12 09:24:04"
10055,144067,caterpillar,order,Lepidoptera,caterpillar,0,0,2,0,https://www.inaturalist.org/observations/169033426,"2024-08-12 09:24:04"
10056,144065,leafhopper,species,"Flatormenis proxima",leafhopper,0,0,2,0,https://www.inaturalist.org/observations/169032972,"2024-08-12 09:24:04"
10057,144061,moths,order,Lepidoptera,moths,0,0,2,0,https://www.inaturalist.org/observations/169032466,"2024-08-12 09:24:04"
10058,144059,caterpillar,order,Lepidoptera,caterpillar,0,0,2,0,https://www.inaturalist.org/observations/169031783,"2024-08-12 09:24:04"
10059,144056,leafhopper,species,"Stictocephala militaris",leafhopper,0,0,3,0,https://www.inaturalist.org/observations/169030691,"2024-08-12 09:24:04"
10060,144055,caterpillar,family,Geometridae,caterpillar,0,0,2,0,https://www.inaturalist.org/observations/169030239,"2024-08-12 09:24:04"
10061,144054,moths,species,"Lymantria dispar",moths,0,0,3,0,https://www.inaturalist.org/observations/169029775,"2024-08-12 09:24:04"
10062,144053,caterpillar,species,"Lymantria dispar",caterpillar,0,0,3,0,https://www.inaturalist.org/observations/169029297,"2024-08-12 09:24:04"
10063,144049,caterpillar,species,"Lymantria dispar",caterpillar,0,0,3,0,https://www.inaturalist.org/observations/169028376,"2024-08-12 09:24:04"
10064,144047,caterpillar,species,"Cecrita guttivitta",caterpillar,0,0,4,0,https://www.inaturalist.org/observations/169027364,"2024-08-12 09:24:04"
10065,144041,caterpillar,species,"Hypsoropha hormos",caterpillar,0,0,2,0,https://www.inaturalist.org/observations/169026928,"2024-08-12 09:24:04"
10066,144039,other,genus,Chrysoperla,Neuroptera,0,0,2,0,https://www.inaturalist.org/observations/169026389,"2024-08-12 09:24:04"
10067,144037,other,genus,Chrysoperla,Neuroptera,0,0,2,0,https://www.inaturalist.org/observations/169025637,"2024-08-12 09:24:04"
10068,144034,spider,species,"Paraphidippus aurantius",spider,0,0,2,0,https://www.inaturalist.org/observations/169024769,"2024-08-12 09:24:04"
10069,144033,caterpillar,family,Geometridae,caterpillar,0,0,2,0,https://www.inaturalist.org/observations/169024207,"2024-08-12 09:24:04"
10070,144031,leafhopper,species,"Flatormenis proxima",leafhopper,0,0,2,0,https://www.inaturalist.org/observations/169023819,"2024-08-12 09:24:04"
10071,144030,truebugs,species,"Sinea spinipes",truebugs,0,0,2,0,https://www.inaturalist.org/observations/169023384,"2024-08-12 09:24:04"
10072,144022,spider,species,"Verrucosa arenata",spider,0,0,3,0,https://www.inaturalist.org/observations/169022368,"2024-08-12 09:24:04"
10073,144017,caterpillar,family,Erebidae,caterpillar,0,0,4,0,https://www.inaturalist.org/observations/169021257,"2024-08-12 09:24:04"
10074,144014,leafhopper,species,"Jikradia olitoria",leafhopper,0,0,4,0,https://www.inaturalist.org/observations/169020267,"2024-08-12 09:24:04"
10075,144011,caterpillar,family,Gracillariidae,caterpillar,0,0,2,0,https://www.inaturalist.org/observations/169019356,"2024-08-12 09:24:04"
10076,144010,fly,family,Sciaridae,fly,0,0,2,0,https://www.inaturalist.org/observations/169018832,"2024-08-12 09:24:04"
10077,144008,caterpillar,order,Lepidoptera,caterpillar,0,0,3,0,https://www.inaturalist.org/observations/169017702,"2024-08-12 09:24:04"
10078,144006,leafhopper,species,"Flatormenis proxima",leafhopper,0,0,2,0,https://www.inaturalist.org/observations/169016828,"2024-08-12 09:24:04"
10079,143996,spider,species,"Colonus sylvanus",spider,0,0,2,0,https://www.inaturalist.org/observations/169015925,"2024-08-12 09:24:04"
10080,143991,caterpillar,order,Lepidoptera,caterpillar,0,0,2,0,https://www.inaturalist.org/observations/169014904,"2024-08-12 09:27:05"
10081,143989,other,subfamily,Hemerobiinae,Neuroptera,0,0,2,0,https://www.inaturalist.org/observations/169014458,"2024-08-12 09:27:05"
10082,143986,leafhopper,subgenus,Gyponana,leafhopper,0,0,2,0,https://www.inaturalist.org/observations/169012907,"2024-08-12 09:27:05"
10083,143978,fly,family,Agromyzidae,fly,0,0,2,0,https://www.inaturalist.org/observations/169010929,"2024-08-12 09:27:05"
10084,143968,other,subfamily,Chrysopinae,Neuroptera,0,0,2,0,https://www.inaturalist.org/observations/169007956,"2024-08-12 09:27:05"
10085,143966,leafhopper,species,"Thionia quinquata",leafhopper,0,0,2,0,https://www.inaturalist.org/observations/169007012,"2024-08-12 09:27:05"
10086,143961,caterpillar,superfamily,Noctuoidea,caterpillar,0,0,2,0,https://www.inaturalist.org/observations/169005107,"2024-08-12 09:27:05"
10087,143960,leafhopper,tribe,Gyponini,leafhopper,0,0,2,0,https://www.inaturalist.org/observations/169004228,"2024-08-12 09:27:05"
10088,143958,spider,genus,Hentzia,spider,0,0,2,0,https://www.inaturalist.org/observations/169003648,"2024-08-12 09:27:05"
10089,143956,ant,complex,"Formica fusca",ant,0,0,3,0,https://www.inaturalist.org/observations/169002543,"2024-08-12 09:27:05"
10090,143955,ant,subgenus,Crematogaster,ant,0,0,3,0,https://www.inaturalist.org/observations/169001988,"2024-08-12 09:27:05"
10091,143944,leafhopper,species,"Flatormenis proxima",leafhopper,0,0,2,0,https://www.inaturalist.org/observations/169000869,"2024-08-12 09:27:05"
10092,143942,beetle,family,Elateridae,beetle,0,0,2,0,https://www.inaturalist.org/observations/169000345,"2024-08-12 09:27:05"
10093,143932,leafhopper,species,"Flatormenis proxima",leafhopper,0,0,2,0,https://www.inaturalist.org/observations/168997834,"2024-08-12 09:27:05"
10094,143931,other,suborder,Nematocera,fly,0,0,2,0,https://www.inaturalist.org/observations/168997349,"2024-08-12 09:27:05"
10095,143928,leafhopper,species,"Flatormenis proxima",leafhopper,0,0,2,0,https://www.inaturalist.org/observations/168996905,"2024-08-12 09:27:05"
10096,143927,caterpillar,species,"Lymantria dispar",caterpillar,0,0,3,0,https://www.inaturalist.org/observations/168996501,"2024-08-12 09:27:05"
10097,143923,caterpillar,family,Geometridae,caterpillar,0,0,2,0,https://www.inaturalist.org/observations/168995238,"2024-08-12 09:27:05"
10098,143914,caterpillar,genus,Orgyia,caterpillar,0,0,2,0,https://www.inaturalist.org/observations/168993033,"2024-08-12 09:27:05"
10099,143913,spider,genus,Wulfila,spider,0,0,2,0,https://www.inaturalist.org/observations/168992581,"2024-08-12 09:27:05"
10100,143908,leafhopper,species,"Flatormenis proxima",leafhopper,0,0,2,0,https://www.inaturalist.org/observations/168991467,"2024-08-12 09:27:05"
10101,143902,other,subfamily,Chrysopinae,Neuroptera,0,0,2,0,https://www.inaturalist.org/observations/168990641,"2024-08-12 09:27:05"
10102,143897,caterpillar,family,Geometridae,caterpillar,0,0,2,0,https://www.inaturalist.org/observations/168989547,"2024-08-12 09:30:05"
10103,143891,leafhopper,species,"Flatormenis proxima",leafhopper,0,0,2,0,https://www.inaturalist.org/observations/168989197,"2024-08-12 09:30:05"
10104,143877,caterpillar,species,"Hemaris diffinis",caterpillar,0,0,3,0,https://www.inaturalist.org/observations/168912380,"2024-08-12 09:30:05"
10105,143876,spider,species,"Hentzia palmarum",spider,0,0,3,0,https://www.inaturalist.org/observations/168911649,"2024-08-12 09:30:05"
10106,143867,caterpillar,species,"Hemaris diffinis",caterpillar,0,0,5,0,https://www.inaturalist.org/observations/168905702,"2024-08-12 09:30:05"
10107,143855,fly,zoosubsection,Calyptratae,fly,0,0,2,0,https://www.inaturalist.org/observations/168897750,"2024-08-12 09:30:05"
10108,143851,moths,order,Lepidoptera,moths,0,0,2,0,https://www.inaturalist.org/observations/168892901,"2024-08-12 09:30:05"
10109,143809,fly,zoosubsection,Acalyptratae,fly,0,0,3,0,https://www.inaturalist.org/observations/168869690,"2024-08-12 09:30:05"
10110,143802,unidentified,species,"Harmonia axyridis",beetle,1,0,2,0,https://www.inaturalist.org/observations/168869193,"2024-08-12 09:30:05"
10111,143795,leafhopper,class,Insecta,leafhopper,0,0,1,0,https://www.inaturalist.org/observations/168867199,"2024-08-12 09:30:05"
10112,143788,beetle,species,"Halyomorpha halys",truebugs,0,0,3,1,https://www.inaturalist.org/observations/168866705,"2024-08-12 09:30:05"
10113,143707,fly,tribe,Muscini,fly,0,0,3,0,https://www.inaturalist.org/observations/168851194,"2024-08-12 09:30:05"
10114,143693,moths,species,"Satyrium calanus",moths,0,0,3,0,https://www.inaturalist.org/observations/168849462,"2024-08-12 09:30:05"
10115,143686,spider,species,"Leucauge venusta",spider,0,0,3,0,https://www.inaturalist.org/observations/168848487,"2024-08-12 09:30:05"
10116,143674,fly,species,"Epiphragma solatrix",fly,0,0,3,0,https://www.inaturalist.org/observations/168846895,"2024-08-12 09:30:05"
10117,143664,spider,subfamily,Araneinae,spider,0,0,2,0,https://www.inaturalist.org/observations/168845393,"2024-08-12 09:30:05"
10118,143663,spider,genus,Neoscona,spider,0,0,4,0,https://www.inaturalist.org/observations/168844900,"2024-08-12 09:30:05"
10119,143655,unidentified,family,Aphididae,aphid,0,0,1,0,https://www.inaturalist.org/observations/168842631,"2024-08-12 09:33:05"
10120,143633,leafhopper,species,"Flatormenis proxima",leafhopper,0,0,2,0,https://www.inaturalist.org/observations/168840313,"2024-08-12 09:33:05"
10121,143632,ant,species,"Camponotus pennsylvanicus",ant,0,0,3,0,https://www.inaturalist.org/observations/168839846,"2024-08-12 09:33:05"
10122,143626,caterpillar,order,Lepidoptera,caterpillar,0,0,2,0,https://www.inaturalist.org/observations/168838951,"2024-08-12 09:33:05"
10123,143621,leafhopper,species,"Flatormenis proxima",leafhopper,0,0,2,0,https://www.inaturalist.org/observations/168837574,"2024-08-12 09:33:05"
10124,143619,caterpillar,superfamily,Noctuoidea,caterpillar,0,0,2,0,https://www.inaturalist.org/observations/168836585,"2024-08-12 09:33:05"
10125,143603,caterpillar,genus,Acronicta,caterpillar,0,0,3,0,https://www.inaturalist.org/observations/168835016,"2024-08-12 09:33:05"
10126,143598,leafhopper,species,"Ormenoides venusta",leafhopper,0,0,2,0,https://www.inaturalist.org/observations/168833538,"2024-08-12 09:33:05"
10127,143589,grasshopper,genus,Oecanthus,grasshopper,0,0,3,0,https://www.inaturalist.org/observations/168830880,"2024-08-12 09:33:05"
10128,143583,ant,species,"Camponotus pennsylvanicus",ant,0,0,3,0,https://www.inaturalist.org/observations/168830332,"2024-08-12 09:33:05"
10129,143554,caterpillar,species,"Furcula borealis",caterpillar,0,0,5,0,https://www.inaturalist.org/observations/168825201,"2024-08-12 09:33:05"
10130,143541,ant,species,"Camponotus pennsylvanicus",ant,0,0,3,0,https://www.inaturalist.org/observations/168821681,"2024-08-12 09:33:05"
10131,143540,caterpillar,order,Lepidoptera,caterpillar,0,0,2,0,https://www.inaturalist.org/observations/168821265,"2024-08-12 09:33:05"
10132,143537,moths,species,"Argyresthia oreasella",moths,0,0,2,0,https://www.inaturalist.org/observations/168725456,"2024-08-12 09:36:05"
10133,143536,other,suborder,Nematocera,fly,0,0,2,0,https://www.inaturalist.org/observations/168725057,"2024-08-12 09:36:05"
10134,143533,moths,genus,Coleophora,moths,0,0,3,0,https://www.inaturalist.org/observations/168722495,"2024-08-12 09:36:05"
10135,143532,moths,genus,Coleophora,moths,0,0,3,0,https://www.inaturalist.org/observations/168722090,"2024-08-12 09:36:05"
10136,143529,caterpillar,order,Lepidoptera,caterpillar,0,0,2,0,https://www.inaturalist.org/observations/168714246,"2024-08-12 09:36:05"
10137,143526,beetle,species,"Polydrusus formosus",beetle,0,0,3,0,https://www.inaturalist.org/observations/168709430,"2024-08-12 09:36:05"
10138,143525,moths,order,Lepidoptera,moths,0,0,2,0,https://www.inaturalist.org/observations/168708941,"2024-08-12 09:36:05"
10139,143524,beetle,family,Miridae,truebugs,0,0,3,1,https://www.inaturalist.org/observations/168707713,"2024-08-12 09:36:05"
10140,143513,moths,species,"Argyresthia oreasella",moths,0,0,2,0,https://www.inaturalist.org/observations/168700924,"2024-08-12 09:36:05"
10141,143503,fly,superfamily,Tephritoidea,fly,0,0,2,0,https://www.inaturalist.org/observations/168678455,"2024-08-12 09:36:05"
10142,143493,fly,species,"Condylostylus patibulatus",fly,0,0,5,0,https://www.inaturalist.org/observations/168671478,"2024-08-12 09:36:05"
10143,143492,fly,species,"Condylostylus patibulatus",fly,0,0,3,0,https://www.inaturalist.org/observations/168670951,"2024-08-12 09:36:05"
10144,143490,fly,zoosubsection,Calyptratae,fly,0,0,3,0,https://www.inaturalist.org/observations/168669923,"2024-08-12 09:36:05"
10145,143481,moths,order,Lepidoptera,moths,0,0,2,0,https://www.inaturalist.org/observations/168667944,"2024-08-12 09:36:05"
10146,143472,leafhopper,species,"Stictocephala militaris",leafhopper,0,0,3,0,https://www.inaturalist.org/observations/168666518,"2024-08-12 09:36:05"
10147,143470,spider,family,Thomisidae,spider,0,0,2,0,https://www.inaturalist.org/observations/168665556,"2024-08-12 09:39:05"
10148,143460,beetle,family,Elateridae,beetle,0,0,2,0,https://www.inaturalist.org/observations/168664640,"2024-08-12 09:39:05"
10149,143451,ant,subgenus,Crematogaster,ant,0,0,3,0,https://www.inaturalist.org/observations/168662325,"2024-08-12 09:39:05"
10150,143446,beetle,species,"Pantomorus cervinus",beetle,0,0,3,0,https://www.inaturalist.org/observations/168660814,"2024-08-12 09:39:05"
10151,143443,other,suborder,Hemerobiiformia,Neuroptera,0,0,2,0,https://www.inaturalist.org/observations/168659952,"2024-08-12 09:39:05"
10152,143441,ant,species,"Camponotus chromaiodes",ant,0,0,3,0,https://www.inaturalist.org/observations/168659045,"2024-08-12 09:39:05"
10153,143440,leafhopper,species,"Flatormenis proxima",leafhopper,0,0,2,0,https://www.inaturalist.org/observations/168658639,"2024-08-12 09:39:05"
10154,143432,beetle,species,"Harmonia axyridis",beetle,0,0,3,0,https://www.inaturalist.org/observations/168657476,"2024-08-12 09:39:05"
10155,143429,beetle,species,"Cyrtepistomus castaneus",beetle,0,0,3,0,https://www.inaturalist.org/observations/168657126,"2024-08-12 09:39:05"
10156,143428,beetle,species,"Harmonia axyridis",beetle,0,0,3,0,https://www.inaturalist.org/observations/168656737,"2024-08-12 09:39:05"
10157,143422,leafhopper,species,"Flatormenis proxima",leafhopper,0,0,2,0,https://www.inaturalist.org/observations/168656380,"2024-08-12 09:39:05"
10158,143417,leafhopper,species,"Flatormenis proxima",leafhopper,0,0,2,0,https://www.inaturalist.org/observations/168655598,"2024-08-12 09:39:05"
10159,143407,leafhopper,species,"Aplos simplex",leafhopper,0,0,3,0,https://www.inaturalist.org/observations/168653160,"2024-08-12 09:39:05"
10160,143403,other,species,"Armadillidium nasatum",Isopoda,0,0,3,0,https://www.inaturalist.org/observations/168652023,"2024-08-12 09:39:05"
10161,143399,leafhopper,infraorder,Fulgoromorpha,leafhopper,0,0,3,1,https://www.inaturalist.org/observations/168651672,"2024-08-12 09:39:05"
10162,143397,beetle,species,"Coleomegilla maculata",beetle,0,0,3,0,https://www.inaturalist.org/observations/168651206,"2024-08-12 09:39:05"
10163,143396,truebugs,species,"Neacoryphus bicrucis",truebugs,0,0,5,1,https://www.inaturalist.org/observations/168650711,"2024-08-12 09:39:05"
10164,143387,beetle,species,"Cyrtepistomus castaneus",beetle,0,0,3,0,https://www.inaturalist.org/observations/168650067,"2024-08-12 09:39:05"
10165,143379,beetle,species,"Harmonia axyridis",beetle,0,0,3,0,https://www.inaturalist.org/observations/168648379,"2024-08-12 09:39:05"
10166,143376,leafhopper,tribe,Nephesini,leafhopper,0,0,2,0,https://www.inaturalist.org/observations/168647625,"2024-08-12 09:39:05"
10167,143375,unidentified,family,Tingidae,truebugs,0,0,1,0,https://www.inaturalist.org/observations/168647311,"2024-08-12 09:39:05"
10168,143372,spider,genus,Wulfila,spider,0,0,2,0,https://www.inaturalist.org/observations/168646901,"2024-08-12 09:39:05"
10169,143352,moths,order,Lepidoptera,moths,0,0,2,0,https://www.inaturalist.org/observations/168644078,"2024-08-12 09:42:04"
10170,143343,moths,order,Lepidoptera,moths,0,0,2,0,https://www.inaturalist.org/observations/168639632,"2024-08-12 09:42:04"
10171,143339,moths,order,Lepidoptera,moths,0,0,2,0,https://www.inaturalist.org/observations/168639367,"2024-08-12 09:42:04"
10172,143337,moths,order,Lepidoptera,moths,0,0,2,0,https://www.inaturalist.org/observations/168637725,"2024-08-12 09:42:04"
10173,143332,caterpillar,phylum,Arthropoda,moths,0,0,1,0,https://www.inaturalist.org/observations/168635134,"2024-08-12 09:42:04"
10174,143328,moths,species,"Pyromorpha dimidiata",moths,0,0,3,0,https://www.inaturalist.org/observations/168550655,"2024-08-12 09:42:04"
10175,143296,caterpillar,order,Lepidoptera,caterpillar,0,0,3,0,https://www.inaturalist.org/observations/168533459,"2024-08-12 09:42:04"
10176,143268,caterpillar,order,Lepidoptera,caterpillar,0,0,2,0,https://www.inaturalist.org/observations/168528286,"2024-08-12 09:42:04"
10177,143251,ant,species,"Prenolepis imparis",ant,0,0,3,0,https://www.inaturalist.org/observations/168520711,"2024-08-12 09:42:04"
10178,143201,ant,species,"Prenolepis imparis",ant,0,0,3,0,https://www.inaturalist.org/observations/168514754,"2024-08-12 09:42:04"
10179,143197,bee,suborder,Apocrita,bee,0,0,2,0,https://www.inaturalist.org/observations/168514235,"2024-08-12 09:42:04"
10180,143174,moths,genus,Coleophora,moths,0,0,3,0,https://www.inaturalist.org/observations/168513019,"2024-08-12 09:42:04"
10181,143173,moths,genus,Coleophora,moths,0,0,3,0,https://www.inaturalist.org/observations/168512510,"2024-08-12 09:42:04"
10182,143172,moths,genus,Coleophora,moths,0,0,3,0,https://www.inaturalist.org/observations/168512008,"2024-08-12 09:42:04"
10183,143142,other,subfamily,Chrysopinae,Neuroptera,0,0,2,0,https://www.inaturalist.org/observations/168510713,"2024-08-12 09:42:04"
10184,143139,caterpillar,order,Lepidoptera,caterpillar,0,0,2,0,https://www.inaturalist.org/observations/168509883,"2024-08-12 09:42:04"
10185,143138,caterpillar,order,Lepidoptera,caterpillar,0,0,2,0,https://www.inaturalist.org/observations/168509484,"2024-08-12 09:42:04"
10186,143137,unidentified,family,Limoniidae,fly,0,0,2,0,https://www.inaturalist.org/observations/168509079,"2024-08-12 09:42:04"
10187,143136,caterpillar,family,Geometridae,caterpillar,0,0,2,0,https://www.inaturalist.org/observations/168508650,"2024-08-12 09:42:04"
10188,143132,caterpillar,order,Lepidoptera,caterpillar,0,0,3,0,https://www.inaturalist.org/observations/168507722,"2024-08-12 09:42:04"
10189,143122,leafhopper,species,"Flatormenis proxima",leafhopper,0,0,2,0,https://www.inaturalist.org/observations/168505481,"2024-08-12 09:42:04"
10190,143120,beetle,genus,Photinus,beetle,0,0,4,0,https://www.inaturalist.org/observations/168505056,"2024-08-12 09:42:04"
10191,143117,fly,family,Lauxaniidae,fly,0,0,2,0,https://www.inaturalist.org/observations/168503994,"2024-08-12 09:42:04"
10192,143113,leafhopper,species,"Metcalfa pruinosa",leafhopper,0,0,2,0,https://www.inaturalist.org/observations/168502905,"2024-08-12 09:42:04"
10193,143112,beetle,species,"Harmonia axyridis",beetle,0,0,3,0,https://www.inaturalist.org/observations/168502508,"2024-08-12 09:42:04"
10194,143102,leafhopper,species,"Flatormenis proxima",leafhopper,0,0,2,0,https://www.inaturalist.org/observations/168501100,"2024-08-12 09:45:04"
10195,143077,leafhopper,species,"Jikradia olitoria",leafhopper,0,0,3,0,https://www.inaturalist.org/observations/168498938,"2024-08-12 09:45:04"
10196,143062,fly,zoosection,Schizophora,fly,0,0,2,0,https://www.inaturalist.org/observations/168496997,"2024-08-12 09:45:04"
10197,143052,caterpillar,family,Geometridae,caterpillar,0,0,2,0,https://www.inaturalist.org/observations/168495114,"2024-08-12 09:45:04"
10198,143049,leafhopper,species,"Flatormenis proxima",leafhopper,0,0,2,0,https://www.inaturalist.org/observations/168494633,"2024-08-12 09:45:04"
10199,143048,spider,genus,Hentzia,spider,0,0,2,0,https://www.inaturalist.org/observations/168494096,"2024-08-12 09:45:04"
10200,143042,caterpillar,order,Lepidoptera,caterpillar,0,0,2,0,https://www.inaturalist.org/observations/168493679,"2024-08-12 09:45:04"
10201,143041,other,species,"Tenodera sinensis",Mantodea,0,0,2,0,https://www.inaturalist.org/observations/168493036,"2024-08-12 09:45:04"
10202,143033,fly,subfamily,Macrocerinae,fly,0,0,2,0,https://www.inaturalist.org/observations/168492601,"2024-08-12 09:45:04"
10203,143024,beetle,species,"Harmonia axyridis",beetle,0,0,4,0,https://www.inaturalist.org/observations/168490298,"2024-08-12 09:45:04"
10204,143003,spider,tribe,Dendryphantini,spider,0,0,2,0,https://www.inaturalist.org/observations/168487806,"2024-08-12 09:45:04"
10205,142993,beetle,species,"Harmonia axyridis",beetle,0,0,3,0,https://www.inaturalist.org/observations/168486189,"2024-08-12 09:45:04"
10206,142974,caterpillar,order,Lepidoptera,caterpillar,0,0,2,0,https://www.inaturalist.org/observations/168484621,"2024-08-12 09:45:04"
10207,142965,spider,species,"Wulfila albens",spider,0,0,2,0,https://www.inaturalist.org/observations/168484152,"2024-08-12 09:45:04"
10208,142923,caterpillar,family,Geometridae,caterpillar,0,0,2,0,https://www.inaturalist.org/observations/168482146,"2024-08-12 09:45:04"
10209,142911,caterpillar,species,"Hypsoropha hormos",caterpillar,0,0,2,0,https://www.inaturalist.org/observations/168480402,"2024-08-12 09:45:04"
10210,142907,leafhopper,species,"Flatormenis proxima",leafhopper,0,0,2,0,https://www.inaturalist.org/observations/168479892,"2024-08-12 09:45:04"
10211,142906,fly,zoosection,Schizophora,fly,0,0,2,0,https://www.inaturalist.org/observations/168479525,"2024-08-12 09:45:04"
10212,142895,caterpillar,order,Lepidoptera,caterpillar,0,0,2,0,https://www.inaturalist.org/observations/168478242,"2024-08-12 09:48:04"
10213,142871,caterpillar,species,"Lymantria dispar",caterpillar,0,0,3,0,https://www.inaturalist.org/observations/168379629,"2024-08-12 09:48:04"
10214,142867,caterpillar,species,"Lymantria dispar",caterpillar,0,0,3,0,https://www.inaturalist.org/observations/168379200,"2024-08-12 09:48:04"
10215,142865,moths,order,Lepidoptera,moths,0,0,2,0,https://www.inaturalist.org/observations/168378604,"2024-08-12 09:48:04"
10216,142868,beetle,species,"Harmonia axyridis",beetle,0,0,4,0,https://www.inaturalist.org/observations/168376898,"2024-08-12 09:48:04"
10217,142416,spider,tribe,Misumenini,spider,0,0,3,0,https://www.inaturalist.org/observations/168375753,"2024-08-12 09:48:04"
10218,142421,fly,family,Sarcophagidae,fly,0,0,2,0,https://www.inaturalist.org/observations/168374728,"2024-08-12 09:48:04"
10219,142444,ant,species,"Camponotus pennsylvanicus",ant,0,0,3,0,https://www.inaturalist.org/observations/168371891,"2024-08-12 09:48:04"
10220,142385,ant,subgenus,Myrmentoma,ant,0,0,3,0,https://www.inaturalist.org/observations/168367318,"2024-08-12 09:48:04"
10221,142386,beetle,family,Mordellidae,beetle,0,0,2,0,https://www.inaturalist.org/observations/168366831,"2024-08-12 09:48:04"
10222,142860,caterpillar,order,Lepidoptera,caterpillar,0,0,2,0,https://www.inaturalist.org/observations/168361588,"2024-08-12 09:48:04"
10223,142857,fly,suborder,Brachycera,fly,0,0,2,0,https://www.inaturalist.org/observations/168357458,"2024-08-12 09:48:04"
10224,142855,ant,species,"Myrmica rubra",ant,0,0,3,0,https://www.inaturalist.org/observations/168354086,"2024-08-12 09:48:04"
10225,142818,caterpillar,family,Geometridae,caterpillar,0,0,2,0,https://www.inaturalist.org/observations/168342022,"2024-08-12 09:48:04"
10226,142809,caterpillar,family,Geometridae,caterpillar,0,0,2,0,https://www.inaturalist.org/observations/168310985,"2024-08-12 09:48:04"
10227,142795,caterpillar,family,Geometridae,caterpillar,0,0,2,0,https://www.inaturalist.org/observations/168308065,"2024-08-12 09:48:04"
10228,142791,beetle,superfamily,Elateroidea,beetle,0,0,2,0,https://www.inaturalist.org/observations/168307488,"2024-08-12 09:48:04"
10229,142785,leafhopper,species,"Flatormenis proxima",leafhopper,0,0,2,0,https://www.inaturalist.org/observations/168306322,"2024-08-12 09:48:04"
10230,142777,leafhopper,species,"Ormenoides venusta",leafhopper,0,0,2,0,https://www.inaturalist.org/observations/168305829,"2024-08-12 09:48:04"
10231,142775,leafhopper,tribe,Nephesini,leafhopper,0,0,2,0,https://www.inaturalist.org/observations/168304771,"2024-08-12 09:48:04"
10232,142763,truebugs,genus,Acanthocephala,truebugs,0,0,2,0,https://www.inaturalist.org/observations/168301944,"2024-08-12 09:51:04"
10233,142761,daddylonglegs,complex,"Leiobunum vittatum",daddylonglegs,0,0,2,0,https://www.inaturalist.org/observations/168301420,"2024-08-12 09:51:04"
10234,142759,leafhopper,tribe,Gyponini,leafhopper,0,0,2,0,https://www.inaturalist.org/observations/168300984,"2024-08-12 09:51:04"
10235,142730,caterpillar,subclass,Pterygota,bee,0,1,2,1,https://www.inaturalist.org/observations/168298039,"2024-08-12 09:51:04"
10236,142718,other,subfamily,Chrysopinae,Neuroptera,0,0,2,0,https://www.inaturalist.org/observations/168295417,"2024-08-12 09:51:04"
10237,142712,beetle,family,Elateridae,beetle,0,0,2,0,https://www.inaturalist.org/observations/168294037,"2024-08-12 09:51:04"
10238,142689,leafhopper,tribe,Gyponini,leafhopper,0,0,2,0,https://www.inaturalist.org/observations/168289753,"2024-08-12 09:51:04"
10239,142624,fly,family,Clusiidae,fly,0,0,2,0,https://www.inaturalist.org/observations/168111942,"2024-08-12 09:51:04"
10240,142614,beetle,species,"Harmonia axyridis",beetle,1,0,3,0,https://www.inaturalist.org/observations/168098150,"2024-08-12 09:51:04"
10241,142610,grasshopper,genus,Oecanthus,grasshopper,0,0,3,0,https://www.inaturalist.org/observations/168094176,"2024-08-12 09:51:04"
10242,142603,beetle,species,"Harmonia axyridis",beetle,1,0,3,0,https://www.inaturalist.org/observations/168090791,"2024-08-12 09:51:04"
10243,142601,beetle,species,"Harmonia axyridis",beetle,1,0,3,0,https://www.inaturalist.org/observations/168089543,"2024-08-12 09:51:04"
10244,142364,beetle,genus,Photinus,beetle,0,0,3,0,https://www.inaturalist.org/observations/167940872,"2024-08-12 09:51:04"
10245,142276,beetle,genus,Photinus,beetle,0,0,3,0,https://www.inaturalist.org/observations/167730468,"2024-08-12 09:54:05"
10246,142181,beetle,species,"Harmonia axyridis",beetle,0,0,3,0,https://www.inaturalist.org/observations/167709866,"2024-08-12 09:57:04"
10247,141477,unidentified,family,Tingidae,truebugs,0,0,1,0,https://www.inaturalist.org/observations/167369011,"2024-08-05 09:57:05"
10248,141438,beetle,species,"Harmonia axyridis",beetle,0,0,3,0,https://www.inaturalist.org/observations/167359816,"2024-07-29 09:48:05"
10249,141374,beetle,species,"Harmonia axyridis",beetle,0,0,3,0,https://www.inaturalist.org/observations/167274825,"2024-07-29 09:51:05"
10250,141325,beetle,species,"Polydrusus formosus",beetle,0,0,4,0,https://www.inaturalist.org/observations/167260996,"2024-07-29 09:54:05"
10251,141251,unidentified,genus,Ellychnia,beetle,0,0,2,0,https://www.inaturalist.org/observations/167258024,"2024-07-29 09:54:05"
10252,140964,beetle,species,"Harmonia axyridis",beetle,0,0,3,0,https://www.inaturalist.org/observations/167214831,"2024-07-29 09:57:04"
10253,140792,bee,subclass,Pterygota,bee,0,1,2,1,https://www.inaturalist.org/observations/167045804,"2024-07-22 09:36:06"
10254,140731,beetle,family,Elateridae,beetle,0,0,2,0,https://www.inaturalist.org/observations/167014020,"2024-07-22 09:39:06"
10255,140653,beetle,species,"Harmonia axyridis",beetle,0,0,3,0,https://www.inaturalist.org/observations/166909454,"2024-07-22 09:42:06"
10256,140474,caterpillar,species,"Lymantria dispar",caterpillar,0,0,3,0,https://www.inaturalist.org/observations/166485167,"2024-07-22 09:42:06"
10257,140193,beetle,species,"Harmonia axyridis",beetle,0,0,3,0,https://www.inaturalist.org/observations/166458411,"2024-07-22 09:45:06"
10258,140136,beetle,genus,Photuris,beetle,0,0,4,0,https://www.inaturalist.org/observations/166444894,"2024-07-22 09:48:05"
10259,140100,beetle,family,Elateridae,beetle,0,0,2,0,https://www.inaturalist.org/observations/166438477,"2024-07-22 09:48:05"
10260,140091,beetle,species,"Harmonia axyridis",beetle,0,0,3,0,https://www.inaturalist.org/observations/166437002,"2024-07-22 09:48:05"
10261,140038,spider,family,Salticidae,spider,0,0,2,0,https://www.inaturalist.org/observations/166427172,"2024-07-22 09:48:05"
10262,139965,beetle,species,"Harmonia axyridis",beetle,0,0,3,0,https://www.inaturalist.org/observations/166411581,"2024-07-22 09:51:06"
10263,139816,beetle,species,"Podabrus brevicollis",beetle,0,0,3,0,https://www.inaturalist.org/observations/166264962,"2024-07-22 09:54:05"
10264,139801,beetle,family,Elateridae,beetle,0,0,2,0,https://www.inaturalist.org/observations/166261330,"2024-07-22 09:54:05"
10265,139778,fly,genus,Gymnopternus,fly,0,0,3,0,https://www.inaturalist.org/observations/166253244,"2024-07-22 09:54:06"
10266,139594,beetle,species,"Harmonia axyridis",beetle,0,0,3,0,https://www.inaturalist.org/observations/166067224,"2024-07-15 09:39:05"
10267,139362,beetle,species,"Lucidota atra",beetle,0,0,4,0,https://www.inaturalist.org/observations/165909347,"2024-07-15 09:45:06"
10268,139127,beetle,species,"Harmonia axyridis",beetle,1,0,3,0,https://www.inaturalist.org/observations/165707885,"2024-07-15 09:51:06"
10269,138526,truebugs,family,Pentatomidae,truebugs,0,0,2,0,https://www.inaturalist.org/observations/165146114,"2024-07-08 09:45:05"
10270,138494,beetle,family,Elateridae,beetle,0,0,2,0,https://www.inaturalist.org/observations/165140036,"2024-07-08 09:48:05"
10271,138493,beetle,genus,Photuris,beetle,0,0,4,0,https://www.inaturalist.org/observations/165139593,"2024-07-08 09:48:05"
10272,138439,beetle,species,"Harmonia axyridis",beetle,0,0,3,0,https://www.inaturalist.org/observations/165131973,"2024-07-08 09:48:05"
10273,137346,caterpillar,subclass,Pterygota,bee,0,1,2,1,https://www.inaturalist.org/observations/163884220,"2024-07-01 09:48:05"
10274,137300,caterpillar,superfamily,Tenthredinoidea,bee,0,1,3,1,https://www.inaturalist.org/observations/163872995,"2024-07-01 09:48:05"
10275,71512,caterpillar,subclass,Pterygota,bee,0,1,2,1,https://www.inaturalist.org/observations/163552067,"2024-06-24 09:39:07"
10276,135532,bee,superfamily,Tenthredinoidea,bee,0,1,3,1,https://www.inaturalist.org/observations/162485994,"2024-06-17 09:30:08"
10277,130242,spider,family,Salticidae,spider,0,0,2,0,https://www.inaturalist.org/observations/129016507,"2024-06-03 09:48:06"
10278,130224,spider,family,Dictynidae,spider,0,0,2,0,https://www.inaturalist.org/observations/129012047,"2024-06-03 09:48:06"
10279,129495,spider,genus,Philodromus,spider,0,0,2,0,https://www.inaturalist.org/observations/128172148,"2024-05-27 09:30:06"
10280,126880,spider,family,Dictynidae,spider,0,0,2,0,https://www.inaturalist.org/observations/126362662,"2024-05-20 09:42:05"
10281,126769,spider,family,Dictynidae,spider,0,0,2,0,https://www.inaturalist.org/observations/126343075,"2024-05-20 09:45:05"
10282,126213,spider,subfamily,Salticinae,spider,0,0,2,0,https://www.inaturalist.org/observations/126081339,"2024-05-20 09:54:05"
10283,124869,spider,genus,Mastophora,spider,0,0,2,0,https://www.inaturalist.org/observations/125340228,"2024-05-13 09:42:04"
10284,124711,other,family,Tingidae,truebugs,0,0,1,0,https://www.inaturalist.org/observations/125312941,"2024-05-13 09:48:04"
10285,124632,spider,family,Dictynidae,spider,0,0,2,0,https://www.inaturalist.org/observations/125303730,"2024-05-13 09:48:04"
10286,118799,spider,superfamily,Thomisoidea,spider,0,0,2,0,https://www.inaturalist.org/observations/122689645,"2023-07-24 09:33:05"
10287,114874,spider,family,Dictynidae,spider,0,0,2,0,https://www.inaturalist.org/observations/120829308,"2023-07-17 09:51:05"
10288,109639,spider,family,Salticidae,spider,0,0,2,0,https://www.inaturalist.org/observations/118664306,"2023-07-03 09:42:06"
10289,106739,spider,family,Philodromidae,spider,0,0,2,0,https://www.inaturalist.org/observations/118279397,"2023-06-26 09:45:06"
10290,146624,spider,subfamily,Theridiinae,spider,0,0,2,0,https://www.inaturalist.org/observations/170515358,"2024-08-12 08:48:05"
10291,146598,caterpillar,order,Lepidoptera,caterpillar,0,0,2,0,https://www.inaturalist.org/observations/170511152,"2024-08-12 08:48:05"
10292,146180,daddylonglegs,superfamily,Phalangioidea,daddylonglegs,0,0,2,0,https://www.inaturalist.org/observations/170333645,"2024-08-12 08:48:05"
10293,146173,daddylonglegs,superfamily,Phalangioidea,daddylonglegs,0,0,2,0,https://www.inaturalist.org/observations/170328015,"2024-08-12 08:48:05"
10294,146168,beetle,species,"Sciaphilus asperatus",beetle,0,0,2,0,https://www.inaturalist.org/observations/170325039,"2024-08-12 08:48:05"
10295,146107,ant,subgenus,Myrmentoma,ant,0,0,2,0,https://www.inaturalist.org/observations/170323271,"2024-08-12 08:48:05"
10296,146086,fly,zoosubsection,Acalyptratae,fly,0,0,2,0,https://www.inaturalist.org/observations/170318425,"2024-08-12 08:48:05"
10297,146083,fly,zoosubsection,Calyptratae,fly,0,0,2,0,https://www.inaturalist.org/observations/170317540,"2024-08-12 08:48:05"
10298,146079,fly,zoosection,Schizophora,fly,0,0,2,0,https://www.inaturalist.org/observations/170316641,"2024-08-12 08:48:05"
10299,146066,fly,suborder,Nematocera,fly,0,0,2,0,https://www.inaturalist.org/observations/170313720,"2024-08-12 08:51:04"
10300,146063,fly,zoosubsection,Acalyptratae,fly,0,0,3,0,https://www.inaturalist.org/observations/170313200,"2024-08-12 08:51:04"
10301,146049,truebugs,genus,Brochymena,truebugs,0,0,3,0,https://www.inaturalist.org/observations/170309005,"2024-08-12 08:51:04"
10302,146042,leafhopper,species,"Flatormenis proxima",leafhopper,0,0,2,0,https://www.inaturalist.org/observations/170307872,"2024-08-12 08:51:04"
10303,146041,daddylonglegs,species,"Leiobunum vittatum",daddylonglegs,0,0,3,0,https://www.inaturalist.org/observations/170307514,"2024-08-12 08:51:04"
10304,146039,beetle,family,Elateridae,beetle,0,0,2,0,https://www.inaturalist.org/observations/170307110,"2024-08-12 08:51:04"
10305,146034,caterpillar,family,Geometridae,caterpillar,0,0,2,0,https://www.inaturalist.org/observations/170306649,"2024-08-12 08:51:04"
10306,146026,caterpillar,order,Lepidoptera,caterpillar,0,0,2,0,https://www.inaturalist.org/observations/170305530,"2024-08-12 08:51:04"
10307,146023,leafhopper,subclass,Pterygota,grasshopper,0,0,2,1,https://www.inaturalist.org/observations/170303731,"2024-08-12 08:51:04"
10308,146017,caterpillar,family,Geometridae,caterpillar,0,0,2,0,https://www.inaturalist.org/observations/170303279,"2024-08-12 08:51:04"
10309,146014,moths,species,"Dyspteris abortivaria",moths,0,0,3,0,https://www.inaturalist.org/observations/170302874,"2024-08-12 08:51:04"
10310,146012,caterpillar,superfamily,Noctuoidea,caterpillar,0,0,2,0,https://www.inaturalist.org/observations/170302371,"2024-08-12 08:51:04"
10311,146009,leafhopper,species,"Flatormenis proxima",leafhopper,0,0,2,0,https://www.inaturalist.org/observations/170301267,"2024-08-12 08:51:04"
10312,146008,caterpillar,order,Lepidoptera,caterpillar,0,0,2,0,https://www.inaturalist.org/observations/170300792,"2024-08-12 08:51:04"
10313,145999,spider,species,"Misumessus oblongus",spider,0,0,3,0,https://www.inaturalist.org/observations/170298950,"2024-08-12 08:51:04"
10314,145993,moths,genus,Cameraria,caterpillar,0,0,3,0,https://www.inaturalist.org/observations/170297583,"2024-08-12 08:51:04"
10315,145988,beetle,species,"Harmonia axyridis",beetle,0,0,4,0,https://www.inaturalist.org/observations/170296094,"2024-08-12 08:51:04"
10316,145987,caterpillar,family,Geometridae,caterpillar,0,0,2,0,https://www.inaturalist.org/observations/170295650,"2024-08-12 08:51:04"
10317,145981,truebugs,genus,Euschistus,truebugs,0,0,3,0,https://www.inaturalist.org/observations/170295244,"2024-08-12 08:51:04"
10318,145963,leafhopper,species,"Stictocephala militaris",leafhopper,0,0,3,0,https://www.inaturalist.org/observations/170293885,"2024-08-12 08:51:04"
10319,145958,beetle,family,Elateridae,beetle,0,0,2,0,https://www.inaturalist.org/observations/170292467,"2024-08-12 08:51:04"
10320,145955,caterpillar,order,Lepidoptera,caterpillar,0,0,2,0,https://www.inaturalist.org/observations/170291412,"2024-08-12 08:51:04"
10321,145953,other,genus,Chrysoperla,Neuroptera,0,0,2,0,https://www.inaturalist.org/observations/170290885,"2024-08-12 08:51:04"
10322,145952,leafhopper,species,"Japananus hyalinus",leafhopper,0,0,2,0,https://www.inaturalist.org/observations/170290492,"2024-08-12 08:51:04"
10323,145950,spider,species,"Synema parvulum",spider,0,0,3,0,https://www.inaturalist.org/observations/170290031,"2024-08-12 08:51:04"
10324,145941,caterpillar,order,Lepidoptera,caterpillar,0,0,2,0,https://www.inaturalist.org/observations/170287787,"2024-08-12 08:54:05"
10325,145939,leafhopper,species,"Ormenoides venusta",leafhopper,0,0,3,0,https://www.inaturalist.org/observations/170287286,"2024-08-12 08:54:05"
10326,145934,caterpillar,genus,Pococera,caterpillar,0,0,2,0,https://www.inaturalist.org/observations/170286783,"2024-08-12 08:54:05"
10327,145929,fly,genus,Rivellia,fly,0,0,2,0,https://www.inaturalist.org/observations/170286307,"2024-08-12 08:54:05"
10328,145924,leafhopper,genus,Stictocephala,leafhopper,0,0,2,0,https://www.inaturalist.org/observations/170285335,"2024-08-12 08:54:05"
10329,145923,caterpillar,family,Tortricidae,caterpillar,0,0,2,0,https://www.inaturalist.org/observations/170284884,"2024-08-12 08:54:05"
10330,145920,caterpillar,subclass,Pterygota,moths,0,0,1,0,https://www.inaturalist.org/observations/170284458,"2024-08-12 08:54:05"
10331,145912,leafhopper,species,"Flatormenis proxima",leafhopper,0,0,2,0,https://www.inaturalist.org/observations/170282753,"2024-08-12 08:54:05"
10332,145910,leafhopper,subgenus,Gyponana,leafhopper,0,0,2,0,https://www.inaturalist.org/observations/170282335,"2024-08-12 08:54:05"
10333,145909,caterpillar,species,"Acronicta americana",caterpillar,0,0,3,0,https://www.inaturalist.org/observations/170281826,"2024-08-12 08:54:05"
10334,145907,caterpillar,family,Geometridae,caterpillar,0,0,3,0,https://www.inaturalist.org/observations/170281007,"2024-08-12 08:54:05"
10335,145901,beetle,species,"Harmonia axyridis",beetle,0,0,4,0,https://www.inaturalist.org/observations/170279243,"2024-08-12 08:54:05"
10336,145900,leafhopper,species,"Flatormenis proxima",leafhopper,0,0,2,0,https://www.inaturalist.org/observations/170278840,"2024-08-12 08:54:05"
10337,145889,caterpillar,family,Geometridae,caterpillar,0,0,2,0,https://www.inaturalist.org/observations/170276965,"2024-08-12 08:54:05"
10338,145888,leafhopper,species,"Flatormenis proxima",leafhopper,0,0,2,0,https://www.inaturalist.org/observations/170276475,"2024-08-12 08:54:05"
10339,145886,caterpillar,order,Lepidoptera,caterpillar,0,0,2,0,https://www.inaturalist.org/observations/170275714,"2024-08-12 08:54:05"
10340,145882,ant,subgenus,Myrmentoma,ant,0,0,3,0,https://www.inaturalist.org/observations/170274979,"2024-08-12 08:54:05"
10341,145878,caterpillar,family,Geometridae,caterpillar,0,0,2,0,https://www.inaturalist.org/observations/170274176,"2024-08-12 08:54:05"
10342,145867,beetle,family,Elateridae,beetle,0,0,2,0,https://www.inaturalist.org/observations/170272918,"2024-08-12 08:54:05"
10343,145860,beetle,family,Elateridae,beetle,0,0,2,0,https://www.inaturalist.org/observations/170272531,"2024-08-12 08:54:05"
10344,145859,fly,family,Lauxaniidae,fly,0,0,2,0,https://www.inaturalist.org/observations/170272114,"2024-08-12 08:54:05"
10345,145858,leafhopper,species,"Flatormenis proxima",leafhopper,0,0,2,0,https://www.inaturalist.org/observations/170271685,"2024-08-12 08:54:05"
10346,145854,leafhopper,tribe,Nephesini,leafhopper,0,0,2,0,https://www.inaturalist.org/observations/170271286,"2024-08-12 08:54:05"
10347,145845,other,tribe,Chrysopini,Neuroptera,0,0,2,0,https://www.inaturalist.org/observations/170270480,"2024-08-12 08:54:05"
10348,145843,leafhopper,species,"Thionia quinquata",leafhopper,0,0,2,0,https://www.inaturalist.org/observations/170270124,"2024-08-12 08:54:05"
10349,145841,caterpillar,family,Geometridae,caterpillar,0,0,2,0,https://www.inaturalist.org/observations/170269683,"2024-08-12 08:54:05"
10350,145840,caterpillar,family,Geometridae,caterpillar,0,0,2,0,https://www.inaturalist.org/observations/170269326,"2024-08-12 08:54:05"
10351,145831,ant,subgenus,Myrmentoma,ant,0,0,4,0,https://www.inaturalist.org/observations/170268578,"2024-08-12 08:54:05"
10352,145830,beetle,species,"Pseudoedophrys hilleri",beetle,0,0,2,0,https://www.inaturalist.org/observations/170268122,"2024-08-12 08:57:04"
10353,145823,beetle,species,"Harmonia axyridis",beetle,1,0,3,0,https://www.inaturalist.org/observations/170267474,"2024-08-12 08:57:04"
10354,145758,truebugs,family,Miridae,truebugs,0,0,2,0,https://www.inaturalist.org/observations/170119025,"2024-08-12 08:57:04"
10355,145723,spider,genus,Metepeira,spider,0,0,2,0,https://www.inaturalist.org/observations/170113772,"2024-08-12 08:57:04"
10356,145697,beetle,species,"Cyrtepistomus castaneus",beetle,0,0,2,0,https://www.inaturalist.org/observations/170111545,"2024-08-12 08:57:04"
10357,145692,fly,species,"Condylostylus patibulatus",fly,0,0,5,0,https://www.inaturalist.org/observations/170110780,"2024-08-12 08:57:04"
10358,145689,bee,epifamily,Anthophila,bee,0,0,2,0,https://www.inaturalist.org/observations/170109483,"2024-08-12 08:57:04"
10359,145688,bee,tribe,Augochlorini,bee,0,0,2,0,https://www.inaturalist.org/observations/170109073,"2024-08-12 08:57:04"
10360,145682,truebugs,genus,Acanthocephala,truebugs,0,0,2,0,https://www.inaturalist.org/observations/170107827,"2024-08-12 08:57:04"
10361,145681,ant,complex,"Formica fusca",ant,0,0,2,0,https://www.inaturalist.org/observations/170107308,"2024-08-12 08:57:04"
10362,145672,other,genus,Chrysoperla,Neuroptera,0,0,2,0,https://www.inaturalist.org/observations/170106538,"2024-08-12 08:57:04"
10363,145645,ant,complex,"Formica fusca",ant,0,0,2,0,https://www.inaturalist.org/observations/170104022,"2024-08-12 08:57:04"
10364,145644,caterpillar,genus,Acronicta,caterpillar,0,0,2,0,https://www.inaturalist.org/observations/170103644,"2024-08-12 08:57:04"
10365,145641,beetle,family,Mordellidae,beetle,0,0,2,0,https://www.inaturalist.org/observations/170103029,"2024-08-12 08:57:04"
10366,145636,leafhopper,species,"Ormenoides venusta",leafhopper,0,0,3,0,https://www.inaturalist.org/observations/170101996,"2024-08-12 08:57:04"
10367,145635,caterpillar,order,Lepidoptera,caterpillar,0,0,2,0,https://www.inaturalist.org/observations/170101627,"2024-08-12 08:57:04"
10368,145634,caterpillar,family,Geometridae,caterpillar,0,0,2,0,https://www.inaturalist.org/observations/170101314,"2024-08-12 08:57:04"
10369,145631,caterpillar,species,"Epimecis hortaria",caterpillar,0,0,3,0,https://www.inaturalist.org/observations/170100640,"2024-08-12 08:57:04"
10370,145625,beetle,tribe,Silini,beetle,0,0,3,0,https://www.inaturalist.org/observations/170021755,"2024-08-12 08:57:04"
10371,145623,beetle,family,Buprestidae,beetle,0,0,2,0,https://www.inaturalist.org/observations/170021324,"2024-08-12 08:57:04"
10372,145572,spider,species,"Enoplognatha ovata",spider,0,0,3,0,https://www.inaturalist.org/observations/169988499,"2024-08-12 09:00:05"
10373,145566,caterpillar,family,Geometridae,caterpillar,0,0,2,0,https://www.inaturalist.org/observations/169986998,"2024-08-12 09:00:05"
10374,145562,caterpillar,subfamily,Erebinae,caterpillar,0,0,2,0,https://www.inaturalist.org/observations/169986105,"2024-08-12 09:00:05"
10375,145556,caterpillar,order,Lepidoptera,caterpillar,0,0,2,0,https://www.inaturalist.org/observations/169984484,"2024-08-12 09:00:05"
10376,145434,beetle,species,"Pseudoedophrys hilleri",beetle,0,0,2,0,https://www.inaturalist.org/observations/169954842,"2024-08-12 09:00:05"
10377,145428,unidentified,suborder,Hemerobiiformia,Neuroptera,0,0,1,0,https://www.inaturalist.org/observations/169953203,"2024-08-12 09:00:05"
10378,145425,unidentified,suborder,Hemerobiiformia,Neuroptera,0,0,1,0,https://www.inaturalist.org/observations/169952703,"2024-08-12 09:00:05"
10379,145420,leafhopper,species,"Rugosana querci",leafhopper,0,0,2,0,https://www.inaturalist.org/observations/169950548,"2024-08-12 09:00:05"
10380,145419,leafhopper,species,"Flatormenis proxima",leafhopper,0,0,2,0,https://www.inaturalist.org/observations/169950021,"2024-08-12 09:00:05"
10381,145416,leafhopper,tribe,Gyponini,leafhopper,0,0,2,0,https://www.inaturalist.org/observations/169949584,"2024-08-12 09:00:05"
10382,145414,leafhopper,species,"Flatormenis proxima",leafhopper,0,0,2,0,https://www.inaturalist.org/observations/169948626,"2024-08-12 09:00:05"
10383,145411,truebugs,genus,Acanthocephala,truebugs,0,0,2,0,https://www.inaturalist.org/observations/169947553,"2024-08-12 09:00:05"
10384,145403,beetle,species,"Pseudoedophrys hilleri",beetle,0,0,2,0,https://www.inaturalist.org/observations/169944908,"2024-08-12 09:00:05"
10385,145402,caterpillar,species,"Acronicta impleta",caterpillar,0,0,3,0,https://www.inaturalist.org/observations/169944455,"2024-08-12 09:00:05"
10386,145392,beetle,species,"Cyrtepistomus castaneus",beetle,0,0,2,0,https://www.inaturalist.org/observations/169942792,"2024-08-12 09:00:05"
10387,145386,beetle,species,"Harmonia axyridis",beetle,1,0,4,0,https://www.inaturalist.org/observations/169940581,"2024-08-12 09:00:05"
10388,145384,beetle,species,"Pantomorus cervinus",beetle,0,0,2,0,https://www.inaturalist.org/observations/169939909,"2024-08-12 09:00:05"
10389,144434,fly,genus,Condylostylus,fly,0,0,3,0,https://www.inaturalist.org/observations/169938829,"2024-08-12 09:00:05"
10390,144433,fly,genus,Condylostylus,fly,0,0,3,0,https://www.inaturalist.org/observations/169938452,"2024-08-12 09:00:05"
10391,145382,beetle,family,Chrysomelidae,beetle,0,0,2,0,https://www.inaturalist.org/observations/169937480,"2024-08-12 09:03:06"
10392,144437,fly,genus,Condylostylus,fly,0,0,3,0,https://www.inaturalist.org/observations/169936653,"2024-08-12 09:03:06"
10393,145373,leafhopper,species,"Flatormenis proxima",leafhopper,0,0,2,0,https://www.inaturalist.org/observations/169934544,"2024-08-12 09:03:06"
10394,144423,unidentified,order,Polydesmida,Polydesmida,0,0,1,0,https://www.inaturalist.org/observations/169872174,"2024-08-12 09:03:06"
10395,144414,fly,family,Culicidae,fly,0,0,2,0,https://www.inaturalist.org/observations/169870534,"2024-08-12 09:03:06"
10396,144412,fly,complex,"Condylostylus comatus",fly,0,0,3,0,https://www.inaturalist.org/observations/169869381,"2024-08-12 09:03:06"
10397,144441,caterpillar,subfamily,Limacodinae,caterpillar,0,0,3,0,https://www.inaturalist.org/observations/169869041,"2024-08-12 09:03:06"
10398,144447,fly,superfamily,Muscoidea,fly,0,0,2,0,https://www.inaturalist.org/observations/169868682,"2024-08-12 09:03:06"
10399,144452,beetle,family,Chrysomelidae,beetle,0,0,2,0,https://www.inaturalist.org/observations/169867178,"2024-08-12 09:03:06"
10400,144461,spider,species,"Uloborus glomosus",spider,0,0,2,0,https://www.inaturalist.org/observations/169864949,"2024-08-12 09:03:06"
10401,145335,caterpillar,order,Lepidoptera,caterpillar,0,0,2,0,https://www.inaturalist.org/observations/169822112,"2024-08-12 09:03:06"
10402,145322,caterpillar,family,Geometridae,caterpillar,0,0,2,0,https://www.inaturalist.org/observations/169821521,"2024-08-12 09:03:06"
10403,145318,caterpillar,family,Geometridae,caterpillar,0,0,2,0,https://www.inaturalist.org/observations/169820937,"2024-08-12 09:03:06"
10404,145306,caterpillar,family,Geometridae,caterpillar,0,0,2,0,https://www.inaturalist.org/observations/169820395,"2024-08-12 09:03:06"
10405,145281,caterpillar,family,Geometridae,caterpillar,0,0,2,0,https://www.inaturalist.org/observations/169819896,"2024-08-12 09:03:06"
10406,145265,ant,species,"Nylanderia flavipes",ant,0,0,3,0,https://www.inaturalist.org/observations/169818697,"2024-08-12 09:03:06"
10407,145256,bee,epifamily,Anthophila,bee,0,0,2,0,https://www.inaturalist.org/observations/169817135,"2024-08-12 09:03:06"
10408,145237,spider,genus,Misumessus,spider,0,0,2,0,https://www.inaturalist.org/observations/169815515,"2024-08-12 09:06:04"
10409,145207,leafhopper,species,"Flatormenis proxima",leafhopper,0,0,2,0,https://www.inaturalist.org/observations/169815041,"2024-08-12 09:06:04"
10410,145198,beetle,species,"Cyrtepistomus castaneus",beetle,0,0,3,0,https://www.inaturalist.org/observations/169812647,"2024-08-12 09:06:04"
10411,145190,leafhopper,species,"Ormenoides venusta",leafhopper,0,0,3,0,https://www.inaturalist.org/observations/169810726,"2024-08-12 09:06:04"
10412,145187,leafhopper,species,"Ormenoides venusta",leafhopper,0,0,3,0,https://www.inaturalist.org/observations/169810313,"2024-08-12 09:06:04"
10413,145183,beetle,species,"Cyrtepistomus castaneus",beetle,0,0,4,0,https://www.inaturalist.org/observations/169808835,"2024-08-12 09:06:04"
10414,145181,leafhopper,species,"Ormenoides venusta",leafhopper,0,0,3,0,https://www.inaturalist.org/observations/169808389,"2024-08-12 09:06:04"
10415,145177,beetle,species,"Cyrtepistomus castaneus",beetle,0,0,3,0,https://www.inaturalist.org/observations/169807428,"2024-08-12 09:06:04"
10416,145173,fly,complex,"Condylostylus comatus",fly,0,0,3,0,https://www.inaturalist.org/observations/169806936,"2024-08-12 09:06:04"
10417,145165,fly,species,"Toxonevra superba",fly,0,0,2,0,https://www.inaturalist.org/observations/169805998,"2024-08-12 09:06:04"
10418,145162,leafhopper,species,"Aplos simplex",leafhopper,0,0,2,0,https://www.inaturalist.org/observations/169805573,"2024-08-12 09:06:04"
10419,145161,truebugs,species,"Halyomorpha halys",truebugs,0,0,4,0,https://www.inaturalist.org/observations/169805097,"2024-08-12 09:06:04"
10420,145158,beetle,species,"Pseudoedophrys hilleri",beetle,0,0,2,0,https://www.inaturalist.org/observations/169804691,"2024-08-12 09:06:04"
10421,145151,leafhopper,subgenus,Gyponana,leafhopper,0,0,2,0,https://www.inaturalist.org/observations/169803684,"2024-08-12 09:06:04"
10422,145139,leafhopper,species,"Ormenoides venusta",leafhopper,0,0,3,0,https://www.inaturalist.org/observations/169802212,"2024-08-12 09:06:04"
10423,145138,beetle,family,Elateridae,beetle,0,0,2,0,https://www.inaturalist.org/observations/169801652,"2024-08-12 09:06:04"
10424,145132,caterpillar,family,Geometridae,caterpillar,0,0,2,0,https://www.inaturalist.org/observations/169800135,"2024-08-12 09:06:04"
10425,145120,caterpillar,species,"Halysidota tessellaris",caterpillar,0,0,3,0,https://www.inaturalist.org/observations/169799682,"2024-08-12 09:06:04"
10426,145117,leafhopper,species,"Stictocephala militaris",leafhopper,0,0,3,0,https://www.inaturalist.org/observations/169798603,"2024-08-12 09:06:04"
10427,145109,leafhopper,species,"Flatormenis proxima",leafhopper,0,0,2,0,https://www.inaturalist.org/observations/169797978,"2024-08-12 09:06:04"
10428,145106,leafhopper,species,"Stictocephala militaris",leafhopper,0,0,3,0,https://www.inaturalist.org/observations/169796860,"2024-08-12 09:06:04"
10429,145101,beetle,family,Mordellidae,beetle,0,0,2,0,https://www.inaturalist.org/observations/169795194,"2024-08-12 09:06:04"
10430,145094,leafhopper,species,"Ormenoides venusta",leafhopper,0,0,3,0,https://www.inaturalist.org/observations/169794752,"2024-08-12 09:06:04"
10431,145091,caterpillar,species,"Acronicta americana",caterpillar,0,0,3,0,https://www.inaturalist.org/observations/169793523,"2024-08-12 09:06:04"
10432,145085,caterpillar,family,Geometridae,caterpillar,0,0,2,0,https://www.inaturalist.org/observations/169791405,"2024-08-12 09:06:04"
10433,145084,leafhopper,species,"Flatormenis proxima",leafhopper,0,0,2,0,https://www.inaturalist.org/observations/169790902,"2024-08-12 09:06:04"
10434,145081,caterpillar,order,Lepidoptera,caterpillar,0,0,2,0,https://www.inaturalist.org/observations/169789859,"2024-08-12 09:09:05"
10435,145077,fly,family,Culicidae,fly,0,0,2,0,https://www.inaturalist.org/observations/169788827,"2024-08-12 09:09:05"
10436,145070,leafhopper,species,"Flatormenis proxima",leafhopper,0,0,2,0,https://www.inaturalist.org/observations/169788244,"2024-08-12 09:09:05"
10437,145069,leafhopper,species,"Metcalfa pruinosa",leafhopper,0,0,2,0,https://www.inaturalist.org/observations/169787706,"2024-08-12 09:09:05"
10438,145066,caterpillar,family,Geometridae,caterpillar,0,0,2,0,https://www.inaturalist.org/observations/169787141,"2024-08-12 09:09:05"
10439,145037,leafhopper,species,"Stictocephala militaris",leafhopper,0,0,3,0,https://www.inaturalist.org/observations/169784594,"2024-08-12 09:09:05"
10440,145036,leafhopper,species,"Flatormenis proxima",leafhopper,0,0,2,0,https://www.inaturalist.org/observations/169784029,"2024-08-12 09:09:05"
10441,145034,leafhopper,tribe,Nephesini,leafhopper,0,0,2,0,https://www.inaturalist.org/observations/169783048,"2024-08-12 09:09:05"
10442,145024,leafhopper,species,"Ormenoides venusta",leafhopper,0,0,3,0,https://www.inaturalist.org/observations/169781394,"2024-08-12 09:09:05"
10443,145020,spider,genus,Wulfila,spider,0,0,2,0,https://www.inaturalist.org/observations/169780424,"2024-08-12 09:09:05"
10444,145017,leafhopper,species,"Thionia bullata",leafhopper,0,0,2,0,https://www.inaturalist.org/observations/169779578,"2024-08-12 09:09:05"
10445,145013,spider,species,"Synema parvulum",spider,0,0,3,0,https://www.inaturalist.org/observations/169778536,"2024-08-12 09:09:05"
10446,145008,caterpillar,species,"Halysidota tessellaris",caterpillar,0,0,4,0,https://www.inaturalist.org/observations/169778097,"2024-08-12 09:09:05"
10447,145006,fly,superfamily,Sciaroidea,fly,0,0,2,0,https://www.inaturalist.org/observations/169777185,"2024-08-12 09:09:05"
10448,145002,leafhopper,species,"Flatormenis proxima",leafhopper,0,0,2,0,https://www.inaturalist.org/observations/169776288,"2024-08-12 09:09:05"
10449,145000,leafhopper,species,"Flatormenis proxima",leafhopper,0,0,2,0,https://www.inaturalist.org/observations/169775801,"2024-08-12 09:09:05"
10450,144997,spider,genus,Wulfila,spider,0,0,2,0,https://www.inaturalist.org/observations/169774452,"2024-08-12 09:09:05"
10451,144994,caterpillar,family,Gracillariidae,caterpillar,0,0,2,0,https://www.inaturalist.org/observations/169773385,"2024-08-12 09:09:05"
10452,144993,leafhopper,species,"Ormenoides venusta",leafhopper,0,0,3,0,https://www.inaturalist.org/observations/169772855,"2024-08-12 09:09:05"
10453,144989,caterpillar,species,"Halysidota harrisii",caterpillar,0,0,3,0,https://www.inaturalist.org/observations/169772354,"2024-08-12 09:09:05"
10454,144988,beetle,family,Mordellidae,beetle,0,0,2,0,https://www.inaturalist.org/observations/169771917,"2024-08-12 09:09:05"
10455,144985,beetle,genus,Falsomordellistena,beetle,0,0,2,0,https://www.inaturalist.org/observations/169770382,"2024-08-12 09:09:05"
10456,144984,beetle,family,Elateridae,beetle,0,0,2,0,https://www.inaturalist.org/observations/169769874,"2024-08-12 09:09:05"
10457,144983,leafhopper,species,"Jikradia olitoria",leafhopper,0,0,3,0,https://www.inaturalist.org/observations/169769432,"2024-08-12 09:09:05"
10458,144981,fly,genus,Allograpta,fly,0,0,3,0,https://www.inaturalist.org/observations/169768970,"2024-08-12 09:09:05"
10459,144976,spider,genus,Wulfila,spider,0,0,2,0,https://www.inaturalist.org/observations/169768026,"2024-08-12 09:09:05"
10460,144975,bee,superfamily,Chalcidoidea,bee,0,0,3,0,https://www.inaturalist.org/observations/169767599,"2024-08-12 09:09:05"
10461,144970,leafhopper,species,"Jikradia olitoria",leafhopper,0,0,3,0,https://www.inaturalist.org/observations/169766794,"2024-08-12 09:09:05"
10462,144950,leafhopper,species,"Japananus hyalinus",leafhopper,0,0,2,0,https://www.inaturalist.org/observations/169763935,"2024-08-12 09:12:04"
10463,144946,spider,species,"Misumessus oblongus",spider,0,0,3,0,https://www.inaturalist.org/observations/169763163,"2024-08-12 09:12:04"
10464,144945,leafhopper,species,"Harmonia axyridis",beetle,0,0,3,1,https://www.inaturalist.org/observations/169755433,"2024-08-12 09:12:04"
10465,144943,fly,complex,"Condylostylus caudatus",fly,0,0,3,0,https://www.inaturalist.org/observations/169754825,"2024-08-12 09:12:04"
10466,144939,beetle,species,"Harmonia axyridis",beetle,0,0,3,0,https://www.inaturalist.org/observations/169752518,"2024-08-12 09:12:04"
10467,144937,fly,zoosubsection,Calyptratae,fly,0,0,2,0,https://www.inaturalist.org/observations/169752243,"2024-08-12 09:12:04"
10468,144935,fly,genus,Lucilia,fly,0,0,2,0,https://www.inaturalist.org/observations/169751885,"2024-08-12 09:12:04"
10469,144932,fly,superfamily,Tipuloidea,fly,0,0,2,0,https://www.inaturalist.org/observations/169750357,"2024-08-12 09:12:04"
10470,144901,spider,genus,Philodromus,spider,0,0,2,0,https://www.inaturalist.org/observations/169629665,"2024-08-12 09:12:04"
10471,144899,spider,genus,Philodromus,spider,0,0,2,0,https://www.inaturalist.org/observations/169629178,"2024-08-12 09:12:04"
10472,144890,fly,genus,Homoneura,fly,0,0,2,0,https://www.inaturalist.org/observations/169624354,"2024-08-12 09:12:04"
10473,144860,leafhopper,species,"Ormenoides venusta",leafhopper,0,0,2,0,https://www.inaturalist.org/observations/169591498,"2024-08-12 09:12:04"
10474,144852,fly,superfamily,Muscoidea,fly,0,0,2,0,https://www.inaturalist.org/observations/169590079,"2024-08-12 09:12:04"
10475,144851,caterpillar,family,Geometridae,caterpillar,0,0,2,0,https://www.inaturalist.org/observations/169589551,"2024-08-12 09:12:04"
10476,144831,grasshopper,species,"Neoxabea bipunctata",grasshopper,0,0,3,0,https://www.inaturalist.org/observations/169587896,"2024-08-12 09:12:04"
10477,144825,leafhopper,species,"Flatormenis proxima",leafhopper,0,0,2,0,https://www.inaturalist.org/observations/169587438,"2024-08-12 09:12:04"
10478,144820,caterpillar,order,Lepidoptera,caterpillar,0,0,2,0,https://www.inaturalist.org/observations/169586904,"2024-08-12 09:12:04"
10479,144817,spider,species,"Wulfila albens",spider,0,0,2,0,https://www.inaturalist.org/observations/169586356,"2024-08-12 09:12:04"
10480,144812,leafhopper,tribe,Macropsini,leafhopper,0,0,2,0,https://www.inaturalist.org/observations/169585738,"2024-08-12 09:12:04"
10481,144810,beetle,species,"Cyrtepistomus castaneus",beetle,0,0,2,0,https://www.inaturalist.org/observations/169584845,"2024-08-12 09:12:04"
10482,144801,caterpillar,order,Lepidoptera,caterpillar,0,0,2,0,https://www.inaturalist.org/observations/169583805,"2024-08-12 09:12:04"
10483,144800,beetle,family,Elateridae,beetle,0,0,2,0,https://www.inaturalist.org/observations/169583271,"2024-08-12 09:12:04"
10484,144796,beetle,family,Elateridae,beetle,0,0,2,0,https://www.inaturalist.org/observations/169582833,"2024-08-12 09:15:05"
10485,144787,caterpillar,family,Noctuidae,caterpillar,0,0,2,0,https://www.inaturalist.org/observations/169581827,"2024-08-12 09:15:05"
10486,144786,beetle,species,"Cyrtepistomus castaneus",beetle,0,0,3,0,https://www.inaturalist.org/observations/169581418,"2024-08-12 09:15:05"
10487,144777,spider,species,"Misumessus oblongus",spider,0,0,4,0,https://www.inaturalist.org/observations/169579712,"2024-08-12 09:15:05"
10488,144762,beetle,species,"Tenomerga cinerea",beetle,0,0,4,0,https://www.inaturalist.org/observations/169578151,"2024-08-12 09:15:05"
10489,144746,spider,genus,Wulfila,spider,0,0,2,0,https://www.inaturalist.org/observations/169576255,"2024-08-12 09:15:05"
10490,144741,fly,superfamily,Muscoidea,fly,0,0,2,0,https://www.inaturalist.org/observations/169575557,"2024-08-12 09:15:05"
10491,144735,beetle,species,"Pseudoedophrys hilleri",beetle,0,0,2,0,https://www.inaturalist.org/observations/169575233,"2024-08-12 09:15:05"
10492,144730,spider,tribe,Misumenini,spider,0,0,2,0,https://www.inaturalist.org/observations/169574530,"2024-08-12 09:15:05"
10493,144728,leafhopper,species,"Flatormenis proxima",leafhopper,0,0,2,0,https://www.inaturalist.org/observations/169574169,"2024-08-12 09:15:05"
10494,144724,beetle,species,"Pseudoedophrys hilleri",beetle,0,0,2,0,https://www.inaturalist.org/observations/169573787,"2024-08-12 09:15:05"
10495,144603,spider,species,"Paraphidippus aurantius",spider,0,0,2,0,https://www.inaturalist.org/observations/169258580,"2024-08-12 09:15:05"
10496,144593,spider,genus,Tutelina,spider,0,0,3,0,https://www.inaturalist.org/observations/169254104,"2024-08-12 09:15:05"
10497,144587,spider,species,"Paraphidippus aurantius",spider,0,0,3,0,https://www.inaturalist.org/observations/169250978,"2024-08-12 09:15:05"
10498,144582,beetle,form,"Harmonia axyridis succinea",beetle,0,0,5,0,https://www.inaturalist.org/observations/169249003,"2024-08-12 09:18:05"
10499,144221,bee,superfamily,Ichneumonoidea,bee,0,0,2,0,https://www.inaturalist.org/observations/169069696,"2024-08-12 09:18:05"
10500,144142,unidentified,species,"Rainieria antennaepes",fly,0,0,2,0,https://www.inaturalist.org/observations/169051808,"2024-08-12 09:21:04"
10501,144127,bee,suborder,Apocrita,bee,0,0,2,0,https://www.inaturalist.org/observations/169049307,"2024-08-12 09:21:04"
10502,143976,beetle,species,"Harmonia axyridis",beetle,0,0,4,0,https://www.inaturalist.org/observations/169010457,"2024-08-12 09:27:05"
10503,143972,beetle,species,"Harmonia axyridis",beetle,0,0,4,0,https://www.inaturalist.org/observations/169009443,"2024-08-12 09:27:05"
10504,143949,spider,species,"Neoscona crucifera",spider,0,0,4,0,https://www.inaturalist.org/observations/169001440,"2024-08-12 09:27:05"
10505,143925,beetle,family,Mordellidae,beetle,0,0,2,0,https://www.inaturalist.org/observations/168996096,"2024-08-12 09:27:05"
10506,143899,beetle,species,"Falsomordellistena bihamata",beetle,0,0,4,0,https://www.inaturalist.org/observations/168989869,"2024-08-12 09:30:05"
10507,143842,beetle,family,Pentatomidae,truebugs,0,0,3,1,https://www.inaturalist.org/observations/168886544,"2024-08-12 09:30:05"
10508,143601,beetle,species,"Tenomerga cinerea",beetle,0,0,3,0,https://www.inaturalist.org/observations/168834010,"2024-08-12 09:33:05"
10509,143534,moths,suborder,Auchenorrhyncha,leafhopper,0,0,3,1,https://www.inaturalist.org/observations/168722964,"2024-08-12 09:36:05"
10510,143502,beetle,species,"Polydrusus formosus",beetle,0,0,3,0,https://www.inaturalist.org/observations/168676673,"2024-08-12 09:36:05"
10511,143386,leafhopper,infraorder,Fulgoromorpha,leafhopper,0,0,3,1,https://www.inaturalist.org/observations/168649716,"2024-08-12 09:39:05"
10512,143124,spider,species,"Verrucosa arenata",spider,0,0,3,0,https://www.inaturalist.org/observations/168505899,"2024-08-12 09:42:04"
10513,143098,spider,genus,Wulfila,spider,0,0,2,0,https://www.inaturalist.org/observations/168500701,"2024-08-12 09:45:04"
10514,142772,spider,genus,Wulfila,spider,0,0,2,0,https://www.inaturalist.org/observations/168304269,"2024-08-12 09:48:04"
10515,142758,spider,genus,Wulfila,spider,0,0,2,0,https://www.inaturalist.org/observations/168300534,"2024-08-12 09:51:04"
10516,142732,spider,species,"Verrucosa arenata",spider,0,0,3,0,https://www.inaturalist.org/observations/168298539,"2024-08-12 09:51:04"
10517,142715,spider,tribe,Misumenini,spider,0,0,2,0,https://www.inaturalist.org/observations/168294978,"2024-08-12 09:51:04"
10518,139759,spider,genus,Wulfila,spider,0,0,2,0,https://www.inaturalist.org/observations/166249046,"2024-07-22 09:57:06"
10519,139682,leafhopper,species,"Paraulacizes irrorata",leafhopper,0,0,2,0,https://www.inaturalist.org/observations/166104528,"2024-07-15 09:33:06"
10520,139376,spider,genus,Tmarus,spider,0,0,2,0,https://www.inaturalist.org/observations/165912402,"2024-07-15 09:45:06"
10521,139310,spider,genus,Wulfila,spider,0,0,2,0,https://www.inaturalist.org/observations/165897012,"2024-07-15 09:48:05"
10522,138924,spider,species,"Mangora placida",spider,0,0,4,0,https://www.inaturalist.org/observations/165789310,"2024-07-15 09:48:05"
10523,137504,beetle,genus,Chrysoperla,Neuroptera,0,0,2,0,https://www.inaturalist.org/observations/164044880,"2024-07-01 09:42:06"
10524,136482,beetle,family,Mordellidae,beetle,0,0,2,0,https://www.inaturalist.org/observations/163647404,"2024-06-24 09:36:07"
10525,130415,bee,epifamily,Anthophila,bee,0,0,2,0,https://www.inaturalist.org/observations/129199433,"2024-06-03 09:45:07"
10526,114871,bee,suborder,Apocrita,bee,0,0,2,0,https://www.inaturalist.org/observations/120828088,"2023-07-17 09:51:05"
10527,148014,ant,subgenus,Crematogaster,ant,0,0,2,0,https://www.inaturalist.org/observations/171749466,"2024-08-12 08:18:05"
10528,148010,spider,superfamily,Araneoidea,spider,0,0,2,0,https://www.inaturalist.org/observations/171747588,"2024-08-12 08:21:05"
10529,148005,ant,subgenus,Crematogaster,ant,0,0,2,0,https://www.inaturalist.org/observations/171743305,"2024-08-12 08:21:05"
10530,148003,ant,subgenus,Crematogaster,ant,0,0,2,0,https://www.inaturalist.org/observations/171741840,"2024-08-12 08:21:05"
10531,147997,spider,tribe,Misumenini,spider,0,0,3,0,https://www.inaturalist.org/observations/171739856,"2024-08-12 08:21:05"
10532,147988,ant,subgenus,Myrmentoma,ant,0,0,2,0,https://www.inaturalist.org/observations/171735681,"2024-08-12 08:21:05"
10533,147806,caterpillar,subclass,Pterygota,bee,0,1,2,1,https://www.inaturalist.org/observations/171589934,"2024-08-12 08:21:05"
10534,147782,leafhopper,species,"Flatormenis proxima",leafhopper,0,0,3,0,https://www.inaturalist.org/observations/171585296,"2024-08-12 08:21:05"
10535,147781,spider,species,"Verrucosa arenata",spider,0,0,3,0,https://www.inaturalist.org/observations/171584766,"2024-08-12 08:21:05"
10536,147776,spider,genus,Wulfila,spider,0,0,2,0,https://www.inaturalist.org/observations/171584318,"2024-08-12 08:21:05"
10537,147771,ant,complex,"Formica fusca",ant,0,0,4,0,https://www.inaturalist.org/observations/171582551,"2024-08-12 08:24:05"
10538,147769,caterpillar,species,"Epimecis hortaria",caterpillar,0,0,3,0,https://www.inaturalist.org/observations/171582087,"2024-08-12 08:24:05"
10539,147759,spider,species,"Verrucosa arenata",spider,0,0,4,0,https://www.inaturalist.org/observations/171580836,"2024-08-12 08:24:05"
10540,147758,fly,complex,"Condylostylus comatus",fly,0,0,3,0,https://www.inaturalist.org/observations/171580288,"2024-08-12 08:24:05"
10541,147743,ant,species,"Camponotus snellingi",ant,0,0,3,0,https://www.inaturalist.org/observations/171577763,"2024-08-12 08:24:05"
10542,147736,ant,complex,"Formica fusca",ant,0,0,4,0,https://www.inaturalist.org/observations/171576359,"2024-08-12 08:24:05"
10543,147724,grasshopper,genus,Oecanthus,grasshopper,0,0,3,0,https://www.inaturalist.org/observations/171574867,"2024-08-12 08:24:05"
10544,147701,leafhopper,subgenus,Gyponana,leafhopper,0,0,2,0,https://www.inaturalist.org/observations/171571193,"2024-08-12 08:24:05"
10545,147699,caterpillar,species,"Acronicta americana",caterpillar,0,0,3,0,https://www.inaturalist.org/observations/171570747,"2024-08-12 08:24:05"
10546,147688,spider,tribe,Misumenini,spider,0,0,2,0,https://www.inaturalist.org/observations/171568531,"2024-08-12 08:24:05"
10547,147679,caterpillar,species,"Epimecis hortaria",caterpillar,0,0,3,0,https://www.inaturalist.org/observations/171566584,"2024-08-12 08:24:05"
10548,147674,spider,genus,Philodromus,spider,0,0,2,0,https://www.inaturalist.org/observations/171565132,"2024-08-12 08:24:05"
10549,147673,leafhopper,species,"Acanalonia conica",leafhopper,0,0,3,0,https://www.inaturalist.org/observations/171564635,"2024-08-12 08:24:05"
10550,147639,spider,family,Dictynidae,spider,0,0,2,0,https://www.inaturalist.org/observations/171559757,"2024-08-12 08:24:05"
10551,147627,caterpillar,species,"Hyphantria cunea",caterpillar,0,0,3,0,https://www.inaturalist.org/observations/171557277,"2024-08-12 08:27:06"
10552,147626,spider,tribe,Misumenini,spider,0,0,2,0,https://www.inaturalist.org/observations/171556688,"2024-08-12 08:27:06"
10553,147615,leafhopper,species,"Thionia bullata",leafhopper,0,0,2,0,https://www.inaturalist.org/observations/171555390,"2024-08-12 08:27:06"
10554,147607,leafhopper,species,"Thionia quinquata",leafhopper,0,0,2,0,https://www.inaturalist.org/observations/171553978,"2024-08-12 08:27:06"
10555,147597,leafhopper,species,"Flatormenis proxima",leafhopper,0,0,2,0,https://www.inaturalist.org/observations/171552743,"2024-08-12 08:27:06"
10556,147595,leafhopper,species,"Flatormenis proxima",leafhopper,0,0,2,0,https://www.inaturalist.org/observations/171551885,"2024-08-12 08:27:06"
10557,147580,leafhopper,species,"Pelitropis rotulata",leafhopper,0,0,2,0,https://www.inaturalist.org/observations/171550742,"2024-08-12 08:27:06"
10558,147465,fly,suborder,Brachycera,fly,0,0,2,0,https://www.inaturalist.org/observations/171434719,"2024-08-12 08:30:07"
10559,147417,fly,suborder,Heteroptera,truebugs,0,0,3,1,https://www.inaturalist.org/observations/171411134,"2024-08-12 08:30:07"
10560,147408,other,complex,"Forficula auricularia",Dermaptera,0,0,2,0,https://www.inaturalist.org/observations/171408587,"2024-08-12 08:30:09"
10561,147406,beetle,species,"Polydrusus formosus",beetle,0,0,3,0,https://www.inaturalist.org/observations/171408016,"2024-08-12 08:30:09"
10562,147397,beetle,species,"Rhagonycha fulva",beetle,0,0,3,0,https://www.inaturalist.org/observations/171406364,"2024-08-12 08:30:09"
10563,147384,fly,family,Chironomidae,fly,0,0,2,0,https://www.inaturalist.org/observations/171401686,"2024-08-12 08:30:09"
10564,147379,fly,zoosubsection,Calyptratae,fly,0,0,2,0,https://www.inaturalist.org/observations/171401138,"2024-08-12 08:30:09"
10565,147372,fly,family,Chironomidae,fly,0,0,2,0,https://www.inaturalist.org/observations/171400172,"2024-08-12 08:30:09"
10566,147370,bee,genus,Encyrtus,bee,0,0,2,0,https://www.inaturalist.org/observations/171396586,"2024-08-12 08:30:09"
10567,147319,spider,genus,Araneus,spider,0,0,2,0,https://www.inaturalist.org/observations/171392952,"2024-08-12 08:30:09"
10568,147316,spider,tribe,Misumenini,spider,0,0,2,0,https://www.inaturalist.org/observations/171392347,"2024-08-12 08:30:09"
10569,147314,spider,subfamily,Salticinae,spider,0,0,2,0,https://www.inaturalist.org/observations/171391921,"2024-08-12 08:30:09"
10570,147312,leafhopper,genus,Osbornellus,leafhopper,0,0,2,0,https://www.inaturalist.org/observations/171391004,"2024-08-12 08:30:09"
10571,147294,beetle,species,"Cyrtepistomus castaneus",beetle,0,0,2,0,https://www.inaturalist.org/observations/171388866,"2024-08-12 08:33:05"
10572,147281,truebugs,subfamily,Asopinae,truebugs,0,0,2,0,https://www.inaturalist.org/observations/171386165,"2024-08-12 08:33:05"
10573,147277,beetle,family,Mordellidae,beetle,0,0,2,0,https://www.inaturalist.org/observations/171385209,"2024-08-12 08:33:05"
10574,147274,beetle,species,"Cyrtepistomus castaneus",beetle,0,0,3,0,https://www.inaturalist.org/observations/171384260,"2024-08-12 08:33:05"
10575,147250,ant,species,"Camponotus americanus",ant,0,0,3,0,https://www.inaturalist.org/observations/171381797,"2024-08-12 08:33:05"
10576,147249,fly,family,Chironomidae,fly,0,0,2,0,https://www.inaturalist.org/observations/171381370,"2024-08-12 08:33:05"
10577,147248,ant,complex,"Formica pallidefulva",ant,0,0,3,0,https://www.inaturalist.org/observations/171380893,"2024-08-12 08:33:05"
10578,147229,fly,genus,Microtendipes,fly,0,0,3,0,https://www.inaturalist.org/observations/171376392,"2024-08-12 08:33:05"
10579,147224,spider,genus,Wulfila,spider,0,0,2,0,https://www.inaturalist.org/observations/171375886,"2024-08-12 08:33:05"
10580,147208,spider,genus,Neoscona,spider,0,0,2,0,https://www.inaturalist.org/observations/171374153,"2024-08-12 08:33:05"
10581,147204,leafhopper,tribe,Gyponini,leafhopper,0,0,2,0,https://www.inaturalist.org/observations/171373250,"2024-08-12 08:33:05"
10582,147195,leafhopper,species,"Flatormenis proxima",leafhopper,0,0,2,0,https://www.inaturalist.org/observations/171370491,"2024-08-12 08:33:05"
10583,147166,beetle,species,"Polydrusus formosus",beetle,0,0,2,0,https://www.inaturalist.org/observations/171287363,"2024-08-12 08:36:05"
10584,147154,unidentified,species,"Neoxabea bipunctata",grasshopper,0,0,2,0,https://www.inaturalist.org/observations/171276152,"2024-08-12 08:36:05"
10585,147145,fly,zoosubsection,Calyptratae,fly,0,0,2,0,https://www.inaturalist.org/observations/171274194,"2024-08-12 08:36:05"
10586,147132,fly,suborder,Brachycera,fly,0,0,2,0,https://www.inaturalist.org/observations/171262095,"2024-08-12 08:36:05"
10587,147084,fly,zoosubsection,Calyptratae,fly,0,0,2,0,https://www.inaturalist.org/observations/171247454,"2024-08-12 08:36:05"
10588,147079,fly,zoosubsection,Calyptratae,fly,0,0,2,0,https://www.inaturalist.org/observations/171246987,"2024-08-12 08:36:05"
10589,147070,beetle,species,"Harmonia axyridis",beetle,0,0,3,0,https://www.inaturalist.org/observations/171238194,"2024-08-12 08:36:05"
10590,147062,fly,genus,Rivellia,fly,0,0,2,0,https://www.inaturalist.org/observations/171231505,"2024-08-12 08:36:05"
10591,147056,fly,zoosection,Schizophora,fly,0,0,2,0,https://www.inaturalist.org/observations/171229659,"2024-08-12 08:36:05"
10592,147051,spider,genus,Dolomedes,spider,0,0,3,0,https://www.inaturalist.org/observations/171227795,"2024-08-12 08:36:05"
10593,147041,ant,subgenus,Myrmentoma,ant,0,0,3,0,https://www.inaturalist.org/observations/171225125,"2024-08-12 08:36:05"
10594,147038,fly,suborder,Brachycera,fly,0,0,2,0,https://www.inaturalist.org/observations/171224621,"2024-08-12 08:36:05"
10595,147031,beetle,species,"Pseudoedophrys hilleri",beetle,0,0,2,0,https://www.inaturalist.org/observations/171222109,"2024-08-12 08:36:05"
10596,147019,beetle,species,"Pantomorus cervinus",beetle,0,0,2,0,https://www.inaturalist.org/observations/171217887,"2024-08-12 08:39:04"
10597,147016,ant,species,"Camponotus snellingi",ant,0,0,4,0,https://www.inaturalist.org/observations/171216916,"2024-08-12 08:39:04"
10598,147001,beetle,family,Chrysomelidae,beetle,0,0,2,0,https://www.inaturalist.org/observations/171212384,"2024-08-12 08:39:04"
10599,146998,beetle,species,"Pseudoedophrys hilleri",beetle,0,0,2,0,https://www.inaturalist.org/observations/171211944,"2024-08-12 08:39:04"
10600,146994,beetle,species,"Pseudoedophrys hilleri",beetle,0,0,2,0,https://www.inaturalist.org/observations/171209959,"2024-08-12 08:39:04"
10601,146987,leafhopper,species,"Graphocephala versuta",leafhopper,0,0,3,0,https://www.inaturalist.org/observations/171207319,"2024-08-12 08:39:04"
10602,146969,beetle,species,"Cyrtepistomus castaneus",beetle,0,0,2,0,https://www.inaturalist.org/observations/171201619,"2024-08-12 08:39:04"
10603,146962,spider,species,"Phidippus otiosus",spider,0,0,4,0,https://www.inaturalist.org/observations/171200682,"2024-08-12 08:39:04"
10604,146953,leafhopper,species,"Rugosana querci",leafhopper,0,0,2,0,https://www.inaturalist.org/observations/171199684,"2024-08-12 08:39:04"
10605,146951,beetle,species,"Pseudoedophrys hilleri",beetle,0,0,2,0,https://www.inaturalist.org/observations/171198770,"2024-08-12 08:39:04"
10606,146950,beetle,species,"Pseudoedophrys hilleri",beetle,0,0,2,0,https://www.inaturalist.org/observations/171198295,"2024-08-12 08:39:04"
10607,146949,beetle,species,"Pseudoedophrys hilleri",beetle,0,0,2,0,https://www.inaturalist.org/observations/171197895,"2024-08-12 08:39:04"
10608,146942,beetle,superfamily,Elateroidea,beetle,0,0,2,0,https://www.inaturalist.org/observations/171197167,"2024-08-12 08:39:04"
10609,146929,spider,subfamily,Salticinae,spider,0,0,2,0,https://www.inaturalist.org/observations/171194076,"2024-08-12 08:42:05"
10610,146926,aphid,species,"Shivaphis celti",aphid,0,0,3,0,https://www.inaturalist.org/observations/171106661,"2024-08-12 08:42:05"
10611,146918,beetle,family,Lycidae,beetle,0,0,3,0,https://www.inaturalist.org/observations/171105740,"2024-08-12 08:42:05"
10612,146893,caterpillar,order,Lepidoptera,caterpillar,0,0,2,0,https://www.inaturalist.org/observations/171029950,"2024-08-12 08:42:05"
10613,146876,beetle,species,"Harmonia axyridis",beetle,0,0,3,0,https://www.inaturalist.org/observations/171018946,"2024-08-12 08:42:05"
10614,146873,caterpillar,species,"Morrisonia confusa",caterpillar,0,0,3,0,https://www.inaturalist.org/observations/171016280,"2024-08-12 08:42:05"
10615,146867,fly,family,Chironomidae,fly,0,0,2,0,https://www.inaturalist.org/observations/170909684,"2024-08-12 08:42:05"
10616,146851,fly,genus,Stenochironomus,fly,0,0,3,0,https://www.inaturalist.org/observations/170848391,"2024-08-12 08:42:05"
10617,146849,grasshopper,genus,Oecanthus,grasshopper,0,0,4,0,https://www.inaturalist.org/observations/170847159,"2024-08-12 08:42:05"
10618,146842,spider,genus,Theridion,spider,0,0,3,0,https://www.inaturalist.org/observations/170844760,"2024-08-12 08:42:05"
10619,146840,grasshopper,genus,Oecanthus,grasshopper,0,0,3,0,https://www.inaturalist.org/observations/170843869,"2024-08-12 08:42:05"
10620,146830,spider,species,"Enoplognatha ovata",spider,0,0,4,0,https://www.inaturalist.org/observations/170840005,"2024-08-12 08:42:05"
10621,146829,fly,genus,Ommatius,fly,0,0,4,0,https://www.inaturalist.org/observations/170839575,"2024-08-12 08:42:05"
10622,146823,leafhopper,species,"Ormenoides venusta",leafhopper,0,0,2,0,https://www.inaturalist.org/observations/170839171,"2024-08-12 08:42:05"
10623,146820,caterpillar,order,Lepidoptera,caterpillar,0,0,2,0,https://www.inaturalist.org/observations/170838668,"2024-08-12 08:42:05"
10624,146813,beetle,species,"Heilipus squamosus",beetle,0,0,3,0,https://www.inaturalist.org/observations/170836630,"2024-08-12 08:42:05"
10625,146792,leafhopper,species,"Flatormenis proxima",leafhopper,0,0,3,0,https://www.inaturalist.org/observations/170834749,"2024-08-12 08:42:05"
10626,146790,fly,superfamily,Muscoidea,fly,0,0,2,0,https://www.inaturalist.org/observations/170834270,"2024-08-12 08:42:05"
10627,146782,caterpillar,order,Lepidoptera,caterpillar,0,0,2,0,https://www.inaturalist.org/observations/170833830,"2024-08-12 08:42:05"
10628,146781,beetle,species,"Cyrtepistomus castaneus",beetle,0,0,2,0,https://www.inaturalist.org/observations/170833367,"2024-08-12 08:45:05"
10629,146779,leafhopper,species,"Oncopsis nigrinasi",leafhopper,0,0,2,0,https://www.inaturalist.org/observations/170832589,"2024-08-12 08:45:05"
10630,146769,leafhopper,subgenus,Gyponana,leafhopper,0,0,3,0,https://www.inaturalist.org/observations/170832222,"2024-08-12 08:45:05"
10631,146753,beetle,genus,Palaminus,beetle,0,0,2,0,https://www.inaturalist.org/observations/170830665,"2024-08-12 08:45:05"
10632,146748,spider,tribe,Misumenini,spider,0,0,2,0,https://www.inaturalist.org/observations/170829858,"2024-08-12 08:45:05"
10633,146747,daddylonglegs,species,"Leiobunum vittatum",daddylonglegs,0,0,2,0,https://www.inaturalist.org/observations/170829466,"2024-08-12 08:45:05"
10634,146268,ant,subgenus,Camponotus,ant,0,0,2,0,https://www.inaturalist.org/observations/170764056,"2024-08-12 08:45:05"
10635,146158,beetle,genus,Macrosiagon,beetle,0,0,2,0,https://www.inaturalist.org/observations/170761842,"2024-08-12 08:45:05"
10636,146250,ant,subclass,Pterygota,ant,0,0,1,0,https://www.inaturalist.org/observations/170759971,"2024-08-12 08:45:05"
10637,146251,beetle,species,"Popillia japonica",beetle,0,0,3,0,https://www.inaturalist.org/observations/170759472,"2024-08-12 08:45:05"
10638,146261,ant,species,"Camponotus subbarbatus",ant,0,0,2,0,https://www.inaturalist.org/observations/170756655,"2024-08-12 08:45:05"
10639,146256,spider,species,"Misumessus oblongus",spider,0,0,3,0,https://www.inaturalist.org/observations/170755831,"2024-08-12 08:45:05"
10640,146255,caterpillar,species,"Schizura ipomaeae",caterpillar,0,0,2,0,https://www.inaturalist.org/observations/170755447,"2024-08-12 08:45:05"
10641,146148,spider,species,"Enoplognatha ovata",spider,0,0,3,0,https://www.inaturalist.org/observations/170324167,"2024-08-12 08:48:05"
10642,146002,spider,species,"Verrucosa arenata",spider,0,0,3,0,https://www.inaturalist.org/observations/170299437,"2024-08-12 08:51:04"
10643,145997,unidentified,superfamily,Pentatomoidea,truebugs,0,0,1,0,https://www.inaturalist.org/observations/170298583,"2024-08-12 08:51:04"
10644,145957,beetle,species,"Falsomordellistena hebraica",beetle,0,0,2,0,https://www.inaturalist.org/observations/170291983,"2024-08-12 08:51:04"
10645,145852,spider,family,Salticidae,spider,0,0,2,0,https://www.inaturalist.org/observations/170270866,"2024-08-12 08:54:05"
10646,145626,grasshopper,genus,Oecanthus,grasshopper,0,0,3,0,https://www.inaturalist.org/observations/170022149,"2024-08-12 08:57:04"
10647,145622,other,species,"Shivaphis celti",aphid,0,0,2,0,https://www.inaturalist.org/observations/170020898,"2024-08-12 08:57:04"
10648,145380,spider,genus,Wulfila,spider,0,0,2,0,https://www.inaturalist.org/observations/169935962,"2024-08-12 09:03:06"
10649,144617,beetle,genus,Macratria,beetle,0,0,2,0,https://www.inaturalist.org/observations/169262653,"2024-08-12 09:15:05"
10650,144594,ant,complex,"Formica pallidefulva",ant,0,0,2,0,https://www.inaturalist.org/observations/169254697,"2024-08-12 09:15:05"
10651,144581,ant,subgenus,Crematogaster,ant,0,0,2,0,https://www.inaturalist.org/observations/169248230,"2024-08-12 09:18:05"
10652,144199,spider,genus,Theridion,spider,0,0,2,0,https://www.inaturalist.org/observations/169064402,"2024-08-12 09:21:04"
10653,143241,spider,family,Anyphaenidae,spider,0,0,2,0,https://www.inaturalist.org/observations/168518729,"2024-08-12 09:42:04"
10654,142418,beetle,species,"Anomoea laticlavia",beetle,0,0,3,0,https://www.inaturalist.org/observations/168374137,"2024-08-12 09:48:04"
10655,141732,spider,genus,Wulfila,spider,0,0,2,0,https://www.inaturalist.org/observations/167524432,"2024-08-05 09:54:06"
10656,141439,spider,genus,Wulfila,spider,0,0,2,0,https://www.inaturalist.org/observations/167360166,"2024-07-29 09:48:05"
10657,141394,beetle,species,"Brachystylus sayi",beetle,0,0,3,0,https://www.inaturalist.org/observations/167286876,"2024-07-29 09:51:05"
10658,138925,beetle,genus,Agrilus,beetle,0,0,2,0,https://www.inaturalist.org/observations/165795040,"2024-07-15 09:48:05"
10659,137948,beetle,genus,Anthonomus,beetle,0,0,2,0,https://www.inaturalist.org/observations/164737290,"2024-07-08 09:57:05"
10660,134805,caterpillar,family,Noctuidae,caterpillar,0,0,2,0,https://www.inaturalist.org/observations/161844612,"2024-06-17 09:45:07"
10661,127417,spider,species,"Synemosyna formica",spider,0,0,2,0,https://www.inaturalist.org/observations/126855498,"2024-05-20 09:33:05"
10662,115455,other,genus,Anystis,Trombidiformes,0,0,1,0,https://www.inaturalist.org/observations/121097929,"2023-07-17 09:39:05"
10663,150004,caterpillar,species,"Halysidota tessellaris",caterpillar,0,0,3,0,https://www.inaturalist.org/observations/173032654,"2024-08-12 07:42:04"
10664,149979,spider,subfamily,Salticinae,spider,0,0,2,0,https://www.inaturalist.org/observations/173028504,"2024-08-12 07:42:04"
10665,149968,spider,superfamily,Araneoidea,spider,0,0,2,0,https://www.inaturalist.org/observations/173023868,"2024-08-12 07:42:04"
10666,149964,ant,complex,"Formica fusca",ant,0,0,2,0,https://www.inaturalist.org/observations/173020883,"2024-08-12 07:42:04"
10667,149961,spider,tribe,Misumenini,spider,0,0,2,0,https://www.inaturalist.org/observations/173019786,"2024-08-12 07:42:04"
10668,149958,spider,tribe,Misumenini,spider,0,0,2,0,https://www.inaturalist.org/observations/173017296,"2024-08-12 07:42:04"
10669,149818,truebugs,family,Miridae,truebugs,0,0,2,0,https://www.inaturalist.org/observations/172910231,"2024-08-12 07:42:04"
10670,149805,leafhopper,complex,"Enchenopa binotata",leafhopper,0,0,2,0,https://www.inaturalist.org/observations/172907158,"2024-08-12 07:42:04"
10671,149801,moths,family,Hesperiidae,moths,0,0,2,0,https://www.inaturalist.org/observations/172905333,"2024-08-12 07:42:04"
10672,149792,fly,genus,Lucilia,fly,0,0,2,0,https://www.inaturalist.org/observations/172901232,"2024-08-12 07:42:04"
10673,149739,spider,genus,Phidippus,spider,0,0,2,0,https://www.inaturalist.org/observations/172892144,"2024-08-12 07:45:05"
10674,149735,grasshopper,species,"Neoxabea bipunctata",grasshopper,0,0,3,0,https://www.inaturalist.org/observations/172890517,"2024-08-12 07:45:05"
10675,149733,spider,subfamily,Salticinae,spider,0,0,2,0,https://www.inaturalist.org/observations/172889723,"2024-08-12 07:45:05"
10676,149692,caterpillar,species,"Acronicta americana",caterpillar,0,0,3,0,https://www.inaturalist.org/observations/172883130,"2024-08-12 07:45:05"
10677,149689,leafhopper,species,"Metcalfa pruinosa",leafhopper,0,0,2,0,https://www.inaturalist.org/observations/172882602,"2024-08-12 07:45:05"
10678,149682,ant,species,"Pseudomyrmex ejectus",ant,0,0,3,0,https://www.inaturalist.org/observations/172881571,"2024-08-12 07:45:05"
10679,149679,grasshopper,species,"Phyllopalpus pulchellus",grasshopper,0,0,3,0,https://www.inaturalist.org/observations/172880126,"2024-08-12 07:45:05"
10680,149665,truebugs,superfamily,Pentatomoidea,truebugs,0,0,2,0,https://www.inaturalist.org/observations/172878426,"2024-08-12 07:45:05"
10681,149660,spider,species,"Verrucosa arenata",spider,0,0,3,0,https://www.inaturalist.org/observations/172877421,"2024-08-12 07:45:05"
10682,149659,caterpillar,genus,Anisota,caterpillar,0,0,3,0,https://www.inaturalist.org/observations/172876980,"2024-08-12 07:45:05"
10683,149658,beetle,genus,Rhagonycha,beetle,0,0,2,0,https://www.inaturalist.org/observations/172876506,"2024-08-12 07:45:05"
10684,149654,bee,genus,Aphaenogaster,ant,0,0,3,1,https://www.inaturalist.org/observations/172874461,"2024-08-12 07:45:05"
10685,149648,spider,genus,Philodromus,spider,0,0,2,0,https://www.inaturalist.org/observations/172872480,"2024-08-12 07:48:06"
10686,149638,beetle,species,"Popillia japonica",beetle,0,0,3,0,https://www.inaturalist.org/observations/172870954,"2024-08-12 07:48:06"
10687,149624,beetle,species,"Bassareus detritus",beetle,0,0,3,0,https://www.inaturalist.org/observations/172869161,"2024-08-12 07:48:06"
10688,149623,beetle,species,"Harmonia axyridis",beetle,0,0,4,0,https://www.inaturalist.org/observations/172868740,"2024-08-12 07:48:06"
10689,149619,caterpillar,species,"Lithacodes fasciola",caterpillar,0,0,4,0,https://www.inaturalist.org/observations/172868173,"2024-08-12 07:48:06"
10690,149618,leafhopper,species,"Flatormenis proxima",leafhopper,0,0,3,0,https://www.inaturalist.org/observations/172867752,"2024-08-12 07:48:06"
10691,149605,leafhopper,species,"Jikradia olitoria",leafhopper,0,0,3,0,https://www.inaturalist.org/observations/172865555,"2024-08-12 07:48:06"
10692,149595,leafhopper,species,"Ormenoides venusta",leafhopper,0,0,3,0,https://www.inaturalist.org/observations/172864638,"2024-08-12 07:48:06"
10693,149575,leafhopper,species,"Acanalonia conica",leafhopper,0,0,3,0,https://www.inaturalist.org/observations/172860558,"2024-08-12 07:48:06"
10694,149574,leafhopper,species,"Metcalfa pruinosa",leafhopper,0,0,3,0,https://www.inaturalist.org/observations/172859942,"2024-08-12 07:48:06"
10695,149564,leafhopper,species,"Flatormenis proxima",leafhopper,0,0,3,0,https://www.inaturalist.org/observations/172857329,"2024-08-12 07:48:06"
10696,149562,leafhopper,species,"Ormenoides venusta",leafhopper,0,0,3,0,https://www.inaturalist.org/observations/172856456,"2024-08-12 07:48:06"
10697,149560,spider,species,"Misumessus oblongus",spider,0,0,3,0,https://www.inaturalist.org/observations/172855647,"2024-08-12 07:48:06"
10698,149553,leafhopper,species,"Metcalfa pruinosa",leafhopper,0,0,3,0,https://www.inaturalist.org/observations/172853379,"2024-08-12 07:48:06"
10699,149545,fly,genus,Gymnopternus,fly,0,0,3,0,https://www.inaturalist.org/observations/172851057,"2024-08-12 07:48:06"
10700,149511,ant,subgenus,Crematogaster,ant,0,0,2,0,https://www.inaturalist.org/observations/172848994,"2024-08-12 07:51:05"
10701,149508,spider,species,"Araneus alboventris",spider,0,0,2,0,https://www.inaturalist.org/observations/172847423,"2024-08-12 07:51:05"
10702,149504,leafhopper,species,"Pelitropis rotulata",leafhopper,0,0,2,0,https://www.inaturalist.org/observations/172846900,"2024-08-12 07:51:05"
10703,149496,leafhopper,genus,Cedusa,leafhopper,0,0,2,0,https://www.inaturalist.org/observations/172845087,"2024-08-12 07:51:05"
10704,149489,leafhopper,species,"Metcalfa pruinosa",leafhopper,0,0,3,0,https://www.inaturalist.org/observations/172842941,"2024-08-12 07:51:05"
10705,149488,leafhopper,species,"Thionia bullata",leafhopper,0,0,3,0,https://www.inaturalist.org/observations/172842556,"2024-08-12 07:51:05"
10706,149485,spider,subfamily,Salticinae,spider,0,0,2,0,https://www.inaturalist.org/observations/172841370,"2024-08-12 07:51:05"
10707,149481,leafhopper,species,"Thionia bullata",leafhopper,0,0,3,0,https://www.inaturalist.org/observations/172840089,"2024-08-12 07:51:05"
10708,149477,leafhopper,species,"Thionia quinquata",leafhopper,0,0,2,0,https://www.inaturalist.org/observations/172839079,"2024-08-12 07:51:05"
10709,149476,leafhopper,species,"Thionia bullata",leafhopper,0,0,2,0,https://www.inaturalist.org/observations/172838761,"2024-08-12 07:51:05"
10710,149465,leafhopper,species,"Thionia bullata",leafhopper,0,0,3,0,https://www.inaturalist.org/observations/172838353,"2024-08-12 07:51:05"
10711,149461,beetle,family,Elateridae,beetle,0,0,2,0,https://www.inaturalist.org/observations/172837422,"2024-08-12 07:51:05"
10712,149459,fly,family,Lauxaniidae,fly,0,0,2,0,https://www.inaturalist.org/observations/172836611,"2024-08-12 07:51:05"
10713,149454,beetle,species,"Harmonia axyridis",beetle,0,0,3,0,https://www.inaturalist.org/observations/172836293,"2024-08-12 07:51:05"
10714,149453,leafhopper,species,"Flatormenis proxima",leafhopper,0,0,3,0,https://www.inaturalist.org/observations/172835901,"2024-08-12 07:51:05"
10715,149452,leafhopper,genus,Scaphoideus,leafhopper,0,0,2,0,https://www.inaturalist.org/observations/172835589,"2024-08-12 07:51:05"
10716,149450,leafhopper,species,"Flatormenis proxima",leafhopper,0,0,3,0,https://www.inaturalist.org/observations/172835231,"2024-08-12 07:51:05"
10717,149442,spider,species,"Misumessus oblongus",spider,0,0,3,0,https://www.inaturalist.org/observations/172834362,"2024-08-12 07:51:05"
10718,149428,fly,family,Aphididae,aphid,0,0,3,1,https://www.inaturalist.org/observations/172751029,"2024-08-12 07:51:05"
10719,149427,beetle,tribe,Coccinellini,beetle,1,0,3,0,https://www.inaturalist.org/observations/172750697,"2024-08-12 07:51:05"
10720,149424,beetle,species,"Polydrusus formosus",beetle,0,0,2,0,https://www.inaturalist.org/observations/172740072,"2024-08-12 07:51:05"
10721,149422,spider,genus,Philodromus,spider,0,0,2,0,https://www.inaturalist.org/observations/172738088,"2024-08-12 07:51:05"
10722,149420,beetle,species,"Cyrtepistomus castaneus",beetle,0,0,2,0,https://www.inaturalist.org/observations/172737613,"2024-08-12 07:51:05"
10723,149416,beetle,species,"Polydrusus formosus",beetle,0,0,2,0,https://www.inaturalist.org/observations/172732078,"2024-08-12 07:51:05"
10724,149415,fly,family,Phoridae,fly,0,0,2,0,https://www.inaturalist.org/observations/172731317,"2024-08-12 07:51:05"
10725,149405,fly,suborder,Brachycera,fly,0,0,2,0,https://www.inaturalist.org/observations/172726081,"2024-08-12 07:54:06"
10726,149363,fly,genus,Rivellia,fly,0,0,2,0,https://www.inaturalist.org/observations/172697007,"2024-08-12 07:54:06"
10727,149361,fly,zoosection,Schizophora,fly,0,0,2,0,https://www.inaturalist.org/observations/172696499,"2024-08-12 07:54:06"
10728,149360,ant,species,"Lasius americanus",ant,0,0,3,0,https://www.inaturalist.org/observations/172696050,"2024-08-12 07:54:06"
10729,149356,beetle,species,"Harmonia axyridis",beetle,1,0,3,0,https://www.inaturalist.org/observations/172695123,"2024-08-12 07:54:06"
10730,149354,ant,species,"Lasius americanus",ant,0,0,3,0,https://www.inaturalist.org/observations/172694000,"2024-08-12 07:54:06"
10731,149348,fly,genus,Chrysotus,fly,0,0,3,0,https://www.inaturalist.org/observations/172692901,"2024-08-12 07:54:06"
10732,149268,fly,superfamily,Muscoidea,fly,0,0,2,0,https://www.inaturalist.org/observations/172684039,"2024-08-12 07:54:06"
10733,149236,fly,family,Chironomidae,fly,0,0,2,0,https://www.inaturalist.org/observations/172681320,"2024-08-12 07:54:06"
10734,149235,fly,family,Chironomidae,fly,0,0,2,0,https://www.inaturalist.org/observations/172680787,"2024-08-12 07:54:06"
10735,149232,beetle,species,"Pseudocneorhinus bifasciatus",beetle,0,0,4,0,https://www.inaturalist.org/observations/172679800,"2024-08-12 07:54:06"
10736,149226,spider,species,"Misumessus oblongus",spider,0,0,4,0,https://www.inaturalist.org/observations/172678844,"2024-08-12 07:57:06"
10737,149201,fly,family,Sarcophagidae,fly,0,0,2,0,https://www.inaturalist.org/observations/172676823,"2024-08-12 07:57:06"
10738,149120,truebugs,family,Reduviidae,truebugs,0,0,2,0,https://www.inaturalist.org/observations/172669663,"2024-08-12 07:57:06"
10739,149119,caterpillar,genus,Acronicta,caterpillar,0,0,2,0,https://www.inaturalist.org/observations/172669336,"2024-08-12 07:57:06"
10740,149102,spider,tribe,Misumenini,spider,0,0,2,0,https://www.inaturalist.org/observations/172667806,"2024-08-12 07:57:06"
10741,149088,fly,zoosubsection,Acalyptratae,fly,0,0,2,0,https://www.inaturalist.org/observations/172582446,"2024-08-12 07:57:06"
10742,148966,moths,species,"Lymantria dispar",moths,0,0,3,0,https://www.inaturalist.org/observations/172517349,"2024-08-12 07:57:06"
10743,148962,beetle,species,"Harmonia axyridis",beetle,0,0,4,0,https://www.inaturalist.org/observations/172515891,"2024-08-12 07:57:06"
10744,148930,spider,family,Theridiidae,spider,0,0,2,0,https://www.inaturalist.org/observations/172513019,"2024-08-12 07:57:06"
10745,148901,leafhopper,species,"Flatormenis proxima",leafhopper,0,0,2,0,https://www.inaturalist.org/observations/172511723,"2024-08-12 07:57:06"
10746,148883,spider,family,Salticidae,spider,0,0,2,0,https://www.inaturalist.org/observations/172507422,"2024-08-12 08:00:06"
10747,148876,leafhopper,species,"Metcalfa pruinosa",leafhopper,0,0,2,0,https://www.inaturalist.org/observations/172504561,"2024-08-12 08:00:06"
10748,148867,leafhopper,species,"Metcalfa pruinosa",leafhopper,0,0,3,0,https://www.inaturalist.org/observations/172503411,"2024-08-12 08:00:06"
10749,148855,leafhopper,species,"Acanalonia servillei",leafhopper,0,0,3,0,https://www.inaturalist.org/observations/172501428,"2024-08-12 08:00:06"
10750,148836,leafhopper,species,"Oncometopia orbona",leafhopper,0,0,3,0,https://www.inaturalist.org/observations/172499015,"2024-08-12 08:00:06"
10751,148835,spider,genus,Araneus,spider,0,0,3,0,https://www.inaturalist.org/observations/172498732,"2024-08-12 08:00:06"
10752,148821,beetle,species,"Popillia japonica",beetle,0,0,3,0,https://www.inaturalist.org/observations/172497777,"2024-08-12 08:00:06"
10753,148799,ant,complex,"Formica fusca",ant,0,0,2,0,https://www.inaturalist.org/observations/172495946,"2024-08-12 08:00:06"
10754,148781,fly,species,"Toxonevra superba",fly,0,0,2,0,https://www.inaturalist.org/observations/172428005,"2024-08-12 08:00:06"
10755,148780,unidentified,species,"Jikradia olitoria",leafhopper,0,0,2,0,https://www.inaturalist.org/observations/172427520,"2024-08-12 08:00:06"
10756,148775,beetle,species,"Harmonia axyridis",beetle,0,0,3,0,https://www.inaturalist.org/observations/172425930,"2024-08-12 08:00:06"
10757,148774,grasshopper,species,"Melanoplus viridipes",grasshopper,0,0,2,0,https://www.inaturalist.org/observations/172425547,"2024-08-12 08:00:06"
10758,148768,moths,species,"Lymantria dispar",moths,0,0,3,0,https://www.inaturalist.org/observations/172424151,"2024-08-12 08:00:06"
10759,148766,moths,family,Erebidae,moths,0,0,4,0,https://www.inaturalist.org/observations/172423215,"2024-08-12 08:00:06"
10760,148765,leafhopper,genus,Scaphoideus,leafhopper,0,0,3,0,https://www.inaturalist.org/observations/172422804,"2024-08-12 08:00:06"
10761,148758,moths,species,"Lymantria dispar",moths,0,0,3,0,https://www.inaturalist.org/observations/172420636,"2024-08-12 08:03:06"
10762,148756,moths,species,"Lymantria dispar",moths,0,0,3,0,https://www.inaturalist.org/observations/172419666,"2024-08-12 08:03:06"
10763,148751,fly,family,Stratiomyidae,fly,0,0,3,0,https://www.inaturalist.org/observations/172418947,"2024-08-12 08:03:06"
10764,148704,daddylonglegs,species,"Leiobunum vittatum",daddylonglegs,0,0,3,0,https://www.inaturalist.org/observations/172413200,"2024-08-12 08:03:06"
10765,148703,moths,species,"Lymantria dispar",moths,0,0,3,0,https://www.inaturalist.org/observations/172412728,"2024-08-12 08:03:06"
10766,148697,caterpillar,species,"Acronicta americana",caterpillar,0,0,3,0,https://www.inaturalist.org/observations/172411662,"2024-08-12 08:03:06"
10767,148688,unidentified,species,"Neoxabea bipunctata",grasshopper,0,0,2,0,https://www.inaturalist.org/observations/172410315,"2024-08-12 08:03:06"
10768,148686,moths,species,"Lymantria dispar",moths,0,0,3,0,https://www.inaturalist.org/observations/172409348,"2024-08-12 08:03:06"
10769,148682,fly,superfamily,Muscoidea,fly,0,0,2,0,https://www.inaturalist.org/observations/172407728,"2024-08-12 08:03:06"
10770,148681,fly,zoosection,Schizophora,fly,0,0,2,0,https://www.inaturalist.org/observations/172407357,"2024-08-12 08:03:06"
10771,148679,leafhopper,species,"Jikradia olitoria",leafhopper,0,0,3,0,https://www.inaturalist.org/observations/172406900,"2024-08-12 08:03:06"
10772,148675,beetle,family,Mordellidae,beetle,0,0,2,0,https://www.inaturalist.org/observations/172405522,"2024-08-12 08:03:06"
10773,148674,fly,complex,"Condylostylus sipho",fly,0,0,3,0,https://www.inaturalist.org/observations/172405031,"2024-08-12 08:03:06"
10774,148672,spider,genus,Wulfila,spider,0,0,2,0,https://www.inaturalist.org/observations/172404620,"2024-08-12 08:03:06"
10775,148663,ant,subgenus,Myrmentoma,ant,0,0,3,0,https://www.inaturalist.org/observations/172401429,"2024-08-12 08:06:06"
10776,148661,spider,species,"Misumessus oblongus",spider,0,0,3,0,https://www.inaturalist.org/observations/172401024,"2024-08-12 08:06:06"
10777,148655,spider,tribe,Misumenini,spider,0,0,2,0,https://www.inaturalist.org/observations/172400089,"2024-08-12 08:06:06"
10778,148650,beetle,subfamily,Lampyrinae,beetle,0,0,3,0,https://www.inaturalist.org/observations/172398823,"2024-08-12 08:06:06"
10779,148646,daddylonglegs,species,"Leiobunum vittatum",daddylonglegs,0,0,2,0,https://www.inaturalist.org/observations/172397383,"2024-08-12 08:06:06"
10780,148634,daddylonglegs,species,"Leiobunum vittatum",daddylonglegs,0,0,2,0,https://www.inaturalist.org/observations/172392093,"2024-08-12 08:06:06"
10781,148633,fly,superfamily,Muscoidea,fly,0,0,2,0,https://www.inaturalist.org/observations/172391670,"2024-08-12 08:06:06"
10782,148624,spider,genus,Pelegrina,spider,0,0,3,0,https://www.inaturalist.org/observations/172387670,"2024-08-12 08:06:06"
10783,148620,leafhopper,species,"Acanalonia conica",leafhopper,0,0,3,0,https://www.inaturalist.org/observations/172386675,"2024-08-12 08:06:06"
10784,148618,leafhopper,species,"Acanalonia conica",leafhopper,0,0,3,0,https://www.inaturalist.org/observations/172385681,"2024-08-12 08:06:06"
10785,148616,leafhopper,species,"Metcalfa pruinosa",leafhopper,0,0,2,0,https://www.inaturalist.org/observations/172385210,"2024-08-12 08:06:06"
10786,148598,truebugs,genus,Sinea,truebugs,0,0,2,0,https://www.inaturalist.org/observations/172381839,"2024-08-12 08:06:06"
10787,148597,beetle,family,Elateridae,beetle,0,0,2,0,https://www.inaturalist.org/observations/172381287,"2024-08-12 08:06:06"
10788,148593,leafhopper,species,"Thionia quinquata",leafhopper,0,0,2,0,https://www.inaturalist.org/observations/172380259,"2024-08-12 08:06:06"
10789,148584,caterpillar,species,"Orgyia leucostigma",caterpillar,0,0,3,0,https://www.inaturalist.org/observations/172377907,"2024-08-12 08:06:06"
10790,148580,beetle,species,"Pseudocneorhinus bifasciatus",beetle,0,0,3,0,https://www.inaturalist.org/observations/172377008,"2024-08-12 08:06:06"
10791,148578,beetle,family,Elateridae,beetle,0,0,2,0,https://www.inaturalist.org/observations/172376000,"2024-08-12 08:09:06"
10792,148576,leafhopper,species,"Ormenoides venusta",leafhopper,0,0,3,0,https://www.inaturalist.org/observations/172375375,"2024-08-12 08:09:06"
10793,148575,beetle,species,"Pseudocneorhinus bifasciatus",beetle,0,0,3,0,https://www.inaturalist.org/observations/172375016,"2024-08-12 08:09:06"
10794,148573,spider,species,"Wulfila albens",spider,0,0,2,0,https://www.inaturalist.org/observations/172374423,"2024-08-12 08:09:06"
10795,148569,spider,genus,Mecaphesa,spider,0,0,2,0,https://www.inaturalist.org/observations/172373191,"2024-08-12 08:09:06"
10796,148568,caterpillar,species,"Hyphantria cunea",caterpillar,0,0,3,0,https://www.inaturalist.org/observations/172372768,"2024-08-12 08:09:06"
10797,148567,caterpillar,species,"Hyphantria cunea",caterpillar,0,0,3,0,https://www.inaturalist.org/observations/172372204,"2024-08-12 08:09:06"
10798,148565,beetle,family,Mordellidae,beetle,0,0,2,0,https://www.inaturalist.org/observations/172371256,"2024-08-12 08:09:06"
10799,148553,caterpillar,tribe,Orgyiini,caterpillar,0,0,2,0,https://www.inaturalist.org/observations/172369047,"2024-08-12 08:09:06"
10800,148550,leafhopper,species,"Ormenoides venusta",leafhopper,0,0,3,0,https://www.inaturalist.org/observations/172367475,"2024-08-12 08:09:06"
10801,148547,beetle,family,Elateridae,beetle,0,0,2,0,https://www.inaturalist.org/observations/172366315,"2024-08-12 08:09:06"
10802,148535,beetle,species,"Pseudocneorhinus bifasciatus",beetle,0,0,3,0,https://www.inaturalist.org/observations/172363301,"2024-08-12 08:09:06"
10803,148530,beetle,family,Elateridae,beetle,0,0,3,0,https://www.inaturalist.org/observations/172361240,"2024-08-12 08:09:06"
10804,148524,leafhopper,species,"Metcalfa pruinosa",leafhopper,0,0,3,0,https://www.inaturalist.org/observations/172359520,"2024-08-12 08:09:06"
10805,148522,beetle,species,"Harmonia axyridis",beetle,0,0,4,0,https://www.inaturalist.org/observations/172358441,"2024-08-12 08:09:06"
10806,148521,spider,species,"Verrucosa arenata",spider,0,0,3,0,https://www.inaturalist.org/observations/172358019,"2024-08-12 08:09:06"
10807,148509,spider,species,"Verrucosa arenata",spider,0,0,3,0,https://www.inaturalist.org/observations/172356021,"2024-08-12 08:09:06"
10808,148505,beetle,family,Mordellidae,beetle,0,0,2,0,https://www.inaturalist.org/observations/172355616,"2024-08-12 08:09:06"
10809,148496,beetle,superfamily,Elateroidea,beetle,0,0,2,0,https://www.inaturalist.org/observations/172355123,"2024-08-12 08:09:06"
10810,148488,beetle,species,"Pseudocneorhinus bifasciatus",beetle,0,0,2,0,https://www.inaturalist.org/observations/172353615,"2024-08-12 08:09:06"
10811,148483,spider,family,Philodromidae,spider,0,0,2,0,https://www.inaturalist.org/observations/172352305,"2024-08-12 08:09:06"
10812,148481,other,genus,Hexagenia,Ephemeroptera,0,0,2,0,https://www.inaturalist.org/observations/172351409,"2024-08-12 08:09:06"
10813,148475,spider,species,"Verrucosa arenata",spider,0,0,3,0,https://www.inaturalist.org/observations/172350345,"2024-08-12 08:12:06"
10814,148469,spider,species,"Verrucosa arenata",spider,0,0,3,0,https://www.inaturalist.org/observations/172349437,"2024-08-12 08:12:06"
10815,148464,leafhopper,tribe,Nephesini,leafhopper,0,0,2,0,https://www.inaturalist.org/observations/172349035,"2024-08-12 08:12:06"
10816,148463,caterpillar,species,"Morrisonia confusa",caterpillar,0,0,3,0,https://www.inaturalist.org/observations/172348644,"2024-08-12 08:12:06"
10817,148462,leafhopper,species,"Ormenoides venusta",leafhopper,0,0,3,0,https://www.inaturalist.org/observations/172348232,"2024-08-12 08:12:06"
10818,148456,leafhopper,tribe,Nephesini,leafhopper,0,0,2,0,https://www.inaturalist.org/observations/172346174,"2024-08-12 08:12:06"
10819,148452,truebugs,genus,Acanthocephala,truebugs,0,0,2,0,https://www.inaturalist.org/observations/172345081,"2024-08-12 08:12:06"
10820,148451,caterpillar,species,"Halysidota tessellaris",caterpillar,0,0,3,0,https://www.inaturalist.org/observations/172344623,"2024-08-12 08:12:06"
10821,148448,grasshopper,genus,Oecanthus,grasshopper,0,0,4,0,https://www.inaturalist.org/observations/172343428,"2024-08-12 08:12:06"
10822,148443,leafhopper,species,"Ormenoides venusta",leafhopper,0,0,3,0,https://www.inaturalist.org/observations/172342038,"2024-08-12 08:12:06"
10823,148442,fly,superfamily,Muscoidea,fly,0,0,2,0,https://www.inaturalist.org/observations/172341582,"2024-08-12 08:12:06"
10824,148436,beetle,family,Elateridae,beetle,0,0,2,0,https://www.inaturalist.org/observations/172340499,"2024-08-12 08:12:06"
10825,148424,spider,species,"Paraphidippus aurantius",spider,0,0,3,0,https://www.inaturalist.org/observations/172338154,"2024-08-12 08:12:06"
10826,148419,spider,species,"Misumessus oblongus",spider,0,0,4,0,https://www.inaturalist.org/observations/172337418,"2024-08-12 08:12:06"
10827,148416,other,complex,"Narceus americanus",Spirobolida,0,0,1,0,https://www.inaturalist.org/observations/172336628,"2024-08-12 08:12:06"
10828,148415,fly,superfamily,Muscoidea,fly,0,0,2,0,https://www.inaturalist.org/observations/172336216,"2024-08-12 08:12:06"
10829,148406,spider,subfamily,Salticinae,spider,0,0,2,0,https://www.inaturalist.org/observations/172334143,"2024-08-12 08:12:06"
10830,148405,spider,family,Thomisidae,spider,0,0,2,0,https://www.inaturalist.org/observations/172333691,"2024-08-12 08:12:06"
10831,148401,spider,species,"Verrucosa arenata",spider,0,0,4,0,https://www.inaturalist.org/observations/172332286,"2024-08-12 08:12:06"
10832,148397,spider,tribe,Misumenini,spider,0,0,2,0,https://www.inaturalist.org/observations/172331051,"2024-08-12 08:12:06"
10833,148390,spider,family,Thomisidae,spider,0,0,2,0,https://www.inaturalist.org/observations/172329180,"2024-08-12 08:12:06"
10834,147842,caterpillar,family,Geometridae,caterpillar,0,0,2,0,https://www.inaturalist.org/observations/172249605,"2024-08-12 08:15:06"
10835,147841,daddylonglegs,genus,Leiobunum,daddylonglegs,0,0,2,0,https://www.inaturalist.org/observations/172249287,"2024-08-12 08:15:06"
10836,147840,caterpillar,family,Geometridae,caterpillar,0,0,3,0,https://www.inaturalist.org/observations/172248967,"2024-08-12 08:15:06"
10837,148232,spider,species,"Misumessus oblongus",spider,0,0,4,0,https://www.inaturalist.org/observations/172168217,"2024-08-12 08:15:06"
10838,148228,spider,species,"Leucauge venusta",spider,0,0,3,0,https://www.inaturalist.org/observations/172164941,"2024-08-12 08:15:06"
10839,148217,spider,genus,Castianeira,spider,0,0,2,0,https://www.inaturalist.org/observations/172162274,"2024-08-12 08:15:06"
10840,148208,leafhopper,species,"Ormenoides venusta",leafhopper,0,0,3,0,https://www.inaturalist.org/observations/172160837,"2024-08-12 08:15:06"
10841,148201,caterpillar,family,Geometridae,caterpillar,0,0,2,0,https://www.inaturalist.org/observations/172159335,"2024-08-12 08:15:06"
10842,148200,fly,tribe,Aedini,fly,0,0,4,0,https://www.inaturalist.org/observations/172158898,"2024-08-12 08:15:06"
10843,148194,spider,genus,Wulfila,spider,0,0,2,0,https://www.inaturalist.org/observations/172158490,"2024-08-12 08:15:06"
10844,148181,beetle,family,Mordellidae,beetle,0,0,2,0,https://www.inaturalist.org/observations/172156859,"2024-08-12 08:15:06"
10845,148175,ant,complex,"Formica fusca",ant,0,0,3,0,https://www.inaturalist.org/observations/172156048,"2024-08-12 08:15:06"
10846,148169,ant,subgenus,Myrmentoma,ant,0,0,2,0,https://www.inaturalist.org/observations/172155204,"2024-08-12 08:15:06"
10847,148160,fly,species,"Psorophora ferox",fly,0,0,4,0,https://www.inaturalist.org/observations/172153221,"2024-08-12 08:15:06"
10848,148148,other,genus,Leucochrysa,Neuroptera,0,0,2,0,https://www.inaturalist.org/observations/172151959,"2024-08-12 08:15:06"
10849,148145,fly,family,Lauxaniidae,fly,0,0,2,0,https://www.inaturalist.org/observations/172151572,"2024-08-12 08:15:06"
10850,148130,spider,species,"Uloborus glomosus",spider,0,0,2,0,https://www.inaturalist.org/observations/172149977,"2024-08-12 08:15:06"
10851,148120,leafhopper,species,"Flatormenis proxima",leafhopper,0,0,2,0,https://www.inaturalist.org/observations/172149215,"2024-08-12 08:18:05"
10852,148119,fly,family,Limoniidae,fly,0,0,2,0,https://www.inaturalist.org/observations/172148843,"2024-08-12 08:18:05"
10853,148110,leafhopper,species,"Ormenoides venusta",leafhopper,0,0,3,0,https://www.inaturalist.org/observations/172147200,"2024-08-12 08:18:05"
10854,148108,beetle,species,"Pseudoedophrys hilleri",beetle,0,0,2,0,https://www.inaturalist.org/observations/172146786,"2024-08-12 08:18:05"
10855,148104,spider,species,"Misumessus oblongus",spider,0,0,3,0,https://www.inaturalist.org/observations/172145968,"2024-08-12 08:18:05"
10856,147886,caterpillar,order,Lepidoptera,caterpillar,0,0,2,0,https://www.inaturalist.org/observations/172080534,"2024-08-12 08:18:05"
10857,147884,ant,family,Formicidae,ant,0,0,2,0,https://www.inaturalist.org/observations/172079946,"2024-08-12 08:18:05"
10858,147871,spider,order,Araneae,spider,0,0,2,0,https://www.inaturalist.org/observations/172078543,"2024-08-12 08:18:05"
10859,147866,caterpillar,order,Lepidoptera,caterpillar,0,0,2,0,https://www.inaturalist.org/observations/172078048,"2024-08-12 08:18:05"
10860,147865,grasshopper,genus,Cyrtoxipha,grasshopper,0,0,3,0,https://www.inaturalist.org/observations/172077664,"2024-08-12 08:18:05"
10861,147864,grasshopper,genus,Cyrtoxipha,grasshopper,0,0,3,0,https://www.inaturalist.org/observations/172077245,"2024-08-12 08:18:05"
10862,147868,bee,phylum,Arthropoda,spider,0,0,1,0,https://www.inaturalist.org/observations/172076312,"2024-08-12 08:18:05"
10863,147870,grasshopper,genus,Oecanthus,grasshopper,0,0,3,0,https://www.inaturalist.org/observations/172075646,"2024-08-12 08:18:05"
10864,147883,fly,zoosubsection,Calyptratae,fly,0,0,2,0,https://www.inaturalist.org/observations/172074814,"2024-08-12 08:18:05"
10865,147889,fly,superfamily,Muscoidea,fly,0,0,2,0,https://www.inaturalist.org/observations/172072862,"2024-08-12 08:18:05"
10866,147919,spider,species,"Acanthocephala terminalis",truebugs,0,0,3,1,https://www.inaturalist.org/observations/172070022,"2024-08-12 08:18:05"
10867,147991,beetle,family,Chrysomelidae,beetle,0,0,2,0,https://www.inaturalist.org/observations/171737145,"2024-08-12 08:21:05"
10868,147810,caterpillar,species,"Cecrita biundata",caterpillar,0,0,3,0,https://www.inaturalist.org/observations/171591943,"2024-08-12 08:21:05"
10869,147800,beetle,species,"Sciaphilus asperatus",beetle,0,0,3,0,https://www.inaturalist.org/observations/171587834,"2024-08-12 08:21:05"
10870,147783,beetle,species,"Psyllobora vigintimaculata",beetle,0,0,3,0,https://www.inaturalist.org/observations/171585726,"2024-08-12 08:21:05"
10871,147775,caterpillar,species,"Hypsoropha hormos",caterpillar,0,0,3,0,https://www.inaturalist.org/observations/171583721,"2024-08-12 08:21:05"
10872,147637,grasshopper,species,"Phyllopalpus pulchellus",grasshopper,0,0,3,0,https://www.inaturalist.org/observations/171558980,"2024-08-12 08:27:06"
10873,147606,ant,genus,Camponotus,ant,0,0,2,0,https://www.inaturalist.org/observations/171553605,"2024-08-12 08:27:06"
10874,147588,ant,subgenus,Myrmentoma,ant,0,0,2,0,https://www.inaturalist.org/observations/171551526,"2024-08-12 08:27:06"
10875,147054,other,species,"Oxidus gracilis",Polydesmida,0,0,1,0,https://www.inaturalist.org/observations/171228713,"2024-08-12 08:36:05"
10876,147029,ant,complex,"Formica fusca",ant,0,0,2,0,https://www.inaturalist.org/observations/171221167,"2024-08-12 08:36:05"
10877,147005,ant,subgenus,Myrmentoma,ant,0,0,2,0,https://www.inaturalist.org/observations/171214484,"2024-08-12 08:39:04"
10878,146934,ant,complex,"Monomorium minimum",ant,0,0,2,0,https://www.inaturalist.org/observations/171194843,"2024-08-12 08:42:05"
10879,146731,truebugs,suborder,Auchenorrhyncha,leafhopper,0,0,3,1,https://www.inaturalist.org/observations/170734207,"2024-08-12 08:45:05"
10880,145452,ant,subgenus,Crematogaster,ant,0,0,2,0,https://www.inaturalist.org/observations/169957858,"2024-08-12 09:00:05"
10881,145448,ant,species,"Monomorium minimum",ant,0,0,2,0,https://www.inaturalist.org/observations/169957351,"2024-08-12 09:00:05"
10882,145435,ant,subgenus,Myrmentoma,ant,0,0,2,0,https://www.inaturalist.org/observations/169955434,"2024-08-12 09:00:05"
10883,145406,ant,species,"Monomorium minimum",ant,0,0,2,0,https://www.inaturalist.org/observations/169945778,"2024-08-12 09:00:05"
10884,145383,ant,complex,"Formica fusca",ant,0,0,2,0,https://www.inaturalist.org/observations/169939582,"2024-08-12 09:00:05"
10885,145379,ant,complex,"Formica fusca",ant,0,0,2,0,https://www.inaturalist.org/observations/169935600,"2024-08-12 09:03:06"
10886,145367,ant,complex,"Formica fusca",ant,0,0,2,0,https://www.inaturalist.org/observations/169932962,"2024-08-12 09:03:06"
10887,145204,ant,subgenus,Myrmentoma,ant,0,0,2,0,https://www.inaturalist.org/observations/169813507,"2024-08-12 09:06:04"
10888,145157,ant,subgenus,Myrmentoma,ant,0,0,2,0,https://www.inaturalist.org/observations/169804215,"2024-08-12 09:06:04"
10889,145107,ant,species,"Camponotus snellingi",ant,0,0,3,0,https://www.inaturalist.org/observations/169797435,"2024-08-12 09:06:04"
10890,145053,ant,species,"Camponotus castaneus",ant,0,0,3,0,https://www.inaturalist.org/observations/169785628,"2024-08-12 09:09:05"
10891,145016,ant,complex,"Formica fusca",ant,0,0,2,0,https://www.inaturalist.org/observations/169779120,"2024-08-12 09:09:05"
10892,144972,ant,species,"Camponotus subbarbatus",ant,0,0,2,0,https://www.inaturalist.org/observations/169767171,"2024-08-12 09:09:05"
10893,144785,ant,subgenus,Myrmentoma,ant,0,0,2,0,https://www.inaturalist.org/observations/169580952,"2024-08-12 09:15:05"
10894,144767,ant,subgenus,Crematogaster,ant,0,0,2,0,https://www.inaturalist.org/observations/169579269,"2024-08-12 09:15:05"
10895,144329,spider,genus,Araniella,spider,0,0,2,0,https://www.inaturalist.org/observations/169074741,"2024-08-12 09:18:05"
10896,144119,bee,species,"Brachyponera chinensis",ant,0,0,2,1,https://www.inaturalist.org/observations/169046464,"2024-08-12 09:21:04"
10897,143404,ant,species,"Camponotus pennsylvanicus",ant,0,0,2,0,https://www.inaturalist.org/observations/168652418,"2024-08-12 09:39:05"
10898,142313,beetle,species,"Sciaphilus asperatus",beetle,0,0,3,0,https://www.inaturalist.org/observations/167733086,"2024-08-12 09:54:05"
10899,142252,other,genus,Chrysoperla,Neuroptera,0,0,2,0,https://www.inaturalist.org/observations/167725123,"2024-08-12 09:54:05"
10900,142184,spider,tribe,Misumenini,spider,0,0,2,0,https://www.inaturalist.org/observations/167710321,"2024-08-12 09:57:04"
10901,142176,other,family,Hemerobiidae,Neuroptera,0,0,2,0,https://www.inaturalist.org/observations/167708993,"2024-08-12 09:57:04"
10902,139600,other,species,"Graphopsocus cruciatus",Psocodea,0,0,2,0,https://www.inaturalist.org/observations/166069021,"2024-07-15 09:39:05"
10903,138025,other,species,"Armadillidium nasatum",Isopoda,0,0,3,0,https://www.inaturalist.org/observations/164804251,"2024-07-08 09:54:05"
10904,137582,beetle,family,Elateridae,beetle,0,0,2,0,https://www.inaturalist.org/observations/164628426,"2024-07-01 09:42:06"
10905,151586,spider,class,Arachnida,spider,0,0,1,0,https://www.inaturalist.org/observations/174514312,"2024-08-12 07:06:06"
10906,151572,fly,species,"Condylostylus patibulatus",fly,0,0,5,0,https://www.inaturalist.org/observations/174150001,"2024-08-12 07:06:09"
10907,151570,ant,species,"Camponotus pennsylvanicus",ant,0,0,5,0,https://www.inaturalist.org/observations/174147906,"2024-08-12 07:06:10"
10908,151569,ant,genus,Myrmica,ant,0,0,2,0,https://www.inaturalist.org/observations/174147410,"2024-08-12 07:06:10"
10909,151544,fly,genus,Homoneura,fly,0,0,2,0,https://www.inaturalist.org/observations/174138504,"2024-08-12 07:06:10"
10910,151480,fly,genus,Rivellia,fly,0,0,2,0,https://www.inaturalist.org/observations/174134490,"2024-08-12 07:06:10"
10911,151472,grasshopper,genus,Anaxipha,grasshopper,0,0,2,0,https://www.inaturalist.org/observations/174133637,"2024-08-12 07:06:10"
10912,151456,ant,species,"Lasius americanus",ant,0,0,2,0,https://www.inaturalist.org/observations/174131661,"2024-08-12 07:06:10"
10914,151437,truebugs,family,Pentatomidae,truebugs,0,0,2,0,https://www.inaturalist.org/observations/174128099,"2024-08-12 07:06:10"
10915,151434,leafhopper,subgenus,Cloanthanus,leafhopper,0,0,2,0,https://www.inaturalist.org/observations/174127023,"2024-08-12 07:06:10"
10916,151430,unidentified,family,Ichneumonidae,bee,0,0,2,0,https://www.inaturalist.org/observations/174126104,"2024-08-12 07:06:10"
10917,151428,leafhopper,subgenus,Graphocephala,leafhopper,0,0,2,0,https://www.inaturalist.org/observations/174125102,"2024-08-12 07:06:10"
10918,151427,fly,complex,"Condylostylus sipho",fly,0,0,3,0,https://www.inaturalist.org/observations/174124621,"2024-08-12 07:06:10"
10919,151426,fly,complex,"Condylostylus caudatus",fly,0,0,3,0,https://www.inaturalist.org/observations/174124108,"2024-08-12 07:06:10"
10920,151421,other,complex,"Narceus americanus",Spirobolida,0,0,2,0,https://www.inaturalist.org/observations/174123616,"2024-08-12 07:06:10"
10921,151403,caterpillar,species,"Epimecis hortaria",caterpillar,0,0,3,0,https://www.inaturalist.org/observations/174119475,"2024-08-12 07:09:06"
10922,151397,caterpillar,family,Geometridae,caterpillar,0,0,2,0,https://www.inaturalist.org/observations/174118511,"2024-08-12 07:09:06"
10923,151389,caterpillar,family,Geometridae,caterpillar,0,0,2,0,https://www.inaturalist.org/observations/174117603,"2024-08-12 07:09:06"
10924,151385,caterpillar,species,"Epimecis hortaria",caterpillar,0,0,3,0,https://www.inaturalist.org/observations/174117187,"2024-08-12 07:09:06"
10925,151383,caterpillar,species,"Epimecis hortaria",caterpillar,0,0,3,0,https://www.inaturalist.org/observations/174116519,"2024-08-12 07:09:06"
10926,151381,spider,tribe,Misumenini,spider,0,0,2,0,https://www.inaturalist.org/observations/174115591,"2024-08-12 07:09:06"
10927,151379,leafhopper,species,"Ormenoides venusta",leafhopper,0,0,2,0,https://www.inaturalist.org/observations/174114560,"2024-08-12 07:09:06"
10928,151377,fly,genus,Homoneura,fly,0,0,2,0,https://www.inaturalist.org/observations/174114085,"2024-08-12 07:09:06"
10929,151369,leafhopper,tribe,Nephesini,leafhopper,0,0,2,0,https://www.inaturalist.org/observations/174112160,"2024-08-12 07:09:06"
10930,151357,leafhopper,species,"Flatormenis proxima",leafhopper,0,0,2,0,https://www.inaturalist.org/observations/174108709,"2024-08-12 07:09:06"
10931,151349,beetle,superfamily,Elateroidea,beetle,0,0,2,0,https://www.inaturalist.org/observations/174107360,"2024-08-12 07:09:06"
10932,151345,leafhopper,tribe,Nephesini,leafhopper,0,0,2,0,https://www.inaturalist.org/observations/174105718,"2024-08-12 07:09:06"
10933,151341,leafhopper,species,"Flatormenis proxima",leafhopper,0,0,2,0,https://www.inaturalist.org/observations/174104195,"2024-08-12 07:09:06"
10934,151340,spider,species,"Lyssomanes viridis",spider,0,0,3,0,https://www.inaturalist.org/observations/174103708,"2024-08-12 07:09:06"
10935,151334,caterpillar,family,Geometridae,caterpillar,0,0,2,0,https://www.inaturalist.org/observations/174102818,"2024-08-12 07:09:06"
10936,151320,ant,complex,"Monomorium minimum",ant,0,0,2,0,https://www.inaturalist.org/observations/174101445,"2024-08-12 07:09:06"
10937,151301,leafhopper,species,"Graphocephala coccinea",leafhopper,0,0,2,0,https://www.inaturalist.org/observations/174097060,"2024-08-12 07:12:06"
10938,151289,leafhopper,species,"Thionia bullata",leafhopper,0,0,2,0,https://www.inaturalist.org/observations/174095229,"2024-08-12 07:12:06"
10939,151280,spider,species,"Wulfila albens",spider,0,0,2,0,https://www.inaturalist.org/observations/174093127,"2024-08-12 07:12:06"
10940,151273,leafhopper,species,"Flatormenis proxima",leafhopper,0,0,2,0,https://www.inaturalist.org/observations/174091710,"2024-08-12 07:12:06"
10941,151264,leafhopper,species,"Jikradia olitoria",leafhopper,0,0,3,0,https://www.inaturalist.org/observations/174090179,"2024-08-12 07:12:06"
10942,151243,fly,genus,Stilpon,fly,0,0,3,0,https://www.inaturalist.org/observations/174088038,"2024-08-12 07:12:06"
10943,151242,ant,subgenus,Crematogaster,ant,0,0,2,0,https://www.inaturalist.org/observations/174087692,"2024-08-12 07:12:06"
10944,151237,caterpillar,species,"Acronicta americana",caterpillar,0,0,3,0,https://www.inaturalist.org/observations/174013248,"2024-08-12 07:12:06"
10945,151233,beetle,species,"Harmonia axyridis",beetle,1,0,3,0,https://www.inaturalist.org/observations/174010121,"2024-08-12 07:12:06"
10946,151232,beetle,genus,Photinus,beetle,0,0,3,0,https://www.inaturalist.org/observations/174009737,"2024-08-12 07:12:06"
10947,151224,fly,suborder,Brachycera,fly,0,0,2,0,https://www.inaturalist.org/observations/174005769,"2024-08-12 07:12:06"
10948,151223,beetle,family,Coccinellidae,beetle,1,0,2,0,https://www.inaturalist.org/observations/174005378,"2024-08-12 07:12:06"
10949,151220,ant,subfamily,Myrmicinae,ant,0,0,2,0,https://www.inaturalist.org/observations/173999439,"2024-08-12 07:12:06"
10950,151217,spider,family,Clubionidae,spider,0,0,2,0,https://www.inaturalist.org/observations/173998513,"2024-08-12 07:12:06"
10951,151210,fly,order,Hymenoptera,bee,0,0,5,1,https://www.inaturalist.org/observations/173996814,"2024-08-12 07:12:06"
10952,151207,fly,family,Dolichopodidae,fly,0,0,3,0,https://www.inaturalist.org/observations/173993100,"2024-08-12 07:12:06"
10953,151206,caterpillar,species,"Hypagyrtis unipunctata",caterpillar,0,0,2,0,https://www.inaturalist.org/observations/173992716,"2024-08-12 07:12:06"
10954,151205,fly,genus,Chrysotimus,fly,0,0,3,0,https://www.inaturalist.org/observations/173991761,"2024-08-12 07:12:06"
10955,151203,beetle,species,"Harmonia axyridis",beetle,1,0,4,0,https://www.inaturalist.org/observations/173989060,"2024-08-12 07:12:06"
10956,151103,fly,superfamily,Oestroidea,fly,0,0,2,0,https://www.inaturalist.org/observations/173975611,"2024-08-12 07:15:05"
10957,151030,fly,superfamily,Muscoidea,fly,0,0,2,0,https://www.inaturalist.org/observations/173966900,"2024-08-12 07:15:05"
10958,151012,beetle,species,"Coccinella septempunctata",beetle,0,0,4,0,https://www.inaturalist.org/observations/173950852,"2024-08-12 07:15:05"
10959,150924,ant,complex,"Formica fusca",ant,0,0,2,0,https://www.inaturalist.org/observations/173935880,"2024-08-12 07:15:05"
10960,150889,ant,species,"Camponotus subbarbatus",ant,0,0,3,0,https://www.inaturalist.org/observations/173932170,"2024-08-12 07:15:05"
10961,150883,ant,genus,Camponotus,ant,0,0,2,0,https://www.inaturalist.org/observations/173931361,"2024-08-12 07:15:05"
10962,150880,spider,genus,Tmarus,spider,0,0,2,0,https://www.inaturalist.org/observations/173930378,"2024-08-12 07:15:05"
10963,150879,spider,family,Philodromidae,spider,0,0,2,0,https://www.inaturalist.org/observations/173929920,"2024-08-12 07:15:05"
10964,150871,spider,species,"Micrathena gracilis",spider,0,0,4,0,https://www.inaturalist.org/observations/173929000,"2024-08-12 07:15:05"
10965,150868,spider,tribe,Misumenini,spider,0,0,3,0,https://www.inaturalist.org/observations/173928369,"2024-08-12 07:15:05"
10966,150854,fly,complex,"Condylostylus caudatus",fly,0,0,3,0,https://www.inaturalist.org/observations/173847204,"2024-08-12 07:18:06"
10967,150850,leafhopper,species,"Metcalfa pruinosa",leafhopper,0,0,3,0,https://www.inaturalist.org/observations/173845964,"2024-08-12 07:18:06"
10968,150841,fly,zoosubsection,Acalyptratae,fly,0,0,2,0,https://www.inaturalist.org/observations/173829792,"2024-08-12 07:18:06"
10969,150824,spider,superfamily,Araneoidea,spider,0,0,2,0,https://www.inaturalist.org/observations/173823748,"2024-08-12 07:18:06"
10970,150821,spider,stateofmatter,Life,spider,0,0,1,0,https://www.inaturalist.org/observations/173821883,"2024-08-12 07:18:06"
10971,150811,ant,species,"Camponotus subbarbatus",ant,0,0,4,0,https://www.inaturalist.org/observations/173819590,"2024-08-12 07:18:06"
10972,150809,spider,subfamily,Thomisinae,spider,0,0,2,0,https://www.inaturalist.org/observations/173819185,"2024-08-12 07:18:06"
10973,150805,ant,species,"Camponotus subbarbatus",ant,0,0,4,0,https://www.inaturalist.org/observations/173818358,"2024-08-12 07:18:06"
10974,150752,spider,family,Philodromidae,spider,0,0,2,0,https://www.inaturalist.org/observations/173778949,"2024-08-12 07:18:06"
10975,150749,leafhopper,species,"Acanalonia conica",leafhopper,0,0,3,0,https://www.inaturalist.org/observations/173778505,"2024-08-12 07:18:06"
10976,150748,beetle,species,"Lechriops oculatus",beetle,0,0,2,0,https://www.inaturalist.org/observations/173777998,"2024-08-12 07:18:06"
10977,150747,ant,species,"Camponotus snellingi",ant,0,0,3,0,https://www.inaturalist.org/observations/173777433,"2024-08-12 07:18:06"
10978,150745,fly,zoosubsection,Acalyptratae,fly,0,0,2,0,https://www.inaturalist.org/observations/173776487,"2024-08-12 07:18:06"
10979,150743,spider,genus,Hentzia,spider,0,0,2,0,https://www.inaturalist.org/observations/173775973,"2024-08-12 07:18:06"
10980,150717,spider,family,Trachelidae,spider,0,0,2,0,https://www.inaturalist.org/observations/173766457,"2024-08-12 07:18:06"
10981,150713,grasshopper,genus,Oecanthus,grasshopper,0,0,4,0,https://www.inaturalist.org/observations/173766011,"2024-08-12 07:18:06"
10982,150701,leafhopper,species,"Acanalonia conica",leafhopper,0,0,2,0,https://www.inaturalist.org/observations/173764351,"2024-08-12 07:18:06"
10983,150697,beetle,species,"Psyllobora vigintimaculata",beetle,0,0,3,0,https://www.inaturalist.org/observations/173763616,"2024-08-12 07:18:06"
10984,150687,spider,family,Anyphaenidae,spider,0,0,2,0,https://www.inaturalist.org/observations/173761832,"2024-08-12 07:18:06"
10985,150686,spider,tribe,Misumenini,spider,0,0,3,0,https://www.inaturalist.org/observations/173761435,"2024-08-12 07:18:06"
10986,150682,leafhopper,species,"Graphocephala versuta",leafhopper,0,0,3,0,https://www.inaturalist.org/observations/173760938,"2024-08-12 07:18:06"
10987,150681,beetle,species,"Harmonia axyridis",beetle,0,0,3,0,https://www.inaturalist.org/observations/173760529,"2024-08-12 07:18:06"
10988,150677,fly,genus,Chrysotus,fly,0,0,3,0,https://www.inaturalist.org/observations/173759803,"2024-08-12 07:18:06"
10989,150669,beetle,species,"Pseudoedophrys hilleri",beetle,0,0,2,0,https://www.inaturalist.org/observations/173757655,"2024-08-12 07:21:05"
10990,150661,spider,family,Salticidae,spider,0,0,2,0,https://www.inaturalist.org/observations/173756117,"2024-08-12 07:21:05"
10991,150660,truebugs,species,"Zelus luridus",truebugs,0,0,2,0,https://www.inaturalist.org/observations/173755762,"2024-08-12 07:21:05"
10992,150620,fly,family,Chironomidae,fly,0,0,2,0,https://www.inaturalist.org/observations/173665959,"2024-08-12 07:21:05"
10993,150616,fly,family,Chironomidae,fly,0,0,2,0,https://www.inaturalist.org/observations/173664535,"2024-08-12 07:21:05"
10994,150615,grasshopper,species,"Meconema thalassinum",grasshopper,0,0,3,0,https://www.inaturalist.org/observations/173664064,"2024-08-12 07:21:05"
10995,150614,fly,family,Chironomidae,fly,0,0,2,0,https://www.inaturalist.org/observations/173663609,"2024-08-12 07:21:05"
10996,150613,fly,family,Chironomidae,fly,0,0,2,0,https://www.inaturalist.org/observations/173663089,"2024-08-12 07:21:05"
10997,150611,fly,family,Chironomidae,fly,0,0,2,0,https://www.inaturalist.org/observations/173662142,"2024-08-12 07:21:05"
10998,150609,ant,genus,Myrmica,ant,0,0,2,0,https://www.inaturalist.org/observations/173661138,"2024-08-12 07:21:05"
10999,150607,fly,subfamily,Chironominae,fly,0,0,2,0,https://www.inaturalist.org/observations/173660064,"2024-08-12 07:21:05"
11000,150606,spider,family,Philodromidae,spider,0,0,2,0,https://www.inaturalist.org/observations/173659591,"2024-08-12 07:21:05"
11001,150603,beetle,species,"Harmonia axyridis",beetle,0,0,3,0,https://www.inaturalist.org/observations/173658058,"2024-08-12 07:21:05"
11002,150601,ant,genus,Myrmica,ant,0,0,2,0,https://www.inaturalist.org/observations/173657664,"2024-08-12 07:21:05"
11003,150594,beetle,species,"Orchestes steppensis",beetle,0,0,2,0,https://www.inaturalist.org/observations/173655677,"2024-08-12 07:21:05"
11004,150591,ant,genus,Myrmica,ant,0,0,2,0,https://www.inaturalist.org/observations/173654608,"2024-08-12 07:21:05"
11005,150589,beetle,phylum,Arthropoda,beetle,0,0,1,0,https://www.inaturalist.org/observations/173654075,"2024-08-12 07:21:05"
11006,150588,beetle,species,"Harmonia axyridis",beetle,0,0,3,0,https://www.inaturalist.org/observations/173653635,"2024-08-12 07:21:05"
11007,150587,ant,genus,Myrmica,ant,0,0,2,0,https://www.inaturalist.org/observations/173653129,"2024-08-12 07:21:05"
11008,150586,beetle,family,Chrysomelidae,beetle,0,0,2,0,https://www.inaturalist.org/observations/173652576,"2024-08-12 07:21:05"
11009,150584,beetle,species,"Trirhabda canadensis",beetle,0,0,3,0,https://www.inaturalist.org/observations/173651714,"2024-08-12 07:21:05"
11010,150582,beetle,species,"Harmonia axyridis",beetle,0,0,3,0,https://www.inaturalist.org/observations/173651239,"2024-08-12 07:21:05"
11011,150581,ant,genus,Myrmica,ant,0,0,2,0,https://www.inaturalist.org/observations/173650763,"2024-08-12 07:21:05"
11012,150579,unidentified,order,Hemiptera,truebugs,0,0,1,0,https://www.inaturalist.org/observations/173649750,"2024-08-12 07:21:05"
11013,150578,beetle,genus,Orchestes,beetle,0,0,2,0,https://www.inaturalist.org/observations/173649237,"2024-08-12 07:21:05"
11014,150577,ant,genus,Myrmica,ant,0,0,2,0,https://www.inaturalist.org/observations/173648630,"2024-08-12 07:21:05"
11015,150576,ant,genus,Myrmica,ant,0,0,2,0,https://www.inaturalist.org/observations/173648103,"2024-08-12 07:21:05"
11016,150574,beetle,species,"Orchestes steppensis",beetle,0,0,2,0,https://www.inaturalist.org/observations/173647134,"2024-08-12 07:24:05"
11017,150572,other,species,"Cepaea nemoralis",Stylommatophora,0,0,3,0,https://www.inaturalist.org/observations/173646161,"2024-08-12 07:24:05"
11018,150571,ant,genus,Myrmica,ant,0,0,2,0,https://www.inaturalist.org/observations/173645677,"2024-08-12 07:24:05"
11019,150570,ant,genus,Formica,ant,0,0,2,0,https://www.inaturalist.org/observations/173645224,"2024-08-12 07:24:05"
11020,150560,other,complex,"Forficula auricularia",Dermaptera,0,0,2,0,https://www.inaturalist.org/observations/173642711,"2024-08-12 07:24:05"
11021,150519,spider,species,"Lyssomanes viridis",spider,0,0,3,0,https://www.inaturalist.org/observations/173638708,"2024-08-12 07:24:05"
11022,150486,beetle,family,Lycidae,beetle,0,0,2,0,https://www.inaturalist.org/observations/173634208,"2024-08-12 07:24:05"
11023,150478,beetle,species,"Pseudocneorhinus bifasciatus",beetle,0,0,4,0,https://www.inaturalist.org/observations/173631939,"2024-08-12 07:24:05"
11024,150477,leafhopper,species,"Acanalonia conica",leafhopper,0,0,3,0,https://www.inaturalist.org/observations/173631560,"2024-08-12 07:24:05"
11025,150474,fly,subclass,Pterygota,leafhopper,0,0,2,1,https://www.inaturalist.org/observations/173631118,"2024-08-12 07:24:05"
11026,150473,ant,species,"Monomorium minimum",ant,0,0,2,0,https://www.inaturalist.org/observations/173630586,"2024-08-12 07:24:05"
11027,150471,leafhopper,species,"Flatormenis proxima",leafhopper,0,0,2,0,https://www.inaturalist.org/observations/173629623,"2024-08-12 07:24:05"
11028,150467,spider,family,Thomisidae,spider,0,0,2,0,https://www.inaturalist.org/observations/173628574,"2024-08-12 07:24:05"
11029,150462,spider,family,Salticidae,spider,0,0,2,0,https://www.inaturalist.org/observations/173626742,"2024-08-12 07:24:05"
11030,150458,spider,species,"Misumessus oblongus",spider,0,0,4,0,https://www.inaturalist.org/observations/173625753,"2024-08-12 07:24:05"
11031,150454,ant,species,"Camponotus subbarbatus",ant,0,0,4,0,https://www.inaturalist.org/observations/173624851,"2024-08-12 07:24:05"
11032,150446,ant,subgenus,Myrmentoma,ant,0,0,3,0,https://www.inaturalist.org/observations/173622979,"2024-08-12 07:24:05"
11033,150440,beetle,species,"Pseudocneorhinus bifasciatus",beetle,0,0,3,0,https://www.inaturalist.org/observations/173621926,"2024-08-12 07:27:06"
11034,150439,beetle,family,Elateridae,beetle,0,0,2,0,https://www.inaturalist.org/observations/173621454,"2024-08-12 07:27:06"
11035,150435,unidentified,family,Reduviidae,truebugs,0,0,1,0,https://www.inaturalist.org/observations/173620067,"2024-08-12 07:27:06"
11036,150434,spider,genus,Araneus,spider,0,0,3,0,https://www.inaturalist.org/observations/173619541,"2024-08-12 07:27:06"
11037,150431,beetle,species,"Pseudocneorhinus bifasciatus",beetle,0,0,3,0,https://www.inaturalist.org/observations/173619033,"2024-08-12 07:27:06"
11038,150420,fly,family,Chironomidae,fly,0,0,2,0,https://www.inaturalist.org/observations/173616021,"2024-08-12 07:27:06"
11039,150418,beetle,family,Elateridae,beetle,0,0,2,0,https://www.inaturalist.org/observations/173614962,"2024-08-12 07:27:06"
11040,150417,beetle,family,Elateridae,beetle,0,0,3,0,https://www.inaturalist.org/observations/173614468,"2024-08-12 07:27:06"
11041,150416,beetle,family,Elateridae,beetle,0,0,2,0,https://www.inaturalist.org/observations/173613955,"2024-08-12 07:27:06"
11042,150415,spider,family,Theridiidae,spider,0,0,2,0,https://www.inaturalist.org/observations/173613527,"2024-08-12 07:27:06"
11043,150414,leafhopper,species,"Ormenoides venusta",leafhopper,0,0,2,0,https://www.inaturalist.org/observations/173613107,"2024-08-12 07:27:06"
11044,150411,beetle,family,Elateridae,beetle,0,0,2,0,https://www.inaturalist.org/observations/173611632,"2024-08-12 07:27:06"
11045,150409,leafhopper,species,"Acanalonia conica",leafhopper,0,0,3,0,https://www.inaturalist.org/observations/173611233,"2024-08-12 07:27:06"
11046,150407,spider,species,"Verrucosa arenata",spider,0,0,3,0,https://www.inaturalist.org/observations/173610292,"2024-08-12 07:27:06"
11047,150402,beetle,species,"Cyrtepistomus castaneus",beetle,0,0,2,0,https://www.inaturalist.org/observations/173608378,"2024-08-12 07:27:06"
11048,150400,truebugs,superfamily,Pentatomoidea,truebugs,0,0,2,0,https://www.inaturalist.org/observations/173607844,"2024-08-12 07:27:06"
11049,150395,spider,species,"Paraphidippus aurantius",spider,0,0,2,0,https://www.inaturalist.org/observations/173606305,"2024-08-12 07:27:06"
11050,150391,beetle,subfamily,Eumolpinae,beetle,0,0,2,0,https://www.inaturalist.org/observations/173605669,"2024-08-12 07:27:06"
11051,150386,spider,species,"Verrucosa arenata",spider,0,0,3,0,https://www.inaturalist.org/observations/173603717,"2024-08-12 07:27:06"
11052,150384,caterpillar,species,"Hypercompe scribonia",caterpillar,0,0,2,0,https://www.inaturalist.org/observations/173602737,"2024-08-12 07:27:06"
11053,150379,leafhopper,species,"Ormenoides venusta",leafhopper,0,0,2,0,https://www.inaturalist.org/observations/173601442,"2024-08-12 07:27:06"
11054,150358,spider,genus,Colonus,spider,0,0,2,0,https://www.inaturalist.org/observations/173599230,"2024-08-12 07:27:06"
11055,150357,ant,genus,Colobopsis,ant,0,0,3,0,https://www.inaturalist.org/observations/173598680,"2024-08-12 07:27:06"
11056,150353,spider,genus,Colonus,spider,0,0,3,0,https://www.inaturalist.org/observations/173597850,"2024-08-12 07:30:06"
11057,150351,fly,genus,Homoneura,fly,0,0,2,0,https://www.inaturalist.org/observations/173597434,"2024-08-12 07:30:06"
11058,150347,ant,complex,"Formica fusca",ant,0,0,3,0,https://www.inaturalist.org/observations/173596476,"2024-08-12 07:30:06"
11059,150342,truebugs,superfamily,Pentatomoidea,truebugs,0,0,2,0,https://www.inaturalist.org/observations/173595648,"2024-08-12 07:30:06"
11060,150339,ant,family,Formicidae,ant,0,0,4,0,https://www.inaturalist.org/observations/173594349,"2024-08-12 07:30:06"
11061,150336,ant,subgenus,Myrmentoma,ant,0,0,3,0,https://www.inaturalist.org/observations/173593811,"2024-08-12 07:30:06"
11062,150330,fly,family,Lauxaniidae,fly,0,0,2,0,https://www.inaturalist.org/observations/173592912,"2024-08-12 07:30:06"
11063,150328,beetle,family,Elateridae,beetle,0,0,2,0,https://www.inaturalist.org/observations/173592544,"2024-08-12 07:30:08"
11064,150325,ant,subgenus,Crematogaster,ant,0,0,3,0,https://www.inaturalist.org/observations/173591694,"2024-08-12 07:30:08"
11065,150319,fly,complex,"Condylostylus sipho",fly,0,0,4,0,https://www.inaturalist.org/observations/173591285,"2024-08-12 07:30:08"
11066,150317,daddylonglegs,genus,Leiobunum,daddylonglegs,0,0,2,0,https://www.inaturalist.org/observations/173590881,"2024-08-12 07:30:08"
11067,150315,spider,order,Araneae,spider,0,0,2,0,https://www.inaturalist.org/observations/173590012,"2024-08-12 07:30:08"
11068,150311,leafhopper,species,"Thionia bullata",leafhopper,0,0,2,0,https://www.inaturalist.org/observations/173589703,"2024-08-12 07:30:08"
11069,150301,leafhopper,species,"Acanalonia conica",leafhopper,0,0,3,0,https://www.inaturalist.org/observations/173588042,"2024-08-12 07:30:08"
11070,150299,spider,family,Thomisidae,spider,0,0,2,0,https://www.inaturalist.org/observations/173587285,"2024-08-12 07:30:08"
11071,150291,beetle,family,Lampyridae,beetle,0,0,2,0,https://www.inaturalist.org/observations/173508553,"2024-08-12 07:30:08"
11072,150289,beetle,species,"Cyrtepistomus castaneus",beetle,0,0,2,0,https://www.inaturalist.org/observations/173508173,"2024-08-12 07:30:08"
11073,150288,fly,genus,Rivellia,fly,0,0,3,0,https://www.inaturalist.org/observations/173507783,"2024-08-12 07:30:08"
11074,150287,beetle,superfamily,Elateroidea,beetle,0,0,2,0,https://www.inaturalist.org/observations/173506094,"2024-08-12 07:30:08"
11075,150286,fly,zoosection,Schizophora,fly,0,0,2,0,https://www.inaturalist.org/observations/173505781,"2024-08-12 07:30:08"
11076,150285,beetle,species,"Harmonia axyridis",beetle,0,0,4,0,https://www.inaturalist.org/observations/173505365,"2024-08-12 07:30:08"
11077,150284,beetle,species,"Cyrtepistomus castaneus",beetle,0,0,2,0,https://www.inaturalist.org/observations/173504618,"2024-08-12 07:30:08"
11078,150280,beetle,species,"Popillia japonica",beetle,0,0,3,0,https://www.inaturalist.org/observations/173501801,"2024-08-12 07:30:08"
11079,150279,beetle,species,"Cyrtepistomus castaneus",beetle,0,0,3,0,https://www.inaturalist.org/observations/173501354,"2024-08-12 07:30:08"
11080,150270,fly,species,"Condylostylus patibulatus",fly,0,0,3,0,https://www.inaturalist.org/observations/173490829,"2024-08-12 07:30:08"
11081,150267,beetle,species,"Cyrtepistomus castaneus",beetle,0,0,2,0,https://www.inaturalist.org/observations/173488735,"2024-08-12 07:30:08"
11082,150264,beetle,species,"Harmonia axyridis",beetle,1,0,3,0,https://www.inaturalist.org/observations/173484716,"2024-08-12 07:30:08"
11083,150257,ant,genus,Formica,ant,0,0,2,0,https://www.inaturalist.org/observations/173474841,"2024-08-12 07:33:06"
11084,150253,beetle,species,"Typocerus velutinus",beetle,0,0,3,0,https://www.inaturalist.org/observations/173471731,"2024-08-12 07:33:06"
11085,150252,ant,genus,Camponotus,ant,0,0,2,0,https://www.inaturalist.org/observations/173471161,"2024-08-12 07:33:06"
11086,150249,beetle,species,"Cyrtepistomus castaneus",beetle,0,0,2,0,https://www.inaturalist.org/observations/173470099,"2024-08-12 07:33:06"
11087,150248,beetle,species,"Harmonia axyridis",beetle,0,0,3,0,https://www.inaturalist.org/observations/173469685,"2024-08-12 07:33:06"
11088,150247,fly,zoosubsection,Calyptratae,fly,0,0,2,0,https://www.inaturalist.org/observations/173469224,"2024-08-12 07:33:06"
11089,150241,beetle,species,"Harmonia axyridis",beetle,1,0,4,0,https://www.inaturalist.org/observations/173466290,"2024-08-12 07:33:06"
11090,150236,caterpillar,family,Geometridae,caterpillar,0,0,2,0,https://www.inaturalist.org/observations/173464578,"2024-08-12 07:33:06"
11091,150227,fly,superfamily,Muscoidea,fly,0,0,2,0,https://www.inaturalist.org/observations/173463462,"2024-08-12 07:33:06"
11092,150203,beetle,family,Coccinellidae,beetle,1,0,2,0,https://www.inaturalist.org/observations/173460364,"2024-08-12 07:33:06"
11093,150198,spider,species,"Verrucosa arenata",spider,0,0,3,0,https://www.inaturalist.org/observations/173459390,"2024-08-12 07:33:06"
11094,150186,fly,genus,Tanytarsus,fly,0,0,3,0,https://www.inaturalist.org/observations/173457227,"2024-08-12 07:33:06"
11095,150184,ant,complex,"Temnothorax schaumii",ant,0,0,2,0,https://www.inaturalist.org/observations/173456131,"2024-08-12 07:33:06"
11096,150182,fly,zoosection,Schizophora,fly,0,0,2,0,https://www.inaturalist.org/observations/173454952,"2024-08-12 07:33:06"
11097,150179,beetle,family,Mordellidae,beetle,0,0,2,0,https://www.inaturalist.org/observations/173454022,"2024-08-12 07:33:06"
11098,150174,fly,family,Cleridae,beetle,0,0,4,1,https://www.inaturalist.org/observations/173452389,"2024-08-12 07:33:06"
11099,150173,spider,family,Theridiidae,spider,0,0,2,0,https://www.inaturalist.org/observations/173451859,"2024-08-12 07:33:06"
11100,150172,grasshopper,genus,Oecanthus,grasshopper,0,0,3,0,https://www.inaturalist.org/observations/173451386,"2024-08-12 07:33:06"
11101,150170,fly,zoosubsection,Calyptratae,fly,0,0,3,0,https://www.inaturalist.org/observations/173450861,"2024-08-12 07:33:06"
11102,150157,fly,suborder,Brachycera,fly,0,0,2,0,https://www.inaturalist.org/observations/173444868,"2024-08-12 07:36:06"
11103,150156,grasshopper,species,"Phyllopalpus pulchellus",grasshopper,0,0,3,0,https://www.inaturalist.org/observations/173444380,"2024-08-12 07:36:06"
11104,150154,beetle,family,Mordellidae,beetle,0,0,2,0,https://www.inaturalist.org/observations/173443450,"2024-08-12 07:36:06"
11105,150153,grasshopper,species,"Phyllopalpus pulchellus",grasshopper,0,0,3,0,https://www.inaturalist.org/observations/173442990,"2024-08-12 07:36:06"
11106,149900,beetle,genus,Photinus,beetle,0,0,3,0,https://www.inaturalist.org/observations/173440913,"2024-08-12 07:36:06"
11107,149902,ant,genus,Camponotus,ant,0,0,2,0,https://www.inaturalist.org/observations/173437642,"2024-08-12 07:36:06"
11108,149907,fly,genus,Condylostylus,fly,0,0,3,0,https://www.inaturalist.org/observations/173437098,"2024-08-12 07:36:06"
11109,150150,grasshopper,genus,Oecanthus,grasshopper,0,0,3,0,https://www.inaturalist.org/observations/173435957,"2024-08-12 07:36:06"
11110,149927,beetle,family,Elateridae,beetle,0,0,2,0,https://www.inaturalist.org/observations/173435351,"2024-08-12 07:36:06"
11111,149926,beetle,species,"Photinus pyralis",beetle,0,0,2,0,https://www.inaturalist.org/observations/173433265,"2024-08-12 07:36:06"
11112,150149,caterpillar,species,"Machimia tentoriferella",caterpillar,0,0,2,0,https://www.inaturalist.org/observations/173432705,"2024-08-12 07:36:06"
11113,150145,fly,family,Chironomidae,fly,0,0,2,0,https://www.inaturalist.org/observations/173430788,"2024-08-12 07:36:06"
11114,150142,grasshopper,genus,Oecanthus,grasshopper,0,0,3,0,https://www.inaturalist.org/observations/173429840,"2024-08-12 07:36:06"
11115,150136,spider,species,"Verrucosa arenata",spider,0,0,4,0,https://www.inaturalist.org/observations/173428099,"2024-08-12 07:36:06"
11116,150135,grasshopper,species,"Phyllopalpus pulchellus",grasshopper,0,0,3,0,https://www.inaturalist.org/observations/173427609,"2024-08-12 07:36:06"
11117,150132,fly,zoosubsection,Calyptratae,fly,0,0,3,0,https://www.inaturalist.org/observations/173426645,"2024-08-12 07:36:06"
11118,150126,leafhopper,species,"Ormenoides venusta",leafhopper,0,0,2,0,https://www.inaturalist.org/observations/173423562,"2024-08-12 07:36:06"
11119,150124,grasshopper,species,"Camptonotus carolinensis",grasshopper,0,0,3,0,https://www.inaturalist.org/observations/173422994,"2024-08-12 07:39:06"
11120,150112,beetle,species,"Cyrtepistomus castaneus",beetle,0,0,2,0,https://www.inaturalist.org/observations/173419320,"2024-08-12 07:39:06"
11121,150110,caterpillar,tribe,Orgyiini,caterpillar,0,0,3,0,https://www.inaturalist.org/observations/173418933,"2024-08-12 07:39:06"
11122,150109,leafhopper,species,"Thionia quinquata",leafhopper,0,0,3,0,https://www.inaturalist.org/observations/173418477,"2024-08-12 07:39:06"
11123,150105,leafhopper,species,"Thionia quinquata",leafhopper,0,0,3,0,https://www.inaturalist.org/observations/173417131,"2024-08-12 07:39:06"
11124,150102,spider,species,"Verrucosa arenata",spider,0,0,3,0,https://www.inaturalist.org/observations/173416116,"2024-08-12 07:39:06"
11125,150099,caterpillar,species,"Halysidota tessellaris",caterpillar,0,0,4,0,https://www.inaturalist.org/observations/173415646,"2024-08-12 07:39:06"
11126,150098,beetle,species,"Cyrtepistomus castaneus",beetle,0,0,2,0,https://www.inaturalist.org/observations/173415205,"2024-08-12 07:39:06"
11127,150095,ant,species,"Camponotus subbarbatus",ant,0,0,4,0,https://www.inaturalist.org/observations/173414752,"2024-08-12 07:39:06"
11128,150092,fly,family,Cecidomyiidae,fly,0,0,3,0,https://www.inaturalist.org/observations/173414042,"2024-08-12 07:39:06"
11129,150079,beetle,species,"Cyrtepistomus castaneus",beetle,0,0,2,0,https://www.inaturalist.org/observations/173411248,"2024-08-12 07:39:06"
11130,150077,leafhopper,species,"Flatormenis proxima",leafhopper,0,0,2,0,https://www.inaturalist.org/observations/173410411,"2024-08-12 07:39:06"
11131,150076,beetle,species,"Cyrtepistomus castaneus",beetle,0,0,2,0,https://www.inaturalist.org/observations/173409999,"2024-08-12 07:39:06"
11132,150066,beetle,subfamily,Eumolpinae,beetle,0,0,2,0,https://www.inaturalist.org/observations/173408471,"2024-08-12 07:39:06"
11133,150065,beetle,species,"Falsomordellistena hebraica",beetle,0,0,3,0,https://www.inaturalist.org/observations/173408052,"2024-08-12 07:39:06"
11134,150064,ant,subgenus,Crematogaster,ant,0,0,3,0,https://www.inaturalist.org/observations/173407582,"2024-08-12 07:39:06"
11135,150057,spider,tribe,Misumenini,spider,0,0,2,0,https://www.inaturalist.org/observations/173406129,"2024-08-12 07:39:06"
11136,150056,fly,subfamily,Chironominae,fly,0,0,2,0,https://www.inaturalist.org/observations/173405684,"2024-08-12 07:39:06"
11137,150048,beetle,species,"Pseudocneorhinus bifasciatus",beetle,0,0,4,0,https://www.inaturalist.org/observations/173403516,"2024-08-12 07:39:06"
11138,150034,fly,complex,"Condylostylus sipho",fly,0,0,3,0,https://www.inaturalist.org/observations/173398365,"2024-08-12 07:39:06"
11139,150032,beetle,species,"Cyrtepistomus castaneus",beetle,0,0,2,0,https://www.inaturalist.org/observations/173246325,"2024-08-12 07:39:06"
11140,150019,beetle,species,"Harmonia axyridis",beetle,1,0,4,0,https://www.inaturalist.org/observations/173107400,"2024-08-12 07:39:06"
11141,149959,ant,family,Alydidae,truebugs,0,0,3,1,https://www.inaturalist.org/observations/173019200,"2024-08-12 07:42:04"
11142,149875,caterpillar,subfamily,Noctuinae,caterpillar,0,0,2,0,https://www.inaturalist.org/observations/172912236,"2024-08-12 07:42:04"
11143,149796,beetle,species,"Sciaphilus asperatus",beetle,0,0,2,0,https://www.inaturalist.org/observations/172902999,"2024-08-12 07:42:04"
11144,149738,caterpillar,tribe,Orgyiini,caterpillar,0,0,3,0,https://www.inaturalist.org/observations/172891660,"2024-08-12 07:45:05"
11145,149655,beetle,family,Chrysomelidae,beetle,0,0,2,0,https://www.inaturalist.org/observations/172874956,"2024-08-12 07:45:05"
11146,149640,beetle,family,Scarabaeidae,beetle,0,0,2,0,https://www.inaturalist.org/observations/172871390,"2024-08-12 07:48:06"
11147,149633,beetle,family,Elateridae,beetle,0,0,2,0,https://www.inaturalist.org/observations/172870532,"2024-08-12 07:48:06"
11148,149615,beetle,family,Elateridae,beetle,0,0,2,0,https://www.inaturalist.org/observations/172867353,"2024-08-12 07:48:06"
11149,149590,beetle,family,Elateridae,beetle,0,0,2,0,https://www.inaturalist.org/observations/172863592,"2024-08-12 07:48:06"
11150,149573,beetle,species,"Cyrtepistomus castaneus",beetle,0,0,2,0,https://www.inaturalist.org/observations/172859520,"2024-08-12 07:48:06"
11151,149514,beetle,genus,Podabrus,beetle,0,0,3,0,https://www.inaturalist.org/observations/172849368,"2024-08-12 07:51:05"
11152,149500,caterpillar,species,"Hyphantria cunea",caterpillar,0,0,3,0,https://www.inaturalist.org/observations/172845994,"2024-08-12 07:51:05"
11153,149494,beetle,genus,Rhagonycha,beetle,0,0,3,0,https://www.inaturalist.org/observations/172844640,"2024-08-12 07:51:05"
11154,149492,beetle,species,"Synolabus bipustulatus",beetle,0,0,2,0,https://www.inaturalist.org/observations/172843777,"2024-08-12 07:51:05"
11155,149487,beetle,species,"Pseudocneorhinus bifasciatus",beetle,0,0,3,0,https://www.inaturalist.org/observations/172842222,"2024-08-12 07:51:05"
11156,149483,caterpillar,subfamily,Lymantriinae,caterpillar,0,0,2,0,https://www.inaturalist.org/observations/172840900,"2024-08-12 07:51:05"
11157,149480,caterpillar,species,"Paectes abrostoloides",caterpillar,0,0,2,0,https://www.inaturalist.org/observations/172839583,"2024-08-12 07:51:05"
11158,149460,beetle,species,"Cyrtepistomus castaneus",beetle,0,0,2,0,https://www.inaturalist.org/observations/172836997,"2024-08-12 07:51:05"
11159,149425,aphid,suborder,Sternorrhyncha,aphid,0,0,1,0,https://www.inaturalist.org/observations/172749993,"2024-08-12 07:51:05"
11160,149357,beetle,species,"Harmonia axyridis",beetle,1,0,4,0,https://www.inaturalist.org/observations/172695612,"2024-08-12 07:54:06"
11161,149349,beetle,species,"Propylea quatuordecimpunctata",beetle,1,0,4,0,https://www.inaturalist.org/observations/172693399,"2024-08-12 07:54:06"
11162,149346,beetle,genus,Pyropyga,beetle,0,0,3,0,https://www.inaturalist.org/observations/172692305,"2024-08-12 07:54:06"
11163,149213,caterpillar,genus,Acronicta,caterpillar,0,0,2,0,https://www.inaturalist.org/observations/172677653,"2024-08-12 07:57:06"
11164,149115,moths,genus,Blastobasis,moths,0,0,2,0,https://www.inaturalist.org/observations/172668957,"2024-08-12 07:57:06"
11165,148889,beetle,subclass,Pterygota,leafhopper,0,0,2,1,https://www.inaturalist.org/observations/172509726,"2024-08-12 08:00:06"
11166,148615,beetle,species,"Pseudocneorhinus bifasciatus",beetle,0,0,4,0,https://www.inaturalist.org/observations/172384788,"2024-08-12 08:06:06"
11167,148605,beetle,species,"Cyrtepistomus castaneus",beetle,0,0,3,0,https://www.inaturalist.org/observations/172383210,"2024-08-12 08:06:06"
11168,148404,caterpillar,species,"Hypsoropha hormos",caterpillar,0,0,2,0,https://www.inaturalist.org/observations/172333295,"2024-08-12 08:12:06"
11169,148403,moths,species,"Ilexia intractata",moths,0,0,2,0,https://www.inaturalist.org/observations/172332728,"2024-08-12 08:12:06"
11170,148150,beetle,species,"Neoclytus scutellaris",beetle,0,0,3,0,https://www.inaturalist.org/observations/172152385,"2024-08-12 08:15:06"
11171,147792,caterpillar,species,"Orgyia leucostigma",caterpillar,0,0,4,0,https://www.inaturalist.org/observations/171587377,"2024-08-12 08:21:05"
11172,147596,beetle,species,"Harmonia axyridis",beetle,1,0,3,0,https://www.inaturalist.org/observations/171552203,"2024-08-12 08:27:06"
11173,147313,fly,subclass,Pterygota,Psocodea,0,0,2,1,https://www.inaturalist.org/observations/171391475,"2024-08-12 08:30:09"
11174,147197,moths,genus,Proteoteras,moths,0,0,2,0,https://www.inaturalist.org/observations/171371619,"2024-08-12 08:33:05"
11175,146045,caterpillar,subclass,Pterygota,bee,0,1,2,1,https://www.inaturalist.org/observations/170308642,"2024-08-12 08:51:04"
11176,145585,caterpillar,species,"Amphipyra pyramidoides",caterpillar,0,0,3,0,https://www.inaturalist.org/observations/169991006,"2024-08-12 09:00:05"
11177,145092,moths,subclass,Pterygota,leafhopper,0,0,2,1,https://www.inaturalist.org/observations/169794151,"2024-08-12 09:06:04"
11178,140684,ant,species,"Camponotus subbarbatus",ant,0,0,2,0,https://www.inaturalist.org/observations/167005094,"2024-07-22 09:42:06"
11179,140259,ant,complex,"Formica fusca",ant,0,0,2,0,https://www.inaturalist.org/observations/166472430,"2024-07-22 09:45:06"
11180,140254,ant,complex,"Formica fusca",ant,0,0,2,0,https://www.inaturalist.org/observations/166471401,"2024-07-22 09:45:06"
11181,139934,ant,subgenus,Myrmentoma,ant,0,0,2,0,https://www.inaturalist.org/observations/166407312,"2024-07-22 09:51:06"
11182,138541,ant,subgenus,Myrmentoma,ant,0,0,2,0,https://www.inaturalist.org/observations/165148780,"2024-07-08 09:45:05"
11183,138228,ant,subgenus,Crematogaster,ant,0,0,2,0,https://www.inaturalist.org/observations/164977985,"2024-07-08 09:51:05"
11184,137971,ant,complex,"Formica fusca",ant,0,0,2,0,https://www.inaturalist.org/observations/164797161,"2024-07-08 09:57:05"
11185,137454,ant,complex,"Formica fusca",ant,0,0,2,0,https://www.inaturalist.org/observations/164031680,"2024-07-01 09:45:07"
11186,137368,ant,subgenus,Lasius,ant,0,0,2,0,https://www.inaturalist.org/observations/164005538,"2024-07-01 09:48:05"
11187,135382,ant,complex,"Formica fusca",ant,0,0,2,0,https://www.inaturalist.org/observations/162348243,"2024-06-17 09:30:08"
11188,135378,ant,complex,"Formica fusca",ant,0,0,2,0,https://www.inaturalist.org/observations/162346637,"2024-06-17 09:30:08"
11189,135349,ant,complex,"Formica fusca",ant,0,0,2,0,https://www.inaturalist.org/observations/162342551,"2024-06-17 09:33:07"
11190,135225,ant,subgenus,Myrmentoma,ant,0,0,2,0,https://www.inaturalist.org/observations/162326874,"2024-06-17 09:33:07"
11191,135179,ant,species,"Prenolepis imparis",ant,0,0,2,0,https://www.inaturalist.org/observations/162316270,"2024-06-17 09:36:07"
11192,135120,ant,complex,"Formica fusca",ant,0,0,2,0,https://www.inaturalist.org/observations/162300050,"2024-06-17 09:36:07"
11193,135080,ant,genus,Nylanderia,ant,0,0,2,0,https://www.inaturalist.org/observations/162184912,"2024-06-17 09:39:07"
11194,134877,ant,subgenus,Myrmentoma,ant,0,0,2,0,https://www.inaturalist.org/observations/161974873,"2024-06-17 09:45:07"
11195,134865,ant,subgenus,Myrmentoma,ant,0,0,2,0,https://www.inaturalist.org/observations/161973026,"2024-06-17 09:45:07"
11196,134859,ant,species,"Camponotus snellingi",ant,0,0,2,0,https://www.inaturalist.org/observations/161971888,"2024-06-17 09:45:07"
11197,134829,ant,species,"Camponotus castaneus",ant,0,0,3,0,https://www.inaturalist.org/observations/161967470,"2024-06-17 09:45:07"
11198,134794,ant,subgenus,Crematogaster,ant,0,0,2,0,https://www.inaturalist.org/observations/161823137,"2024-06-17 09:45:07"
11199,134790,ant,subgenus,Crematogaster,ant,0,0,2,0,https://www.inaturalist.org/observations/161821398,"2024-06-17 09:45:07"
11200,134763,ant,subgenus,Crematogaster,ant,0,0,2,0,https://www.inaturalist.org/observations/161814646,"2024-06-17 09:48:06"
11201,134762,ant,subgenus,Myrmentoma,ant,0,0,2,0,https://www.inaturalist.org/observations/161814176,"2024-06-17 09:48:06"
11202,134739,ant,subgenus,Myrmentoma,ant,0,0,2,0,https://www.inaturalist.org/observations/161807064,"2024-06-17 09:48:06"
11203,134738,ant,species,"Prenolepis imparis",ant,0,0,2,0,https://www.inaturalist.org/observations/161806676,"2024-06-17 09:48:06"
11204,134728,ant,species,"Camponotus snellingi",ant,0,0,2,0,https://www.inaturalist.org/observations/161802853,"2024-06-17 09:48:06"
11205,134090,bee,genus,Xyela,bee,0,1,2,1,https://www.inaturalist.org/observations/159770146,"2024-06-17 09:57:07"
11206,133512,caterpillar,subclass,Pterygota,fly,0,0,2,1,https://www.inaturalist.org/observations/159713154,"2024-06-10 09:27:05"
11207,152061,caterpillar,order,Lepidoptera,caterpillar,0,0,2,0,https://www.inaturalist.org/observations/175711783,"2024-08-12 06:33:04"
11208,152053,fly,species,"Toxomerus politus",fly,0,0,4,0,https://www.inaturalist.org/observations/175711471,"2024-08-12 06:33:04"
11209,152030,caterpillar,family,Geometridae,caterpillar,0,0,2,0,https://www.inaturalist.org/observations/175711089,"2024-08-12 06:33:04"
11210,152027,caterpillar,family,Geometridae,caterpillar,0,0,2,0,https://www.inaturalist.org/observations/175710290,"2024-08-12 06:33:04"
11211,152040,spider,genus,Philodromus,spider,0,0,2,0,https://www.inaturalist.org/observations/175709407,"2024-08-12 06:33:04"
11212,152039,beetle,species,"Chrysochus auratus",beetle,0,0,3,0,https://www.inaturalist.org/observations/175709018,"2024-08-12 06:33:04"
11213,152056,spider,tribe,Dendryphantini,spider,0,0,2,0,https://www.inaturalist.org/observations/175708066,"2024-08-12 06:33:04"
11214,152066,leafhopper,species,"Ormenoides venusta",leafhopper,0,0,2,0,https://www.inaturalist.org/observations/175706853,"2024-08-12 06:33:04"
11215,153219,caterpillar,species,"Halysidota tessellaris",caterpillar,0,0,3,0,https://www.inaturalist.org/observations/175401211,"2024-08-12 06:33:04"
11216,153216,caterpillar,species,"Halysidota tessellaris",caterpillar,0,0,3,0,https://www.inaturalist.org/observations/175400730,"2024-08-12 06:33:04"
11217,153184,truebugs,superfamily,Pentatomoidea,truebugs,0,0,2,0,https://www.inaturalist.org/observations/175399805,"2024-08-12 06:33:04"
11218,153122,caterpillar,species,"Hypsoropha hormos",caterpillar,0,0,2,0,https://www.inaturalist.org/observations/175398031,"2024-08-12 06:33:04"
11219,153084,spider,genus,Mecaphesa,spider,0,0,2,0,https://www.inaturalist.org/observations/175397496,"2024-08-12 06:33:04"
11220,153083,truebugs,subfamily,Emesinae,truebugs,0,0,2,0,https://www.inaturalist.org/observations/175397068,"2024-08-12 06:33:04"
11221,153077,caterpillar,family,Geometridae,caterpillar,0,0,2,0,https://www.inaturalist.org/observations/175396180,"2024-08-12 06:33:04"
11222,153068,caterpillar,order,Lepidoptera,caterpillar,0,0,2,0,https://www.inaturalist.org/observations/175395685,"2024-08-12 06:33:04"
11223,153063,caterpillar,order,Lepidoptera,caterpillar,0,0,2,0,https://www.inaturalist.org/observations/175395216,"2024-08-12 06:33:04"
11224,153057,caterpillar,order,Lepidoptera,caterpillar,0,0,2,0,https://www.inaturalist.org/observations/175393759,"2024-08-12 06:33:04"
11225,153056,caterpillar,order,Lepidoptera,caterpillar,0,0,2,0,https://www.inaturalist.org/observations/175393297,"2024-08-12 06:33:04"
11226,153054,caterpillar,species,"Hypsoropha hormos",caterpillar,0,0,2,0,https://www.inaturalist.org/observations/175392729,"2024-08-12 06:33:04"
11227,153050,caterpillar,order,Lepidoptera,caterpillar,0,0,2,0,https://www.inaturalist.org/observations/175391801,"2024-08-12 06:33:04"
11228,153049,caterpillar,species,"Ancylis platanana",caterpillar,0,0,2,0,https://www.inaturalist.org/observations/175391346,"2024-08-12 06:33:04"
11229,153048,caterpillar,order,Lepidoptera,caterpillar,0,0,2,0,https://www.inaturalist.org/observations/175390855,"2024-08-12 06:33:04"
11230,153047,caterpillar,order,Lepidoptera,caterpillar,0,0,2,0,https://www.inaturalist.org/observations/175390268,"2024-08-12 06:33:04"
11231,153043,caterpillar,family,Geometridae,caterpillar,0,0,2,0,https://www.inaturalist.org/observations/175389318,"2024-08-12 06:33:04"
11232,153039,caterpillar,family,Geometridae,caterpillar,0,0,2,0,https://www.inaturalist.org/observations/175388871,"2024-08-12 06:36:05"
11233,153038,caterpillar,family,Geometridae,caterpillar,0,0,2,0,https://www.inaturalist.org/observations/175388429,"2024-08-12 06:36:05"
11234,153036,grasshopper,species,"Zelus luridus",truebugs,0,0,3,1,https://www.inaturalist.org/observations/175387498,"2024-08-12 06:36:05"
11235,153035,beetle,species,"Popillia japonica",beetle,0,0,3,0,https://www.inaturalist.org/observations/175387072,"2024-08-12 06:36:05"
11236,153031,caterpillar,tribe,Orgyiini,caterpillar,0,0,2,0,https://www.inaturalist.org/observations/175386651,"2024-08-12 06:36:05"
11237,153028,caterpillar,family,Geometridae,caterpillar,0,0,2,0,https://www.inaturalist.org/observations/175386241,"2024-08-12 06:36:05"
11238,153027,caterpillar,species,"Epimecis hortaria",caterpillar,0,0,3,0,https://www.inaturalist.org/observations/175385748,"2024-08-12 06:36:05"
11239,153023,caterpillar,superfamily,Noctuoidea,caterpillar,0,0,2,0,https://www.inaturalist.org/observations/175384825,"2024-08-12 06:36:05"
11240,153021,grasshopper,species,"Oecanthus niveus",grasshopper,0,0,3,0,https://www.inaturalist.org/observations/175384302,"2024-08-12 06:36:05"
11241,153014,caterpillar,species,"Euclea delphinii",caterpillar,0,0,3,0,https://www.inaturalist.org/observations/175383293,"2024-08-12 06:36:05"
11242,153013,spider,species,"Verrucosa arenata",spider,0,0,3,0,https://www.inaturalist.org/observations/175382864,"2024-08-12 06:36:05"
11243,153010,bee,subfamily,Nematinae,bee,0,1,2,0,https://www.inaturalist.org/observations/175381708,"2024-08-12 06:36:05"
11244,153009,caterpillar,family,Geometridae,caterpillar,0,0,2,0,https://www.inaturalist.org/observations/175381206,"2024-08-12 06:36:05"
11245,153005,caterpillar,family,Geometridae,caterpillar,0,0,2,0,https://www.inaturalist.org/observations/175380691,"2024-08-12 06:36:05"
11246,153004,spider,species,"Verrucosa arenata",spider,0,0,3,0,https://www.inaturalist.org/observations/175380211,"2024-08-12 06:36:05"
11247,153001,caterpillar,superfamily,Noctuoidea,caterpillar,0,0,2,0,https://www.inaturalist.org/observations/175379820,"2024-08-12 06:36:05"
11248,152996,caterpillar,order,Lepidoptera,caterpillar,0,0,2,0,https://www.inaturalist.org/observations/175379374,"2024-08-12 06:36:05"
11249,152995,caterpillar,family,Geometridae,caterpillar,0,0,3,0,https://www.inaturalist.org/observations/175378803,"2024-08-12 06:36:05"
11250,152994,ant,species,"Pseudomyrmex ejectus",ant,0,0,3,0,https://www.inaturalist.org/observations/175378256,"2024-08-12 06:36:05"
11251,152981,caterpillar,superfamily,Noctuoidea,caterpillar,0,0,2,0,https://www.inaturalist.org/observations/175376245,"2024-08-12 06:36:05"
11252,152977,caterpillar,superfamily,Noctuoidea,caterpillar,0,0,2,0,https://www.inaturalist.org/observations/175375443,"2024-08-12 06:36:05"
11253,152970,caterpillar,family,Geometridae,caterpillar,0,0,2,0,https://www.inaturalist.org/observations/175374188,"2024-08-12 06:36:05"
11254,152967,caterpillar,family,Geometridae,caterpillar,0,0,2,0,https://www.inaturalist.org/observations/175373140,"2024-08-12 06:36:05"
11255,152951,caterpillar,family,Geometridae,caterpillar,0,0,2,0,https://www.inaturalist.org/observations/175371317,"2024-08-12 06:36:05"
11256,152948,spider,subfamily,Araneinae,spider,0,0,2,0,https://www.inaturalist.org/observations/175370926,"2024-08-12 06:36:05"
11257,152943,caterpillar,family,Geometridae,caterpillar,0,0,2,0,https://www.inaturalist.org/observations/175370137,"2024-08-12 06:36:05"
11258,152928,caterpillar,order,Lepidoptera,caterpillar,0,0,2,0,https://www.inaturalist.org/observations/175369458,"2024-08-12 06:36:05"
11259,152927,caterpillar,family,Geometridae,caterpillar,0,0,2,0,https://www.inaturalist.org/observations/175369049,"2024-08-12 06:36:05"
11260,152920,truebugs,species,"Chinavia hilaris",truebugs,0,0,4,0,https://www.inaturalist.org/observations/175368627,"2024-08-12 06:36:05"
11261,152905,ant,species,"Camponotus subbarbatus",ant,0,0,3,0,https://www.inaturalist.org/observations/175367686,"2024-08-12 06:36:05"
11262,152902,caterpillar,family,Geometridae,caterpillar,0,0,2,0,https://www.inaturalist.org/observations/175366369,"2024-08-12 06:36:05"
11263,152900,spider,tribe,Misumenini,spider,0,0,2,0,https://www.inaturalist.org/observations/175365983,"2024-08-12 06:36:05"
11264,152885,grasshopper,genus,Cycloptilum,grasshopper,0,0,2,0,https://www.inaturalist.org/observations/175363670,"2024-08-12 06:39:04"
11265,152808,caterpillar,genus,Panopoda,caterpillar,0,0,2,0,https://www.inaturalist.org/observations/175356807,"2024-08-12 06:39:04"
11266,152790,spider,family,Araneidae,spider,0,0,2,0,https://www.inaturalist.org/observations/175354517,"2024-08-12 06:39:04"
11267,152743,spider,family,Philodromidae,spider,0,0,2,0,https://www.inaturalist.org/observations/175349437,"2024-08-12 06:39:04"
11268,152713,caterpillar,order,Lepidoptera,caterpillar,0,0,2,0,https://www.inaturalist.org/observations/175247396,"2024-08-12 06:42:05"
11269,152711,caterpillar,order,Lepidoptera,caterpillar,0,0,2,0,https://www.inaturalist.org/observations/175246223,"2024-08-12 06:42:05"
11270,152701,spider,species,"Uloborus glomosus",spider,0,0,2,0,https://www.inaturalist.org/observations/175243826,"2024-08-12 06:42:05"
11271,152682,spider,stateofmatter,Life,spider,0,0,1,0,https://www.inaturalist.org/observations/175239438,"2024-08-12 06:42:05"
11272,152651,ant,subfamily,Myrmicinae,ant,0,0,3,0,https://www.inaturalist.org/observations/175228251,"2024-08-12 06:42:05"
11273,152639,ant,species,"Lasius americanus",ant,0,0,3,0,https://www.inaturalist.org/observations/175225225,"2024-08-12 06:42:05"
11275,152622,fly,family,Sarcophagidae,fly,0,0,2,0,https://www.inaturalist.org/observations/175217264,"2024-08-12 06:42:05"
11276,152599,caterpillar,family,Geometridae,caterpillar,0,0,2,0,https://www.inaturalist.org/observations/175213265,"2024-08-12 06:42:05"
11277,152572,spider,family,Salticidae,spider,0,0,2,0,https://www.inaturalist.org/observations/175210262,"2024-08-12 06:42:05"
11278,152571,caterpillar,family,Geometridae,caterpillar,0,0,2,0,https://www.inaturalist.org/observations/175209790,"2024-08-12 06:42:05"
11279,152546,spider,phylum,Arthropoda,spider,0,0,1,0,https://www.inaturalist.org/observations/175207381,"2024-08-12 06:42:05"
11280,152531,spider,genus,Tutelina,spider,0,0,2,0,https://www.inaturalist.org/observations/175205924,"2024-08-12 06:42:05"
11281,152521,ant,complex,"Formica fusca",ant,0,0,2,0,https://www.inaturalist.org/observations/175204726,"2024-08-12 06:42:05"
11282,152487,ant,subgenus,Crematogaster,ant,0,0,2,0,https://www.inaturalist.org/observations/175201256,"2024-08-12 06:42:05"
11283,152478,ant,subgenus,Myrmentoma,ant,0,0,2,0,https://www.inaturalist.org/observations/175200187,"2024-08-12 06:42:05"
11284,152476,caterpillar,order,Lepidoptera,caterpillar,0,0,2,0,https://www.inaturalist.org/observations/175199697,"2024-08-12 06:42:05"
11285,152471,beetle,family,Elateridae,beetle,0,0,2,0,https://www.inaturalist.org/observations/175198760,"2024-08-12 06:42:05"
11286,152461,spider,genus,Colonus,spider,0,0,3,0,https://www.inaturalist.org/observations/175198429,"2024-08-12 06:45:04"
11287,152450,other,suborder,Helicina,Stylommatophora,0,0,1,0,https://www.inaturalist.org/observations/175197721,"2024-08-12 06:45:04"
11288,152446,leafhopper,species,"Ormenoides venusta",leafhopper,0,0,2,0,https://www.inaturalist.org/observations/175197014,"2024-08-12 06:45:04"
11289,152444,spider,tribe,Misumenini,spider,0,0,2,0,https://www.inaturalist.org/observations/175196340,"2024-08-12 06:45:04"
11290,152423,caterpillar,order,Lepidoptera,caterpillar,0,0,2,0,https://www.inaturalist.org/observations/175122286,"2024-08-12 06:45:04"
11291,152422,caterpillar,family,Geometridae,caterpillar,0,0,2,0,https://www.inaturalist.org/observations/175121914,"2024-08-12 06:45:04"
11292,152421,caterpillar,family,Geometridae,caterpillar,0,0,2,0,https://www.inaturalist.org/observations/175121554,"2024-08-12 06:45:04"
11293,152405,caterpillar,order,Lepidoptera,caterpillar,0,0,2,0,https://www.inaturalist.org/observations/175117986,"2024-08-12 06:45:04"
11294,152398,caterpillar,order,Lepidoptera,caterpillar,0,0,2,0,https://www.inaturalist.org/observations/175116351,"2024-08-12 06:45:04"
11295,152392,caterpillar,order,Lepidoptera,caterpillar,0,0,2,0,https://www.inaturalist.org/observations/175115925,"2024-08-12 06:45:04"
11296,152365,caterpillar,species,"Caliroa quercuscoccineae",bee,0,1,3,1,https://www.inaturalist.org/observations/175109383,"2024-08-12 06:45:04"
11298,152361,fly,genus,Homoneura,fly,0,0,2,0,https://www.inaturalist.org/observations/175107735,"2024-08-12 06:45:04"
11299,152321,spider,genus,Anyphaena,spider,0,0,2,0,https://www.inaturalist.org/observations/175060275,"2024-08-12 06:45:04"
11300,152311,fly,family,Tingidae,truebugs,0,0,4,1,https://www.inaturalist.org/observations/175050729,"2024-08-12 06:45:04"
11301,152309,spider,species,"Enoplognatha ovata",spider,0,0,4,0,https://www.inaturalist.org/observations/175047447,"2024-08-12 06:45:04"
11302,152302,caterpillar,genus,Acronicta,caterpillar,0,0,2,0,https://www.inaturalist.org/observations/175046083,"2024-08-12 06:45:04"
11303,152290,caterpillar,genus,Acronicta,caterpillar,0,0,2,0,https://www.inaturalist.org/observations/175045560,"2024-08-12 06:45:04"
11304,152256,spider,genus,Phidippus,spider,0,0,3,0,https://www.inaturalist.org/observations/175043932,"2024-08-12 06:45:04"
11305,152235,leafhopper,species,"Prosapia bicincta",leafhopper,0,0,4,0,https://www.inaturalist.org/observations/175043339,"2024-08-12 06:45:04"
11306,152234,spider,genus,Phidippus,spider,0,0,3,0,https://www.inaturalist.org/observations/175042923,"2024-08-12 06:45:04"
11307,152232,ant,genus,Crematogaster,ant,0,0,2,0,https://www.inaturalist.org/observations/175042077,"2024-08-12 06:45:04"
11308,152230,beetle,species,"Coccinella septempunctata",beetle,0,0,3,0,https://www.inaturalist.org/observations/175041610,"2024-08-12 06:45:04"
11309,152226,leafhopper,species,"Graphocephala coccinea",leafhopper,0,0,2,0,https://www.inaturalist.org/observations/175040719,"2024-08-12 06:45:04"
11310,152224,beetle,species,"Cryptocephalus badius",beetle,0,0,4,0,https://www.inaturalist.org/observations/175040263,"2024-08-12 06:45:04"
11311,152218,beetle,species,"Pseudoedophrys hilleri",beetle,0,0,3,0,https://www.inaturalist.org/observations/175039880,"2024-08-12 06:45:04"
11312,152213,spider,subfamily,Salticinae,spider,0,0,2,0,https://www.inaturalist.org/observations/175038391,"2024-08-12 06:45:04"
11313,152211,spider,species,"Hentzia palmarum",spider,0,0,3,0,https://www.inaturalist.org/observations/175037897,"2024-08-12 06:45:04"
11314,152206,beetle,species,"Harmonia axyridis",beetle,0,0,3,0,https://www.inaturalist.org/observations/175036274,"2024-08-12 06:48:04"
11315,152205,leafhopper,species,"Acanalonia conica",leafhopper,0,0,3,0,https://www.inaturalist.org/observations/175035804,"2024-08-12 06:48:04"
11316,152203,leafhopper,species,"Acanalonia servillei",leafhopper,0,0,3,0,https://www.inaturalist.org/observations/175034970,"2024-08-12 06:48:04"
11317,152192,ant,genus,Camponotus,ant,0,0,2,0,https://www.inaturalist.org/observations/175032781,"2024-08-12 06:48:04"
11318,152188,ant,species,"Camponotus pennsylvanicus",ant,0,0,3,0,https://www.inaturalist.org/observations/175031913,"2024-08-12 06:48:04"
11319,152186,grasshopper,suborder,Ensifera,grasshopper,0,0,2,0,https://www.inaturalist.org/observations/175030889,"2024-08-12 06:48:04"
11320,152167,leafhopper,species,"Flatormenis proxima",leafhopper,0,0,2,0,https://www.inaturalist.org/observations/175028267,"2024-08-12 06:48:04"
11321,152161,truebugs,family,Pentatomidae,truebugs,0,0,3,0,https://www.inaturalist.org/observations/175027458,"2024-08-12 06:48:04"
11322,152145,spider,family,Agelenidae,spider,0,0,2,0,https://www.inaturalist.org/observations/175021277,"2024-08-12 06:48:04"
11323,152144,fly,zoosubsection,Acalyptratae,fly,0,0,2,0,https://www.inaturalist.org/observations/175020942,"2024-08-12 06:48:04"
11324,152143,fly,family,Calliphoridae,fly,0,0,2,0,https://www.inaturalist.org/observations/175020559,"2024-08-12 06:48:04"
11325,152139,fly,family,Lauxaniidae,fly,0,0,2,0,https://www.inaturalist.org/observations/175018220,"2024-08-12 06:48:04"
11326,152119,fly,genus,Condylostylus,fly,0,0,4,0,https://www.inaturalist.org/observations/174937315,"2024-08-12 06:48:04"
11327,152114,beetle,species,"Chinavia hilaris",truebugs,0,0,4,1,https://www.inaturalist.org/observations/174935353,"2024-08-12 06:48:04"
11328,152110,fly,family,Chironomidae,fly,0,0,2,0,https://www.inaturalist.org/observations/174933548,"2024-08-12 06:48:04"
11329,152107,fly,family,Chironomidae,fly,0,0,2,0,https://www.inaturalist.org/observations/174932247,"2024-08-12 06:51:05"
11330,152101,fly,family,Chironomidae,fly,0,0,2,0,https://www.inaturalist.org/observations/174929771,"2024-08-12 06:51:05"
11331,152097,fly,family,Chironomidae,fly,0,0,2,0,https://www.inaturalist.org/observations/174928556,"2024-08-12 06:51:05"
11332,152090,unidentified,family,Chrysopidae,Neuroptera,0,0,1,0,https://www.inaturalist.org/observations/174925640,"2024-08-12 06:51:05"
11333,152088,fly,zoosubsection,Calyptratae,fly,0,0,2,0,https://www.inaturalist.org/observations/174924713,"2024-08-12 06:51:05"
11334,152086,fly,suborder,Apocrita,bee,0,0,3,1,https://www.inaturalist.org/observations/174923711,"2024-08-12 06:51:05"
11335,152084,beetle,order,Hemiptera,leafhopper,0,0,3,1,https://www.inaturalist.org/observations/174922734,"2024-08-12 06:51:05"
11336,152080,beetle,species,"Popillia japonica",beetle,0,0,3,0,https://www.inaturalist.org/observations/174920987,"2024-08-12 06:51:05"
11337,152069,leafhopper,infraorder,Cicadomorpha,leafhopper,0,0,2,0,https://www.inaturalist.org/observations/174915030,"2024-08-12 06:51:05"
11338,152045,ant,subfamily,Formicinae,ant,0,0,2,0,https://www.inaturalist.org/observations/174906846,"2024-08-12 06:51:05"
11339,152033,fly,zoosection,Schizophora,fly,0,0,2,0,https://www.inaturalist.org/observations/174906025,"2024-08-12 06:51:05"
11340,152021,leafhopper,family,Cicadellidae,leafhopper,0,0,2,0,https://www.inaturalist.org/observations/174905483,"2024-08-12 06:51:05"
11341,152019,unidentified,infraorder,Fulgoromorpha,leafhopper,0,0,1,0,https://www.inaturalist.org/observations/174904964,"2024-08-12 06:51:05"
11342,152010,caterpillar,family,Geometridae,caterpillar,0,0,2,0,https://www.inaturalist.org/observations/174904484,"2024-08-12 06:54:05"
11343,152009,caterpillar,order,Lepidoptera,caterpillar,0,0,2,0,https://www.inaturalist.org/observations/174904099,"2024-08-12 06:54:05"
11344,152008,fly,zoosubsection,Calyptratae,fly,0,0,2,0,https://www.inaturalist.org/observations/174903711,"2024-08-12 06:54:05"
11345,152000,ant,species,"Lasius americanus",ant,0,0,3,0,https://www.inaturalist.org/observations/174903254,"2024-08-12 06:54:05"
11346,151997,beetle,subtribe,Cryptocephalina,beetle,0,0,2,0,https://www.inaturalist.org/observations/174902785,"2024-08-12 06:54:05"
11347,151996,truebugs,species,"Hyaliodes harti",truebugs,0,0,2,0,https://www.inaturalist.org/observations/174902275,"2024-08-12 06:54:05"
11348,151995,leafhopper,genus,Acanalonia,leafhopper,0,0,2,0,https://www.inaturalist.org/observations/174901813,"2024-08-12 06:54:05"
11349,151990,caterpillar,species,"Macrurocampa marthesia",caterpillar,0,0,4,0,https://www.inaturalist.org/observations/174900529,"2024-08-12 06:54:05"
11350,151979,caterpillar,species,"Cecrita biundata",caterpillar,0,0,3,0,https://www.inaturalist.org/observations/174898993,"2024-08-12 06:54:05"
11351,151977,caterpillar,order,Lepidoptera,caterpillar,0,0,2,0,https://www.inaturalist.org/observations/174898535,"2024-08-12 06:54:05"
11352,151975,caterpillar,superfamily,Noctuoidea,caterpillar,0,0,2,0,https://www.inaturalist.org/observations/174897886,"2024-08-12 06:54:05"
11353,151974,truebugs,species,"Zelus luridus",truebugs,0,0,3,0,https://www.inaturalist.org/observations/174897377,"2024-08-12 06:54:05"
11354,151966,beetle,species,"Pseudocneorhinus bifasciatus",beetle,0,0,3,0,https://www.inaturalist.org/observations/174896845,"2024-08-12 06:54:05"
11355,151965,spider,subfamily,Salticinae,spider,0,0,2,0,https://www.inaturalist.org/observations/174896471,"2024-08-12 06:54:05"
11356,151964,caterpillar,family,Geometridae,caterpillar,0,0,2,0,https://www.inaturalist.org/observations/174895941,"2024-08-12 06:54:05"
11357,151963,leafhopper,species,"Ormenoides venusta",leafhopper,0,0,3,0,https://www.inaturalist.org/observations/174895438,"2024-08-12 06:54:05"
11358,151960,caterpillar,superfamily,Noctuoidea,caterpillar,0,0,2,0,https://www.inaturalist.org/observations/174894827,"2024-08-12 06:54:05"
11359,151959,caterpillar,family,Geometridae,caterpillar,0,0,2,0,https://www.inaturalist.org/observations/174894321,"2024-08-12 06:54:05"
11360,151951,caterpillar,family,Geometridae,caterpillar,0,0,2,0,https://www.inaturalist.org/observations/174893291,"2024-08-12 06:54:05"
11361,151950,caterpillar,order,Lepidoptera,caterpillar,0,0,2,0,https://www.inaturalist.org/observations/174892793,"2024-08-12 06:54:05"
11362,151949,caterpillar,order,Lepidoptera,caterpillar,0,0,2,0,https://www.inaturalist.org/observations/174892280,"2024-08-12 06:54:05"
11363,151948,caterpillar,family,Geometridae,caterpillar,0,0,2,0,https://www.inaturalist.org/observations/174891867,"2024-08-12 06:54:05"
11364,151945,ant,species,"Camponotus snellingi",ant,0,0,3,0,https://www.inaturalist.org/observations/174891372,"2024-08-12 06:54:05"
11365,151944,grasshopper,species,"Cyrtoxipha columbiana",grasshopper,0,0,2,0,https://www.inaturalist.org/observations/174890799,"2024-08-12 06:54:05"
11366,151940,spider,tribe,Misumenini,spider,0,0,2,0,https://www.inaturalist.org/observations/174889294,"2024-08-12 06:54:05"
11367,151937,grasshopper,species,"Cyrtoxipha columbiana",grasshopper,0,0,2,0,https://www.inaturalist.org/observations/174888262,"2024-08-12 06:54:05"
11368,151932,leafhopper,species,"Flatormenis proxima",leafhopper,0,0,2,0,https://www.inaturalist.org/observations/174887278,"2024-08-12 06:54:05"
11369,151927,other,order,Psocodea,Psocodea,0,0,1,0,https://www.inaturalist.org/observations/174886740,"2024-08-12 06:54:05"
11370,151922,leafhopper,species,"Flatormenis proxima",leafhopper,0,0,2,0,https://www.inaturalist.org/observations/174886267,"2024-08-12 06:54:05"
11371,151921,leafhopper,species,"Ormenoides venusta",leafhopper,0,0,2,0,https://www.inaturalist.org/observations/174885747,"2024-08-12 06:54:05"
11372,151918,spider,genus,Colonus,spider,0,0,2,0,https://www.inaturalist.org/observations/174885312,"2024-08-12 06:54:05"
11373,151917,spider,species,"Misumessus oblongus",spider,0,0,3,0,https://www.inaturalist.org/observations/174884798,"2024-08-12 06:54:05"
11374,151913,truebugs,species,"Acanthocephala terminalis",truebugs,0,0,2,0,https://www.inaturalist.org/observations/174883755,"2024-08-12 06:54:05"
11375,151905,spider,species,"Araneus marmoreus",spider,0,0,4,0,https://www.inaturalist.org/observations/174881645,"2024-08-12 06:54:05"
11376,151904,fly,superfamily,Muscoidea,fly,0,0,2,0,https://www.inaturalist.org/observations/174881101,"2024-08-12 06:54:05"
11377,151899,spider,species,"Neoscona arabesca",spider,0,0,2,0,https://www.inaturalist.org/observations/174879791,"2024-08-12 06:57:05"
11378,151897,leafhopper,species,"Ormenoides venusta",leafhopper,0,0,3,0,https://www.inaturalist.org/observations/174879282,"2024-08-12 06:57:05"
11379,151890,daddylonglegs,species,"Leiobunum vittatum",daddylonglegs,0,0,2,0,https://www.inaturalist.org/observations/174877440,"2024-08-12 06:57:05"
11380,151888,beetle,family,Elateridae,beetle,0,0,2,0,https://www.inaturalist.org/observations/174876966,"2024-08-12 06:57:05"
11381,151882,leafhopper,species,"Flatormenis proxima",leafhopper,0,0,2,0,https://www.inaturalist.org/observations/174876040,"2024-08-12 06:57:05"
11382,151881,leafhopper,species,"Acanalonia conica",leafhopper,0,0,3,0,https://www.inaturalist.org/observations/174875511,"2024-08-12 06:57:05"
11383,151872,bee,superfamily,Tenthredinoidea,bee,0,1,1,0,https://www.inaturalist.org/observations/174874452,"2024-08-12 06:57:05"
11384,151867,caterpillar,family,Geometridae,caterpillar,0,0,2,0,https://www.inaturalist.org/observations/174872195,"2024-08-12 06:57:05"
11385,151865,caterpillar,family,Geometridae,caterpillar,0,0,2,0,https://www.inaturalist.org/observations/174871746,"2024-08-12 06:57:05"
11386,151864,caterpillar,tribe,Orgyiini,caterpillar,0,0,2,0,https://www.inaturalist.org/observations/174871223,"2024-08-12 06:57:05"
11387,151863,ant,species,"Tapinoma sessile",ant,0,0,2,0,https://www.inaturalist.org/observations/174870707,"2024-08-12 06:57:05"
11388,151862,spider,genus,Colonus,spider,0,0,2,0,https://www.inaturalist.org/observations/174870167,"2024-08-12 06:57:05"
11389,151861,fly,complex,"Condylostylus caudatus",fly,0,0,3,0,https://www.inaturalist.org/observations/174869464,"2024-08-12 06:57:05"
11390,151859,spider,genus,Theridula,spider,0,0,2,0,https://www.inaturalist.org/observations/174869044,"2024-08-12 06:57:05"
11391,151857,fly,complex,"Condylostylus comatus",fly,0,0,3,0,https://www.inaturalist.org/observations/174868619,"2024-08-12 06:57:05"
11392,151852,caterpillar,species,"Hypsoropha hormos",caterpillar,0,0,2,0,https://www.inaturalist.org/observations/174868139,"2024-08-12 06:57:05"
11393,151849,leafhopper,species,"Ormenoides venusta",leafhopper,0,0,2,0,https://www.inaturalist.org/observations/174867717,"2024-08-12 06:57:05"
11394,151843,leafhopper,species,"Ormenoides venusta",leafhopper,0,0,2,0,https://www.inaturalist.org/observations/174867304,"2024-08-12 06:57:05"
11395,151842,spider,species,"Misumessus oblongus",spider,0,0,4,0,https://www.inaturalist.org/observations/174866861,"2024-08-12 06:57:05"
11396,151838,beetle,species,"Pseudocneorhinus bifasciatus",beetle,0,0,3,0,https://www.inaturalist.org/observations/174866476,"2024-08-12 06:57:05"
11397,151837,leafhopper,species,"Flatormenis proxima",leafhopper,0,0,2,0,https://www.inaturalist.org/observations/174866022,"2024-08-12 06:57:05"
11398,151836,grasshopper,genus,Oecanthus,grasshopper,0,0,3,0,https://www.inaturalist.org/observations/174865672,"2024-08-12 06:57:05"
11399,151835,spider,genus,Colonus,spider,0,0,3,0,https://www.inaturalist.org/observations/174865196,"2024-08-12 06:57:05"
11400,151834,caterpillar,species,"Hypsoropha hormos",caterpillar,0,0,2,0,https://www.inaturalist.org/observations/174864789,"2024-08-12 06:57:05"
11401,151833,grasshopper,genus,Oecanthus,grasshopper,0,0,3,0,https://www.inaturalist.org/observations/174864320,"2024-08-12 06:57:05"
11402,151831,caterpillar,order,Lepidoptera,caterpillar,0,0,2,0,https://www.inaturalist.org/observations/174863839,"2024-08-12 06:57:05"
11403,151830,spider,species,"Colonus sylvanus",spider,0,0,2,0,https://www.inaturalist.org/observations/174863359,"2024-08-12 06:57:05"
11404,151828,leafhopper,species,"Acanalonia servillei",leafhopper,0,0,4,0,https://www.inaturalist.org/observations/174862867,"2024-08-12 06:57:05"
11405,151827,leafhopper,species,"Flatormenis proxima",leafhopper,0,0,3,0,https://www.inaturalist.org/observations/174862317,"2024-08-12 06:57:05"
11406,151822,spider,tribe,Misumenini,spider,0,0,2,0,https://www.inaturalist.org/observations/174861187,"2024-08-12 06:57:05"
11407,151820,caterpillar,family,Geometridae,caterpillar,0,0,2,0,https://www.inaturalist.org/observations/174860780,"2024-08-12 06:57:05"
11408,151810,caterpillar,order,Lepidoptera,caterpillar,0,0,2,0,https://www.inaturalist.org/observations/174858962,"2024-08-12 06:57:05"
11409,151809,ant,subgenus,Myrmentoma,ant,0,0,2,0,https://www.inaturalist.org/observations/174858497,"2024-08-12 06:57:05"
11410,151804,spider,genus,Colonus,spider,0,0,2,0,https://www.inaturalist.org/observations/174857360,"2024-08-12 06:57:05"
11411,151801,beetle,species,"Harmonia axyridis",beetle,0,0,3,0,https://www.inaturalist.org/observations/174856585,"2024-08-12 06:57:05"
11412,151800,spider,genus,Mimetus,spider,0,0,2,0,https://www.inaturalist.org/observations/174856074,"2024-08-12 06:57:05"
11413,151799,leafhopper,genus,Cedusa,leafhopper,0,0,2,0,https://www.inaturalist.org/observations/174855701,"2024-08-12 07:00:06"
11414,151797,fly,zoosubsection,Calyptratae,fly,0,0,2,0,https://www.inaturalist.org/observations/174775243,"2024-08-12 07:00:07"
11415,151795,beetle,suborder,Heteroptera,truebugs,0,0,3,1,https://www.inaturalist.org/observations/174772676,"2024-08-12 07:00:07"
11416,151785,spider,genus,Wulfila,spider,0,0,2,0,https://www.inaturalist.org/observations/174758322,"2024-08-12 07:00:07"
11417,151784,caterpillar,species,"Nadata gibbosa",caterpillar,0,0,3,0,https://www.inaturalist.org/observations/174757708,"2024-08-12 07:00:07"
11418,151777,spider,genus,Wulfila,spider,0,0,2,0,https://www.inaturalist.org/observations/174755652,"2024-08-12 07:00:07"
11419,151772,beetle,species,"Cyrtepistomus castaneus",beetle,0,0,3,0,https://www.inaturalist.org/observations/174753092,"2024-08-12 07:00:07"
11420,151771,caterpillar,family,Geometridae,caterpillar,0,0,2,0,https://www.inaturalist.org/observations/174752508,"2024-08-12 07:00:07"
11421,151769,fly,genus,Rivellia,fly,0,0,2,0,https://www.inaturalist.org/observations/174743080,"2024-08-12 07:00:07"
11422,151757,fly,zoosubsection,Calyptratae,fly,0,0,2,0,https://www.inaturalist.org/observations/174712728,"2024-08-12 07:00:07"
11423,151753,beetle,species,"Saperda vestita",beetle,0,0,4,0,https://www.inaturalist.org/observations/174709395,"2024-08-12 07:00:07"
11424,151732,ant,species,"Myrmica rubra",ant,0,0,2,0,https://www.inaturalist.org/observations/174689300,"2024-08-12 07:00:07"
11425,151729,spider,genus,Tetragnatha,spider,0,0,3,0,https://www.inaturalist.org/observations/174688261,"2024-08-12 07:00:07"
11426,151727,grasshopper,genus,Oecanthus,grasshopper,0,0,3,0,https://www.inaturalist.org/observations/174687729,"2024-08-12 07:00:07"
11427,151721,grasshopper,species,"Phyllopalpus pulchellus",grasshopper,0,0,3,0,https://www.inaturalist.org/observations/174686497,"2024-08-12 07:00:07"
11428,151720,leafhopper,species,"Ormenoides venusta",leafhopper,0,0,2,0,https://www.inaturalist.org/observations/174685932,"2024-08-12 07:00:07"
11429,151717,spider,genus,Tetragnatha,spider,0,0,3,0,https://www.inaturalist.org/observations/174684882,"2024-08-12 07:00:07"
11430,151714,spider,species,"Micrathena mitrata",spider,0,0,3,0,https://www.inaturalist.org/observations/174684417,"2024-08-12 07:03:06"
11431,151708,fly,family,Chironomidae,fly,0,0,2,0,https://www.inaturalist.org/observations/174682892,"2024-08-12 07:03:06"
11432,151707,moths,species,"Argyresthia oreasella",moths,0,0,2,0,https://www.inaturalist.org/observations/174682443,"2024-08-12 07:03:06"
11433,151702,spider,tribe,Misumenini,spider,0,0,2,0,https://www.inaturalist.org/observations/174681436,"2024-08-12 07:03:06"
11434,151698,grasshopper,species,"Hapithus saltator",grasshopper,0,0,2,0,https://www.inaturalist.org/observations/174681034,"2024-08-12 07:03:06"
11435,151696,ant,subgenus,Myrmentoma,ant,0,0,2,0,https://www.inaturalist.org/observations/174680320,"2024-08-12 07:03:06"
11436,151678,leafhopper,species,"Philaenus spumarius",leafhopper,0,0,3,0,https://www.inaturalist.org/observations/174678804,"2024-08-12 07:03:06"
11437,151676,truebugs,genus,Acanthocephala,truebugs,0,0,2,0,https://www.inaturalist.org/observations/174678378,"2024-08-12 07:03:06"
11438,151673,ant,species,"Camponotus snellingi",ant,0,0,3,0,https://www.inaturalist.org/observations/174677910,"2024-08-12 07:03:06"
11439,151663,ant,subgenus,Crematogaster,ant,0,0,2,0,https://www.inaturalist.org/observations/174675788,"2024-08-12 07:03:06"
11440,151656,beetle,species,"Cyrtepistomus castaneus",beetle,0,0,3,0,https://www.inaturalist.org/observations/174673965,"2024-08-12 07:03:06"
11441,151649,caterpillar,species,"Acronicta americana",caterpillar,0,0,3,0,https://www.inaturalist.org/observations/174673505,"2024-08-12 07:03:06"
11442,151648,spider,genus,Araneus,spider,0,0,2,0,https://www.inaturalist.org/observations/174673093,"2024-08-12 07:03:06"
11443,151644,beetle,species,"Pseudocneorhinus bifasciatus",beetle,0,0,3,0,https://www.inaturalist.org/observations/174672259,"2024-08-12 07:03:06"
11444,151642,caterpillar,complex,"Acronicta increta",caterpillar,0,0,2,0,https://www.inaturalist.org/observations/174671954,"2024-08-12 07:03:06"
11445,151640,leafhopper,species,"Ormenoides venusta",leafhopper,0,0,2,0,https://www.inaturalist.org/observations/174671580,"2024-08-12 07:03:06"
11446,151638,spider,tribe,Misumenini,spider,0,0,2,0,https://www.inaturalist.org/observations/174670656,"2024-08-12 07:03:06"
11447,151633,beetle,species,"Pseudoedophrys hilleri",beetle,0,0,3,0,https://www.inaturalist.org/observations/174670209,"2024-08-12 07:03:06"
11448,151601,beetle,family,Miridae,truebugs,0,0,3,1,https://www.inaturalist.org/observations/174524130,"2024-08-12 07:03:06"
11449,151600,truebugs,order,Coleoptera,beetle,0,0,3,1,https://www.inaturalist.org/observations/174523545,"2024-08-12 07:03:06"
11450,151594,leafhopper,infraorder,Fulgoromorpha,leafhopper,0,0,2,0,https://www.inaturalist.org/observations/174519855,"2024-08-12 07:03:06"
11451,151471,truebugs,family,Miridae,truebugs,0,0,2,0,https://www.inaturalist.org/observations/174133099,"2024-08-12 07:06:10"
11452,151440,bee,suborder,Symphyta,bee,0,1,1,0,https://www.inaturalist.org/observations/174129678,"2024-08-12 07:06:10"
11453,151435,spider,species,"Micrathena gracilis",spider,0,0,3,0,https://www.inaturalist.org/observations/174127570,"2024-08-12 07:06:10"
11454,151415,beetle,species,"Pseudoedophrys hilleri",beetle,0,0,3,0,https://www.inaturalist.org/observations/174122553,"2024-08-12 07:06:10"
11455,151414,beetle,species,"Paramordellaria triloba",beetle,0,0,2,0,https://www.inaturalist.org/observations/174122056,"2024-08-12 07:09:06"
11456,151279,beetle,species,"Harmonia axyridis",beetle,0,0,3,0,https://www.inaturalist.org/observations/174092738,"2024-08-12 07:12:06"
11457,151075,spider,subfamily,Thomisinae,spider,0,0,3,0,https://www.inaturalist.org/observations/173972105,"2024-08-12 07:15:05"
11458,151027,caterpillar,family,Geometridae,caterpillar,0,0,2,0,https://www.inaturalist.org/observations/173963708,"2024-08-12 07:15:05"
11459,150955,beetle,species,"Pseudoedophrys hilleri",beetle,0,0,3,0,https://www.inaturalist.org/observations/173938948,"2024-08-12 07:15:05"
11460,150700,truebugs,species,"Leptoglossus oppositus",truebugs,0,0,3,0,https://www.inaturalist.org/observations/173763945,"2024-08-12 07:18:06"
11461,150533,truebugs,family,Tingidae,truebugs,0,0,2,0,https://www.inaturalist.org/observations/173640559,"2024-08-12 07:24:05"
11462,150483,beetle,species,"Bassareus mammifer",beetle,0,0,2,0,https://www.inaturalist.org/observations/173633062,"2024-08-12 07:24:05"
11463,150382,truebugs,genus,Acanthocephala,truebugs,0,0,2,0,https://www.inaturalist.org/observations/173601897,"2024-08-12 07:27:06"
11464,150147,truebugs,genus,Phymata,truebugs,0,0,2,0,https://www.inaturalist.org/observations/173431767,"2024-08-12 07:36:06"
11465,150138,truebugs,species,"Acanthocephala terminalis",truebugs,0,0,2,0,https://www.inaturalist.org/observations/173428692,"2024-08-12 07:36:06"
11466,149802,beetle,genus,Cryptocephalus,beetle,0,0,2,0,https://www.inaturalist.org/observations/172905878,"2024-08-12 07:42:04"
11467,149793,caterpillar,family,Noctuidae,caterpillar,0,0,3,0,https://www.inaturalist.org/observations/172901627,"2024-08-12 07:42:04"
11468,148592,beetle,species,"Chelonarium lecontei",beetle,0,0,3,0,https://www.inaturalist.org/observations/172379661,"2024-08-12 08:06:06"
11469,148410,beetle,species,"Pseudoedophrys hilleri",beetle,0,0,3,0,https://www.inaturalist.org/observations/172334606,"2024-08-12 08:12:06"
11470,148131,beetle,tribe,Bromiini,beetle,0,0,2,0,https://www.inaturalist.org/observations/172150364,"2024-08-12 08:15:06"
11471,147610,beetle,subtribe,Cryptocephalina,beetle,0,0,2,0,https://www.inaturalist.org/observations/171554305,"2024-08-12 08:27:06"
11472,147262,beetle,tribe,Clytrini,beetle,0,0,2,0,https://www.inaturalist.org/observations/171382660,"2024-08-12 08:33:05"
11473,147243,beetle,species,"Cryptocephalus badius",beetle,0,0,2,0,https://www.inaturalist.org/observations/171380488,"2024-08-12 08:33:05"
11474,145965,beetle,species,"Bassareus mammifer",beetle,0,0,2,0,https://www.inaturalist.org/observations/170294329,"2024-08-12 08:51:04"
11475,145943,beetle,family,Elateridae,beetle,0,0,2,0,https://www.inaturalist.org/observations/170288206,"2024-08-12 08:54:05"
11476,145007,beetle,tribe,Bromiini,beetle,0,0,2,0,https://www.inaturalist.org/observations/169777657,"2024-08-12 09:09:05"
11477,144948,other,family,Chrysopidae,Neuroptera,0,0,3,0,https://www.inaturalist.org/observations/169763503,"2024-08-12 09:12:04"
11478,144573,beetle,family,Elateridae,beetle,0,0,3,0,https://www.inaturalist.org/observations/169234562,"2024-08-12 09:18:05"
11479,143980,beetle,species,"Cyrtepistomus castaneus",beetle,0,0,3,0,https://www.inaturalist.org/observations/169011426,"2024-08-12 09:27:05"
11480,143539,beetle,tribe,Tracheini,beetle,0,0,2,0,https://www.inaturalist.org/observations/168820887,"2024-08-12 09:33:05"
11481,143457,beetle,species,"Harmonia axyridis",beetle,0,0,3,0,https://www.inaturalist.org/observations/168663672,"2024-08-12 09:39:05"
11482,143054,beetle,species,"Polydrusus formosus",beetle,0,0,3,0,https://www.inaturalist.org/observations/168495556,"2024-08-12 09:45:04"
11483,142947,beetle,species,"Cyrtepistomus castaneus",beetle,0,0,3,0,https://www.inaturalist.org/observations/168482956,"2024-08-12 09:45:04"
11484,141870,beetle,species,"Phyllobius oblongus",beetle,0,0,3,0,https://www.inaturalist.org/observations/167543309,"2024-08-05 09:51:05"
11485,141151,beetle,species,"Analeptura lineola",beetle,0,0,3,0,https://www.inaturalist.org/observations/167250068,"2024-07-29 09:54:05"
11486,140926,beetle,genus,Falsomordellistena,beetle,0,0,2,0,https://www.inaturalist.org/observations/167205220,"2024-07-22 09:33:07"
11487,140873,beetle,genus,Paramordellaria,beetle,0,0,2,0,https://www.inaturalist.org/observations/167195212,"2024-07-22 09:33:07"
11488,140870,beetle,species,"Paramordellaria triloba",beetle,0,0,2,0,https://www.inaturalist.org/observations/167194188,"2024-07-22 09:33:07"
11489,140799,beetle,genus,Agrilus,beetle,0,0,2,0,https://www.inaturalist.org/observations/167052326,"2024-07-22 09:36:06"
11490,140137,beetle,family,Buprestidae,beetle,0,0,2,0,https://www.inaturalist.org/observations/166445344,"2024-07-22 09:48:05"
11491,140133,beetle,species,"Dendroides concolor",beetle,0,0,3,0,https://www.inaturalist.org/observations/166443489,"2024-07-22 09:48:05"
11492,140114,beetle,species,"Paramordellaria triloba",beetle,0,0,2,0,https://www.inaturalist.org/observations/166440919,"2024-07-22 09:48:05"
11493,140024,beetle,species,"Urgleptes facetus",beetle,0,0,3,0,https://www.inaturalist.org/observations/166423473,"2024-07-22 09:51:06"
11494,139933,beetle,species,"Cyrtepistomus castaneus",beetle,0,0,3,0,https://www.inaturalist.org/observations/166406825,"2024-07-22 09:51:06"
11495,139721,beetle,species,"Polydrusus impressifrons",beetle,0,0,3,0,https://www.inaturalist.org/observations/166241559,"2024-07-22 09:57:06"
11496,139524,beetle,species,"Cyrtepistomus castaneus",beetle,0,0,3,0,https://www.inaturalist.org/observations/165945298,"2024-07-15 09:42:06"
11497,139497,beetle,species,"Phyllobius oblongus",beetle,0,0,3,0,https://www.inaturalist.org/observations/165940184,"2024-07-15 09:42:06"
11498,139277,beetle,species,"Phyllobius oblongus",beetle,0,0,3,0,https://www.inaturalist.org/observations/165889976,"2024-07-15 09:48:05"
11499,129910,caterpillar,species,"Epimecis hortaria",caterpillar,0,0,3,0,https://www.inaturalist.org/observations/128464499,"2024-06-03 09:54:05"
11500,154360,spider,species,"Micrathena mitrata",spider,0,0,4,0,https://www.inaturalist.org/observations/177022850,"2024-08-12 06:18:05"
11501,154348,caterpillar,species,"Halysidota tessellaris",caterpillar,0,0,3,0,https://www.inaturalist.org/observations/176974278,"2024-08-12 06:18:05"
11502,154343,spider,species,"Misumessus oblongus",spider,0,0,3,0,https://www.inaturalist.org/observations/176781011,"2024-08-12 06:18:05"
11503,154340,spider,family,Araneidae,spider,0,0,3,0,https://www.inaturalist.org/observations/176779857,"2024-08-12 06:18:05"
11504,154334,spider,species,"Spintharus flavidus",spider,0,0,2,0,https://www.inaturalist.org/observations/176776713,"2024-08-12 06:18:05"
11505,154304,spider,tribe,Misumenini,spider,0,0,3,0,https://www.inaturalist.org/observations/176768973,"2024-08-12 06:18:05"
11506,154287,caterpillar,family,Geometridae,caterpillar,0,0,2,0,https://www.inaturalist.org/observations/176764768,"2024-08-12 06:18:05"
11507,154230,fly,family,Cecidomyiidae,fly,0,0,2,0,https://www.inaturalist.org/observations/176625301,"2024-08-12 06:21:04"
11508,154228,caterpillar,class,Insecta,moths,0,0,2,0,https://www.inaturalist.org/observations/176624192,"2024-08-12 06:21:04"
11509,154227,caterpillar,order,Lepidoptera,caterpillar,0,0,2,0,https://www.inaturalist.org/observations/176623574,"2024-08-12 06:21:04"
11510,154174,caterpillar,species,"Halysidota tessellaris",caterpillar,0,0,3,0,https://www.inaturalist.org/observations/176612287,"2024-08-12 06:21:04"
11511,154172,caterpillar,family,Geometridae,caterpillar,0,0,2,0,https://www.inaturalist.org/observations/176611771,"2024-08-12 06:21:04"
11512,154168,caterpillar,species,"Halysidota tessellaris",caterpillar,0,0,4,0,https://www.inaturalist.org/observations/176611296,"2024-08-12 06:21:04"
11513,154166,caterpillar,family,Geometridae,caterpillar,0,0,2,0,https://www.inaturalist.org/observations/176610751,"2024-08-12 06:21:04"
11514,154145,grasshopper,species,"Hapithus saltator",grasshopper,0,0,3,0,https://www.inaturalist.org/observations/176608544,"2024-08-12 06:21:04"
11515,154120,caterpillar,order,Lepidoptera,caterpillar,0,0,2,0,https://www.inaturalist.org/observations/176605042,"2024-08-12 06:21:04"
11516,154118,caterpillar,order,Lepidoptera,caterpillar,0,0,2,0,https://www.inaturalist.org/observations/176604638,"2024-08-12 06:21:04"
11517,154089,fly,zoosubsection,Calyptratae,fly,0,0,2,0,https://www.inaturalist.org/observations/176601526,"2024-08-12 06:21:04"
11518,154085,caterpillar,order,Lepidoptera,caterpillar,0,0,2,0,https://www.inaturalist.org/observations/176600732,"2024-08-12 06:21:04"
11519,154051,caterpillar,family,Geometridae,caterpillar,0,0,2,0,https://www.inaturalist.org/observations/176596765,"2024-08-12 06:21:04"
11520,154045,caterpillar,order,Lepidoptera,caterpillar,0,0,2,0,https://www.inaturalist.org/observations/176596392,"2024-08-12 06:21:04"
11521,154010,caterpillar,species,"Machimia tentoriferella",caterpillar,0,0,2,0,https://www.inaturalist.org/observations/176590152,"2024-08-12 06:21:04"
11522,154006,caterpillar,class,Insecta,moths,0,0,2,0,https://www.inaturalist.org/observations/176589362,"2024-08-12 06:21:04"
11523,153998,caterpillar,species,"Halysidota tessellaris",caterpillar,0,0,3,0,https://www.inaturalist.org/observations/176588250,"2024-08-12 06:21:04"
11524,153978,ant,species,"Camponotus americanus",ant,0,0,2,0,https://www.inaturalist.org/observations/176535573,"2024-08-12 06:21:04"
11525,153976,caterpillar,species,"Antheraea polyphemus",caterpillar,0,0,3,0,https://www.inaturalist.org/observations/176533222,"2024-08-12 06:21:04"
11526,153967,moths,family,Coleophoridae,moths,0,0,2,0,https://www.inaturalist.org/observations/176499147,"2024-08-12 06:21:04"
11527,153960,fly,family,Muscidae,fly,0,0,2,0,https://www.inaturalist.org/observations/176488785,"2024-08-12 06:21:04"
11528,153951,leafhopper,species,"Metcalfa pruinosa",leafhopper,0,0,3,0,https://www.inaturalist.org/observations/176483298,"2024-08-12 06:24:04"
11529,153950,fly,complex,"Condylostylus caudatus",fly,0,0,3,0,https://www.inaturalist.org/observations/176482042,"2024-08-12 06:24:04"
11530,153947,ant,genus,Camponotus,ant,0,0,3,0,https://www.inaturalist.org/observations/176458631,"2024-08-12 06:24:04"
11531,153946,ant,species,"Camponotus subbarbatus",ant,0,0,5,0,https://www.inaturalist.org/observations/176458164,"2024-08-12 06:24:04"
11532,153943,ant,species,"Lasius americanus",ant,0,0,3,0,https://www.inaturalist.org/observations/176454326,"2024-08-12 06:24:04"
11533,153938,caterpillar,order,Lepidoptera,caterpillar,0,0,2,0,https://www.inaturalist.org/observations/176453969,"2024-08-12 06:24:04"
11534,153917,beetle,species,"Harmonia axyridis",beetle,1,0,3,0,https://www.inaturalist.org/observations/176442690,"2024-08-12 06:24:04"
11535,153880,fly,zoosubsection,Calyptratae,fly,0,0,2,0,https://www.inaturalist.org/observations/176434272,"2024-08-12 06:24:04"
11536,153879,unidentified,family,Tettigoniidae,grasshopper,0,0,1,0,https://www.inaturalist.org/observations/176433707,"2024-08-12 06:24:04"
11537,153844,ant,genus,Myrmica,ant,0,0,3,0,https://www.inaturalist.org/observations/176324985,"2024-08-12 06:24:04"
11538,153692,beetle,species,"Harmonia axyridis",beetle,0,0,3,0,https://www.inaturalist.org/observations/176298928,"2024-08-12 06:24:04"
11539,153682,beetle,family,Coreidae,truebugs,0,0,4,1,https://www.inaturalist.org/observations/176294241,"2024-08-12 06:24:04"
11540,153681,fly,zoosubsection,Calyptratae,fly,0,0,2,0,https://www.inaturalist.org/observations/176293792,"2024-08-12 06:24:04"
11541,153670,beetle,species,"Popillia japonica",beetle,0,0,3,0,https://www.inaturalist.org/observations/176289316,"2024-08-12 06:24:04"
11542,153665,fly,zoosection,Schizophora,fly,0,0,2,0,https://www.inaturalist.org/observations/176288486,"2024-08-12 06:24:04"
11543,153542,fly,tribe,Diaphorini,fly,0,0,4,0,https://www.inaturalist.org/observations/176175050,"2024-08-12 06:24:04"
11544,153540,fly,suborder,Brachycera,fly,0,0,2,0,https://www.inaturalist.org/observations/176174208,"2024-08-12 06:24:04"
11545,153535,spider,species,"Theridiosoma gemmosum",spider,0,0,2,0,https://www.inaturalist.org/observations/176171756,"2024-08-12 06:27:04"
11546,153531,unidentified,superfamily,Membracoidea,leafhopper,0,0,1,0,https://www.inaturalist.org/observations/176170401,"2024-08-12 06:27:04"
11547,153529,spider,genus,Tetragnatha,spider,0,0,3,0,https://www.inaturalist.org/observations/176169520,"2024-08-12 06:27:04"
11548,153524,fly,family,Chironomidae,fly,0,0,2,0,https://www.inaturalist.org/observations/176167554,"2024-08-12 06:27:04"
11549,153522,unidentified,superfamily,Membracoidea,leafhopper,0,0,1,0,https://www.inaturalist.org/observations/176166646,"2024-08-12 06:27:04"
11550,153521,leafhopper,order,Hemiptera,leafhopper,0,0,2,1,https://www.inaturalist.org/observations/176166090,"2024-08-12 06:27:04"
11551,153516,spider,family,Philodromidae,spider,0,0,2,0,https://www.inaturalist.org/observations/176163327,"2024-08-12 06:27:04"
11552,153505,ant,genus,Myrmica,ant,0,0,3,0,https://www.inaturalist.org/observations/176157971,"2024-08-12 06:27:04"
11553,153494,spider,subfamily,Salticinae,spider,0,0,2,0,https://www.inaturalist.org/observations/176153317,"2024-08-12 06:27:04"
11554,153493,spider,genus,Cheiracanthium,spider,0,0,2,0,https://www.inaturalist.org/observations/176152859,"2024-08-12 06:27:04"
11555,153489,fly,complex,"Condylostylus caudatus",fly,0,0,3,0,https://www.inaturalist.org/observations/176134386,"2024-08-12 06:27:04"
11556,153488,fly,genus,Lucilia,fly,0,0,2,0,https://www.inaturalist.org/observations/176133949,"2024-08-12 06:27:04"
11557,153486,fly,superfamily,Muscoidea,fly,0,0,2,0,https://www.inaturalist.org/observations/176133565,"2024-08-12 06:27:04"
11558,153460,moths,superfamily,Gelechioidea,moths,0,0,2,0,https://www.inaturalist.org/observations/176111949,"2024-08-12 06:27:04"
11559,153453,fly,complex,"Condylostylus sipho",fly,0,0,4,0,https://www.inaturalist.org/observations/176092184,"2024-08-12 06:30:05"
11560,153440,moths,order,Lepidoptera,moths,0,0,2,0,https://www.inaturalist.org/observations/176007137,"2024-08-12 06:30:05"
11561,153414,fly,zoosection,Schizophora,fly,0,0,2,0,https://www.inaturalist.org/observations/175995092,"2024-08-12 06:30:05"
11562,153413,grasshopper,family,Oecanthidae,grasshopper,0,0,2,0,https://www.inaturalist.org/observations/175994599,"2024-08-12 06:30:05"
11563,153408,truebugs,genus,Hyaliodes,truebugs,0,0,2,0,https://www.inaturalist.org/observations/175983744,"2024-08-12 06:30:05"
11564,153406,ant,species,"Camponotus nearcticus",ant,0,0,3,0,https://www.inaturalist.org/observations/175978599,"2024-08-12 06:30:05"
11565,153404,ant,genus,Temnothorax,ant,0,0,2,0,https://www.inaturalist.org/observations/175977752,"2024-08-12 06:30:05"
11566,153401,ant,species,"Temnothorax curvispinosus",ant,0,0,3,0,https://www.inaturalist.org/observations/175976205,"2024-08-12 06:30:05"
11567,153399,fly,family,Chironomidae,fly,0,0,2,0,https://www.inaturalist.org/observations/175974586,"2024-08-12 06:30:05"
11568,153397,spider,subfamily,Salticinae,spider,0,0,2,0,https://www.inaturalist.org/observations/175973667,"2024-08-12 06:30:05"
11569,153395,spider,family,Theridiidae,spider,0,0,2,0,https://www.inaturalist.org/observations/175971801,"2024-08-12 06:30:05"
11570,153392,spider,tribe,Misumenini,spider,0,0,2,0,https://www.inaturalist.org/observations/175970986,"2024-08-12 06:30:05"
11571,153391,truebugs,species,"Hyaliodes harti",truebugs,0,0,2,0,https://www.inaturalist.org/observations/175970513,"2024-08-12 06:30:05"
11572,153340,fly,suborder,Brachycera,fly,0,0,2,0,https://www.inaturalist.org/observations/175949821,"2024-08-12 06:30:05"
11573,153337,beetle,species,"Heilipus squamosus",beetle,0,0,3,0,https://www.inaturalist.org/observations/175948873,"2024-08-12 06:30:05"
11574,153336,fly,genus,Rivellia,fly,0,0,2,0,https://www.inaturalist.org/observations/175948262,"2024-08-12 06:30:05"
11575,153319,spider,genus,Wulfila,spider,0,0,2,0,https://www.inaturalist.org/observations/175941486,"2024-08-12 06:30:05"
11576,153317,grasshopper,genus,Oecanthus,grasshopper,0,0,4,0,https://www.inaturalist.org/observations/175938755,"2024-08-12 06:30:05"
11577,153308,other,family,Heptageniidae,Ephemeroptera,0,0,3,0,https://www.inaturalist.org/observations/175937871,"2024-08-12 06:30:05"
11578,153307,fly,zoosubsection,Calyptratae,fly,0,0,2,0,https://www.inaturalist.org/observations/175937298,"2024-08-12 06:30:05"
11579,153298,beetle,species,"Psyllobora vigintimaculata",beetle,0,0,3,0,https://www.inaturalist.org/observations/175931883,"2024-08-12 06:33:04"
11580,153297,fly,suborder,Brachycera,fly,0,0,2,0,https://www.inaturalist.org/observations/175916900,"2024-08-12 06:33:04"
11581,153037,leafhopper,species,"Ormenoides venusta",leafhopper,0,0,2,0,https://www.inaturalist.org/observations/175387910,"2024-08-12 06:36:05"
11582,152918,leafhopper,species,"Thionia bullata",leafhopper,0,0,3,0,https://www.inaturalist.org/observations/175368131,"2024-08-12 06:36:05"
11583,152889,beetle,species,"Pseudocneorhinus bifasciatus",beetle,0,0,2,0,https://www.inaturalist.org/observations/175364555,"2024-08-12 06:39:04"
11584,152886,beetle,subclass,Pterygota,truebugs,0,0,2,1,https://www.inaturalist.org/observations/175364062,"2024-08-12 06:39:04"
11585,152884,beetle,species,"Brachystylus sayi",beetle,0,0,2,0,https://www.inaturalist.org/observations/175363215,"2024-08-12 06:39:04"
11586,152877,leafhopper,species,"Flatormenis proxima",leafhopper,0,0,2,0,https://www.inaturalist.org/observations/175362763,"2024-08-12 06:39:04"
11587,152818,beetle,genus,Anthonomus,beetle,0,0,2,0,https://www.inaturalist.org/observations/175358616,"2024-08-12 06:39:04"
11588,152681,bee,species,"Bombus impatiens",bee,0,0,5,0,https://www.inaturalist.org/observations/175239021,"2024-08-12 06:42:05"
11589,152103,spider,subfamily,Araneinae,spider,0,0,2,0,https://www.inaturalist.org/observations/174930283,"2024-08-12 06:51:05"
11590,151992,other,genus,Aaroniella,Psocodea,0,0,2,0,https://www.inaturalist.org/observations/174901001,"2024-08-12 06:54:05"
11591,151749,fly,phylum,Arthropoda,fly,0,0,1,0,https://www.inaturalist.org/observations/174698893,"2024-08-12 07:00:07"
11592,151731,truebugs,subclass,Pterygota,Psocodea,0,0,2,1,https://www.inaturalist.org/observations/174688801,"2024-08-12 07:00:07"
11593,151470,spider,family,Philodromidae,spider,0,0,2,0,https://www.inaturalist.org/observations/174132588,"2024-08-12 07:06:10"
11594,151292,other,species,"Graphopsocus cruciatus",Psocodea,0,0,3,0,https://www.inaturalist.org/observations/174095655,"2024-08-12 07:12:06"
11595,150756,leafhopper,subclass,Pterygota,moths,0,0,2,1,https://www.inaturalist.org/observations/173780058,"2024-08-12 07:18:06"
11596,150755,beetle,subclass,Pterygota,Blattodea,0,0,2,1,https://www.inaturalist.org/observations/173779464,"2024-08-12 07:18:06"
11597,150691,grasshopper,species,"Jikradia olitoria",leafhopper,0,0,4,1,https://www.inaturalist.org/observations/173762707,"2024-08-12 07:18:06"
11598,150622,spider,complex,"Enoplognatha ovata",spider,0,0,3,0,https://www.inaturalist.org/observations/173666518,"2024-08-12 07:21:05"
11599,150596,spider,genus,Theridion,spider,0,0,2,0,https://www.inaturalist.org/observations/173656218,"2024-08-12 07:21:05"
11600,150563,unidentified,order,Lepidoptera,moths,0,0,1,0,https://www.inaturalist.org/observations/173643250,"2024-08-12 07:24:05"
11601,146160,aphid,family,Cicadellidae,leafhopper,0,0,3,1,https://www.inaturalist.org/observations/170762534,"2024-08-12 08:45:05"
11602,145917,beetle,family,Chrysomelidae,beetle,0,0,2,0,https://www.inaturalist.org/observations/170284041,"2024-08-12 08:54:05"
11603,142863,beetle,species,"Phyllobius oblongus",beetle,0,0,2,0,https://www.inaturalist.org/observations/168370895,"2024-08-12 09:48:04"
11604,140526,caterpillar,species,"Erannis tiliaria",caterpillar,0,0,2,0,https://www.inaturalist.org/observations/166490234,"2024-07-22 09:42:06"
11605,140131,bee,subclass,Pterygota,leafhopper,0,0,2,1,https://www.inaturalist.org/observations/166443015,"2024-07-22 09:48:05"
11606,11612,caterpillar,species,"Lymantria dispar",caterpillar,0,0,3,0,https://www.inaturalist.org/observations/163494395,"2024-06-24 09:48:07"
11607,136044,beetle,family,Mordellidae,beetle,0,0,2,0,https://www.inaturalist.org/observations/163303840,"2024-06-24 09:57:07"
11608,155183,other,species,"Aedes albopictus",fly,0,0,2,0,https://www.inaturalist.org/observations/178061929,"2024-08-12 06:12:05"
11609,155176,leafhopper,species,"Platycotis vittata",leafhopper,0,0,2,0,https://www.inaturalist.org/observations/178049962,"2024-08-12 06:12:05"
11610,155173,leafhopper,species,"Platycotis vittata",leafhopper,0,0,2,0,https://www.inaturalist.org/observations/178049004,"2024-08-12 06:12:05"
11611,155170,spider,order,Opiliones,daddylonglegs,0,0,3,1,https://www.inaturalist.org/observations/178048020,"2024-08-12 06:12:05"
11612,155157,spider,subfamily,Salticinae,spider,0,0,2,0,https://www.inaturalist.org/observations/177860445,"2024-08-12 06:12:05"
11613,155156,fly,family,Lauxaniidae,fly,0,0,2,0,https://www.inaturalist.org/observations/177860065,"2024-08-12 06:12:05"
11614,155149,ant,complex,"Temnothorax schaumii",ant,0,0,4,0,https://www.inaturalist.org/observations/177853106,"2024-08-12 06:12:05"
11615,155148,ant,complex,"Temnothorax schaumii",ant,0,0,4,0,https://www.inaturalist.org/observations/177852683,"2024-08-12 06:12:05"
11616,155104,spider,species,"Misumessus oblongus",spider,0,0,3,0,https://www.inaturalist.org/observations/177847556,"2024-08-12 06:12:05"
11617,155086,caterpillar,family,Geometridae,caterpillar,0,0,2,0,https://www.inaturalist.org/observations/177845604,"2024-08-12 06:12:05"
11618,155026,caterpillar,order,Lepidoptera,caterpillar,0,0,2,0,https://www.inaturalist.org/observations/177837789,"2024-08-12 06:12:05"
11619,154959,spider,family,Dictynidae,spider,0,0,3,0,https://www.inaturalist.org/observations/177817945,"2024-08-12 06:15:05"
11620,154845,beetle,species,"Harmonia axyridis",beetle,0,0,3,0,https://www.inaturalist.org/observations/177659968,"2024-08-12 06:15:05"
11621,154795,fly,genus,Homoneura,fly,0,0,2,0,https://www.inaturalist.org/observations/177535762,"2024-08-12 06:15:05"
11622,154788,ant,genus,Myrmica,ant,0,0,2,0,https://www.inaturalist.org/observations/177535276,"2024-08-12 06:15:05"
11623,154785,ant,genus,Myrmica,ant,0,0,2,0,https://www.inaturalist.org/observations/177533700,"2024-08-12 06:15:05"
11624,154784,spider,genus,Tetragnatha,spider,0,0,2,0,https://www.inaturalist.org/observations/177533168,"2024-08-12 06:15:05"
11625,154782,ant,subfamily,Myrmicinae,ant,0,0,4,0,https://www.inaturalist.org/observations/177532582,"2024-08-12 06:15:05"
11626,154781,unidentified,suborder,Heteroptera,truebugs,0,0,1,0,https://www.inaturalist.org/observations/177532070,"2024-08-12 06:15:05"
11627,154778,ant,genus,Myrmica,ant,0,0,2,0,https://www.inaturalist.org/observations/177530612,"2024-08-12 06:15:05"
11628,154772,unidentified,suborder,Heteroptera,truebugs,0,0,1,0,https://www.inaturalist.org/observations/177529723,"2024-08-12 06:15:05"
11629,154770,spider,genus,Tetragnatha,spider,0,0,2,0,https://www.inaturalist.org/observations/177528529,"2024-08-12 06:15:05"
11630,154760,fly,family,Chironomidae,fly,0,0,2,0,https://www.inaturalist.org/observations/177527186,"2024-08-12 06:15:05"
11631,154757,ant,genus,Myrmica,ant,0,0,2,0,https://www.inaturalist.org/observations/177525602,"2024-08-12 06:15:05"
11632,154755,unidentified,suborder,Heteroptera,truebugs,0,0,1,0,https://www.inaturalist.org/observations/177524527,"2024-08-12 06:15:05"
11633,154754,other,complex,"Forficula auricularia",Dermaptera,0,0,2,0,https://www.inaturalist.org/observations/177523874,"2024-08-12 06:15:05"
11634,154748,ant,genus,Myrmica,ant,0,0,2,0,https://www.inaturalist.org/observations/177521017,"2024-08-12 06:15:05"
11635,154747,beetle,species,"Popillia japonica",beetle,0,0,3,0,https://www.inaturalist.org/observations/177520529,"2024-08-12 06:15:05"
11636,154746,ant,genus,Myrmica,ant,0,0,2,0,https://www.inaturalist.org/observations/177519984,"2024-08-12 06:15:05"
11637,154736,caterpillar,family,Geometridae,caterpillar,0,0,2,0,https://www.inaturalist.org/observations/177506865,"2024-08-12 06:15:05"
11638,154643,spider,family,Anyphaenidae,spider,0,0,2,0,https://www.inaturalist.org/observations/177356122,"2024-08-12 06:15:05"
11639,154619,spider,subfamily,Araneinae,spider,0,0,2,0,https://www.inaturalist.org/observations/177227213,"2024-08-12 06:18:05"
11640,154618,spider,species,"Synemosyna formica",spider,0,0,2,0,https://www.inaturalist.org/observations/177226808,"2024-08-12 06:18:05"
11641,154617,truebugs,genus,Hyaliodes,truebugs,0,0,2,0,https://www.inaturalist.org/observations/177226331,"2024-08-12 06:18:05"
11642,154616,ant,species,"Myrmica rubra",ant,0,0,2,0,https://www.inaturalist.org/observations/177225696,"2024-08-12 06:18:05"
11643,154580,fly,genus,Polypedilum,fly,0,0,3,0,https://www.inaturalist.org/observations/177220613,"2024-08-12 06:18:05"
11644,154572,beetle,species,"Falsomordellistena bihamata",beetle,0,0,4,0,https://www.inaturalist.org/observations/177219708,"2024-08-12 06:18:05"
11645,154571,moths,genus,Caloptilia,moths,0,0,2,0,https://www.inaturalist.org/observations/177219142,"2024-08-12 06:18:05"
11646,154569,beetle,genus,Hyperaspis,beetle,0,0,2,0,https://www.inaturalist.org/observations/177218127,"2024-08-12 06:18:05"
11647,154539,grasshopper,genus,Oecanthus,grasshopper,0,0,3,0,https://www.inaturalist.org/observations/177212910,"2024-08-12 06:18:05"
11648,154538,spider,family,Theridiidae,spider,0,0,2,0,https://www.inaturalist.org/observations/177212288,"2024-08-12 06:18:05"
11650,154413,caterpillar,species,"Paonias excaecata",caterpillar,0,0,4,0,https://www.inaturalist.org/observations/177164065,"2024-08-12 06:18:05"
11651,154410,ant,subgenus,Myrmentoma,ant,0,0,2,0,https://www.inaturalist.org/observations/177161432,"2024-08-12 06:18:05"
11652,154380,beetle,species,"Harmonia axyridis",beetle,0,0,3,0,https://www.inaturalist.org/observations/177056000,"2024-08-12 06:18:05"
11653,154337,beetle,species,"Cyrtepistomus castaneus",beetle,0,0,2,0,https://www.inaturalist.org/observations/176778886,"2024-08-12 06:18:05"
11654,154330,aphid,species,"Shivaphis celti",aphid,0,0,3,0,https://www.inaturalist.org/observations/176775734,"2024-08-12 06:18:05"
11655,154313,spider,species,"Verrucosa arenata",spider,0,0,4,0,https://www.inaturalist.org/observations/176769806,"2024-08-12 06:18:05"
11656,153898,spider,family,Gnaphosidae,spider,0,0,2,0,https://www.inaturalist.org/observations/176438724,"2024-08-12 06:24:04"
11657,153518,spider,superfamily,Thomisoidea,spider,0,0,2,0,https://www.inaturalist.org/observations/176164588,"2024-08-12 06:27:04"
11658,153506,beetle,species,"Harmonia axyridis",beetle,0,0,3,0,https://www.inaturalist.org/observations/176158586,"2024-08-12 06:27:04"
11659,153499,spider,subfamily,Araneinae,spider,0,0,2,0,https://www.inaturalist.org/observations/176155189,"2024-08-12 06:27:04"
11660,153496,beetle,species,"Rhagonycha fulva",beetle,0,0,3,0,https://www.inaturalist.org/observations/176154259,"2024-08-12 06:27:04"
11661,153492,beetle,species,"Psyllobora vigintimaculata",beetle,0,0,2,0,https://www.inaturalist.org/observations/176152400,"2024-08-12 06:27:04"
11662,153462,spider,genus,Wulfila,spider,0,0,2,0,https://www.inaturalist.org/observations/176112437,"2024-08-12 06:27:04"
11663,152980,spider,species,"Uloborus glomosus",spider,0,0,2,0,https://www.inaturalist.org/observations/175375847,"2024-08-12 06:36:05"
11664,152809,spider,family,Salticidae,spider,0,0,2,0,https://www.inaturalist.org/observations/175357203,"2024-08-12 06:39:04"
11665,152755,beetle,species,"Cyrtepistomus castaneus",beetle,0,0,2,0,https://www.inaturalist.org/observations/175352578,"2024-08-12 06:39:04"
11666,152732,beetle,species,"Pseudoedophrys hilleri",beetle,0,0,2,0,https://www.inaturalist.org/observations/175346721,"2024-08-12 06:42:05"
11667,152152,spider,genus,Anyphaena,spider,0,0,2,0,https://www.inaturalist.org/observations/175026166,"2024-08-12 06:48:04"
11668,152070,beetle,species,"Chilocorus stigma",beetle,0,0,2,0,https://www.inaturalist.org/observations/174915586,"2024-08-12 06:51:05"
11669,150867,spider,genus,Mangora,spider,0,0,2,0,https://www.inaturalist.org/observations/173927900,"2024-08-12 07:15:05"
11670,150460,spider,subfamily,Araneinae,spider,0,0,2,0,https://www.inaturalist.org/observations/173626195,"2024-08-12 07:24:05"
11671,149795,spider,species,"Enoplognatha ovata",spider,0,0,3,0,https://www.inaturalist.org/observations/172902569,"2024-08-12 07:42:04"
11672,149768,spider,species,"Enoplognatha ovata",spider,0,0,3,0,https://www.inaturalist.org/observations/172899575,"2024-08-12 07:42:04"
11673,149552,truebugs,genus,Leptoglossus,truebugs,0,0,2,0,https://www.inaturalist.org/observations/172852845,"2024-08-12 07:48:06"
11674,148206,truebugs,genus,Sinea,truebugs,0,0,2,0,https://www.inaturalist.org/observations/172160299,"2024-08-12 08:15:06"
11675,147282,spider,genus,Mangora,spider,0,0,2,0,https://www.inaturalist.org/observations/171386660,"2024-08-12 08:33:05"
11676,139108,beetle,family,Elateridae,beetle,0,0,2,0,https://www.inaturalist.org/observations/165608502,"2024-07-15 09:54:06"
11677,68366,caterpillar,order,Lepidoptera,caterpillar,0,0,2,0,https://www.inaturalist.org/observations/163539700,"2024-06-24 09:42:07"
11678,155610,fly,family,Sarcophagidae,fly,0,0,2,0,https://www.inaturalist.org/observations/179023948,"2024-08-12 06:03:05"
11679,155606,fly,complex,"Condylostylus sipho",fly,0,0,3,0,https://www.inaturalist.org/observations/179021648,"2024-08-12 06:03:05"
11680,155566,leafhopper,species,"Acanalonia conica",leafhopper,0,0,3,0,https://www.inaturalist.org/observations/178907575,"2024-08-12 06:03:05"
11681,155557,caterpillar,species,"Hyphantria cunea",caterpillar,0,0,3,0,https://www.inaturalist.org/observations/178904287,"2024-08-12 06:03:05"
11682,155544,spider,genus,Anyphaena,spider,0,0,3,0,https://www.inaturalist.org/observations/178858186,"2024-08-12 06:06:04"
11683,155543,caterpillar,species,"Cecrita guttivitta",caterpillar,0,0,4,0,https://www.inaturalist.org/observations/178857666,"2024-08-12 06:06:04"
11684,155535,other,genus,Leucochrysa,Neuroptera,0,0,2,0,https://www.inaturalist.org/observations/178855557,"2024-08-12 06:06:04"
11685,155530,caterpillar,species,"Hyphantria cunea",caterpillar,0,0,3,0,https://www.inaturalist.org/observations/178854220,"2024-08-12 06:06:04"
11686,155508,beetle,family,Elateridae,beetle,0,0,2,0,https://www.inaturalist.org/observations/178850596,"2024-08-12 06:06:04"
11687,155510,caterpillar,family,Noctuidae,caterpillar,0,0,2,0,https://www.inaturalist.org/observations/178850201,"2024-08-12 06:06:04"
11688,155466,beetle,family,Elateridae,beetle,0,0,2,0,https://www.inaturalist.org/observations/178846941,"2024-08-12 06:06:04"
11689,155465,ant,subgenus,Crematogaster,ant,0,0,3,0,https://www.inaturalist.org/observations/178846567,"2024-08-12 06:06:04"
11690,155464,grasshopper,species,"Hapithus saltator",grasshopper,0,0,3,0,https://www.inaturalist.org/observations/178846082,"2024-08-12 06:06:04"
11691,155459,ant,complex,"Formica fusca",ant,0,0,2,0,https://www.inaturalist.org/observations/178844569,"2024-08-12 06:06:04"
11692,155458,beetle,species,"Cyrtepistomus castaneus",beetle,0,0,3,0,https://www.inaturalist.org/observations/178844147,"2024-08-12 06:06:04"
11693,155423,beetle,species,"Harmonia axyridis",beetle,0,0,3,0,https://www.inaturalist.org/observations/178841406,"2024-08-12 06:06:04"
11694,155421,spider,genus,Philodromus,spider,0,0,2,0,https://www.inaturalist.org/observations/178840669,"2024-08-12 06:06:04"
11695,155397,ant,species,"Camponotus americanus",ant,0,0,3,0,https://www.inaturalist.org/observations/178839314,"2024-08-12 06:06:04"
11696,155370,fly,superfamily,Oestroidea,fly,0,0,2,0,https://www.inaturalist.org/observations/178715863,"2024-08-12 06:06:04"
11697,155368,fly,subfamily,Coreinae,truebugs,0,0,5,1,https://www.inaturalist.org/observations/178689520,"2024-08-12 06:06:04"
11698,155361,grasshopper,genus,Oecanthus,grasshopper,0,0,4,0,https://www.inaturalist.org/observations/178683561,"2024-08-12 06:06:04"
11699,155360,spider,species,"Synemosyna formica",spider,0,0,3,0,https://www.inaturalist.org/observations/178683112,"2024-08-12 06:06:04"
11700,155355,spider,family,Dictynidae,spider,0,0,2,0,https://www.inaturalist.org/observations/178681529,"2024-08-12 06:06:04"
11701,155354,caterpillar,subfamily,Sphinginae,caterpillar,0,0,3,0,https://www.inaturalist.org/observations/178681225,"2024-08-12 06:06:04"
11702,155338,fly,complex,"Condylostylus caudatus",fly,0,0,3,0,https://www.inaturalist.org/observations/178578002,"2024-08-12 06:06:04"
11703,155337,caterpillar,species,"Halysidota harrisii",caterpillar,0,0,3,0,https://www.inaturalist.org/observations/178577607,"2024-08-12 06:06:04"
11704,155331,spider,genus,Tetragnatha,spider,0,0,2,0,https://www.inaturalist.org/observations/178575898,"2024-08-12 06:06:04"
11705,155329,spider,genus,Tetragnatha,spider,0,0,2,0,https://www.inaturalist.org/observations/178575023,"2024-08-12 06:06:05"
11706,155327,truebugs,species,"Banasa dimidiata",truebugs,0,0,3,0,https://www.inaturalist.org/observations/178574182,"2024-08-12 06:06:05"
11707,155322,fly,family,Chironomidae,fly,0,0,2,0,https://www.inaturalist.org/observations/178573459,"2024-08-12 06:06:05"
11708,155320,spider,species,"Theridula emertoni",spider,0,0,2,0,https://www.inaturalist.org/observations/178572938,"2024-08-12 06:06:05"
11709,155319,spider,genus,Philodromus,spider,0,0,2,0,https://www.inaturalist.org/observations/178572508,"2024-08-12 06:06:05"
11710,155316,spider,genus,Cheiracanthium,spider,0,0,2,0,https://www.inaturalist.org/observations/178572065,"2024-08-12 06:06:05"
11711,155311,leafhopper,tribe,Gyponini,leafhopper,0,0,2,0,https://www.inaturalist.org/observations/178570331,"2024-08-12 06:09:04"
11712,155307,ant,genus,Myrmica,ant,0,0,2,0,https://www.inaturalist.org/observations/178568929,"2024-08-12 06:09:04"
11713,155305,spider,genus,Tetragnatha,spider,0,0,2,0,https://www.inaturalist.org/observations/178568287,"2024-08-12 06:09:04"
11714,155303,spider,species,"Neoscona arabesca",spider,0,0,2,0,https://www.inaturalist.org/observations/178567284,"2024-08-12 06:09:04"
11715,155300,fly,subfamily,Chironominae,fly,0,0,2,0,https://www.inaturalist.org/observations/178565947,"2024-08-12 06:09:04"
11716,155298,fly,family,Chironomidae,fly,0,0,2,0,https://www.inaturalist.org/observations/178564969,"2024-08-12 06:09:04"
11717,155297,beetle,species,"Harmonia axyridis",beetle,0,0,3,0,https://www.inaturalist.org/observations/178564525,"2024-08-12 06:09:04"
11718,155294,fly,family,Chironomidae,fly,0,0,2,0,https://www.inaturalist.org/observations/178563257,"2024-08-12 06:09:04"
11719,155293,spider,genus,Tetragnatha,spider,0,0,2,0,https://www.inaturalist.org/observations/178562810,"2024-08-12 06:09:04"
11720,155292,spider,genus,Clubiona,spider,0,0,2,0,https://www.inaturalist.org/observations/178562323,"2024-08-12 06:09:04"
11721,155289,spider,family,Philodromidae,spider,0,0,2,0,https://www.inaturalist.org/observations/178561130,"2024-08-12 06:09:05"
11722,155288,spider,genus,Philodromus,spider,0,0,2,0,https://www.inaturalist.org/observations/178560681,"2024-08-12 06:09:05"
11723,155285,fly,order,Psocodea,Psocodea,0,0,3,1,https://www.inaturalist.org/observations/178559408,"2024-08-12 06:09:05"
11724,155284,beetle,species,"Chilocorus stigma",beetle,0,0,2,0,https://www.inaturalist.org/observations/178558892,"2024-08-12 06:09:05"
11725,155273,beetle,species,"Harmonia axyridis",beetle,0,0,3,0,https://www.inaturalist.org/observations/178555773,"2024-08-12 06:09:05"
11726,155268,spider,subfamily,Thomisinae,spider,0,0,3,0,https://www.inaturalist.org/observations/178553134,"2024-08-12 06:09:05"
11727,155263,spider,subfamily,Thomisinae,spider,0,0,3,0,https://www.inaturalist.org/observations/178552405,"2024-08-12 06:09:05"
11728,155244,caterpillar,species,"Atteva aurea",caterpillar,0,0,3,0,https://www.inaturalist.org/observations/178546525,"2024-08-12 06:09:05"
11729,155227,beetle,suborder,Hemerobiiformia,Neuroptera,0,0,3,1,https://www.inaturalist.org/observations/178374114,"2024-08-12 06:09:05"
11730,155200,grasshopper,genus,Oecanthus,grasshopper,0,0,3,0,https://www.inaturalist.org/observations/178362649,"2024-08-12 06:09:05"
11731,155196,beetle,species,"Psyllobora vigintimaculata",beetle,0,0,4,0,https://www.inaturalist.org/observations/178361578,"2024-08-12 06:09:05"
11732,155191,leafhopper,species,"Acanalonia conica",leafhopper,0,0,2,0,https://www.inaturalist.org/observations/178358288,"2024-08-12 06:12:05"
11733,155178,beetle,species,"Popillia japonica",beetle,0,0,3,0,https://www.inaturalist.org/observations/178053616,"2024-08-12 06:12:05"
11734,155162,beetle,superfamily,Pentatomoidea,truebugs,0,0,3,1,https://www.inaturalist.org/observations/178041261,"2024-08-12 06:12:05"
11735,153525,spider,subfamily,Araneinae,spider,0,0,2,0,https://www.inaturalist.org/observations/176167991,"2024-08-12 06:27:04"
11736,152805,ant,subgenus,Crematogaster,ant,0,0,2,0,https://www.inaturalist.org/observations/175355893,"2024-08-12 06:39:04"
11737,152791,ant,subgenus,Crematogaster,ant,0,0,2,0,https://www.inaturalist.org/observations/175354767,"2024-08-12 06:39:04"
11738,152756,ant,subgenus,Crematogaster,ant,0,0,2,0,https://www.inaturalist.org/observations/175352941,"2024-08-12 06:39:04"
11739,152623,spider,species,"Enoplognatha ovata",spider,0,0,3,0,https://www.inaturalist.org/observations/175217684,"2024-08-12 06:42:05"
11740,151277,spider,subfamily,Salticinae,spider,0,0,2,0,https://www.inaturalist.org/observations/174092373,"2024-08-12 07:12:06"
11741,149736,spider,family,Theridiidae,spider,0,0,2,0,https://www.inaturalist.org/observations/172890975,"2024-08-12 07:45:05"
11742,148114,spider,subfamily,Salticinae,spider,0,0,2,0,https://www.inaturalist.org/observations/172148514,"2024-08-12 08:18:05"
11743,147301,spider,superfamily,Thomisoidea,spider,0,0,2,0,https://www.inaturalist.org/observations/171389425,"2024-08-12 08:33:05"
11744,146938,spider,subfamily,Salticinae,spider,0,0,2,0,https://www.inaturalist.org/observations/171196442,"2024-08-12 08:39:04"
11745,146080,other,species,"Grylloprociphilus imbricator",aphid,0,0,2,0,https://www.inaturalist.org/observations/170317098,"2024-08-12 08:48:05"
11746,140187,bee,stateofmatter,Life,bee,0,0,1,0,https://www.inaturalist.org/observations/166455883,"2024-07-22 09:45:06"
11747,137738,beetle,family,Elateridae,beetle,0,0,2,0,https://www.inaturalist.org/observations/164661119,"2024-07-01 09:36:05"
11748,137002,beetle,family,Coccinellidae,beetle,1,0,2,0,https://www.inaturalist.org/observations/163825622,"2024-07-01 09:54:06"
11749,136240,beetle,family,Coccinellidae,beetle,1,0,2,0,https://www.inaturalist.org/observations/163362920,"2024-06-24 09:51:07"
11750,136239,beetle,family,Coccinellidae,beetle,1,0,2,0,https://www.inaturalist.org/observations/163362450,"2024-06-24 09:51:07"
11751,136188,beetle,species,"Harmonia axyridis",beetle,0,0,3,0,https://www.inaturalist.org/observations/163325628,"2024-06-24 09:54:06"
11752,136174,beetle,species,"Harmonia axyridis",beetle,0,0,3,0,https://www.inaturalist.org/observations/163321699,"2024-06-24 09:54:06"
11753,136124,beetle,species,"Harmonia axyridis",beetle,1,0,3,0,https://www.inaturalist.org/observations/163316368,"2024-06-24 09:54:06"
11754,136088,beetle,species,"Harmonia axyridis",beetle,1,0,3,0,https://www.inaturalist.org/observations/163312360,"2024-06-24 09:54:06"
11755,136049,beetle,family,Coccinellidae,beetle,1,0,2,0,https://www.inaturalist.org/observations/163304827,"2024-06-24 09:57:07"
11756,135191,beetle,family,Coccinellidae,beetle,0,0,2,0,https://www.inaturalist.org/observations/162319406,"2024-06-17 09:36:07"
11757,134890,beetle,family,Coccinellidae,beetle,1,0,2,0,https://www.inaturalist.org/observations/161978803,"2024-06-17 09:42:06"
11758,134875,beetle,family,Coccinellidae,beetle,1,0,2,0,https://www.inaturalist.org/observations/161974117,"2024-06-17 09:45:07"
11759,134030,beetle,family,Coccinellidae,beetle,0,0,2,0,https://www.inaturalist.org/observations/159746628,"2024-06-10 09:21:06"
11760,134028,beetle,species,"Harmonia axyridis",beetle,0,0,3,0,https://www.inaturalist.org/observations/159745463,"2024-06-10 09:21:06"
11761,134024,beetle,species,"Harmonia axyridis",beetle,0,0,3,0,https://www.inaturalist.org/observations/159744078,"2024-06-10 09:24:05"
11762,134023,beetle,species,"Harmonia axyridis",beetle,1,0,3,0,https://www.inaturalist.org/observations/159743332,"2024-06-10 09:24:05"
11763,134020,beetle,species,"Harmonia axyridis",beetle,0,0,3,0,https://www.inaturalist.org/observations/159742379,"2024-06-10 09:24:05"
11764,133807,beetle,species,"Harmonia axyridis",beetle,1,0,4,0,https://www.inaturalist.org/observations/159735500,"2024-06-10 09:24:05"
11765,133792,beetle,family,Coccinellidae,beetle,1,0,2,0,https://www.inaturalist.org/observations/159734513,"2024-06-10 09:24:05"
11766,132714,spider,family,Dictynidae,spider,0,0,2,0,https://www.inaturalist.org/observations/134297077,"2024-06-10 09:36:06"
11767,132710,spider,family,Dictynidae,spider,0,0,2,0,https://www.inaturalist.org/observations/134295523,"2024-06-10 09:36:06"
11768,132334,spider,subfamily,Salticinae,spider,0,0,2,0,https://www.inaturalist.org/observations/132817694,"2024-06-10 09:42:07"
11769,132331,spider,family,Dictynidae,spider,0,0,2,0,https://www.inaturalist.org/observations/132817004,"2024-06-10 09:42:07"
11770,130966,spider,family,Anyphaenidae,spider,0,0,2,0,https://www.inaturalist.org/observations/129545400,"2024-06-03 09:39:06"
11771,129482,beetle,family,Coccinellidae,beetle,1,0,2,0,https://www.inaturalist.org/observations/128167412,"2024-05-27 09:30:07"
11772,127968,spider,family,Philodromidae,spider,0,0,2,0,https://www.inaturalist.org/observations/127114660,"2024-05-27 09:51:06"
11773,156140,fly,zoosubsection,Acalyptratae,fly,0,0,2,0,https://www.inaturalist.org/observations/180118048,"2024-08-12 06:00:05"
11774,156131,spider,family,Anyphaenidae,spider,0,0,2,0,https://www.inaturalist.org/observations/180044138,"2024-08-12 06:00:05"
11775,156130,grasshopper,species,"Phyllopalpus pulchellus",grasshopper,0,0,3,0,https://www.inaturalist.org/observations/180043740,"2024-08-12 06:00:05"
11776,156108,spider,family,Araneidae,spider,0,0,2,0,https://www.inaturalist.org/observations/180038252,"2024-08-12 06:00:05"
11777,156107,caterpillar,order,Lepidoptera,caterpillar,0,0,2,0,https://www.inaturalist.org/observations/180001391,"2024-08-12 06:00:05"
11778,156106,beetle,species,"Harmonia axyridis",beetle,0,0,3,0,https://www.inaturalist.org/observations/180000985,"2024-08-12 06:00:05"
11779,156105,beetle,species,"Harmonia axyridis",beetle,1,0,4,0,https://www.inaturalist.org/observations/180000525,"2024-08-12 06:00:05"
11780,156104,fly,genus,Amblypsilopus,fly,0,0,3,0,https://www.inaturalist.org/observations/179999912,"2024-08-12 06:00:05"
11781,156094,beetle,species,"Pseudoedophrys hilleri",beetle,0,0,2,0,https://www.inaturalist.org/observations/179988344,"2024-08-12 06:00:05"
11782,156037,caterpillar,species,"Antheraea polyphemus",caterpillar,0,0,3,0,https://www.inaturalist.org/observations/179968113,"2024-08-12 06:00:05"
11783,156030,fly,genus,Culex,fly,0,0,3,0,https://www.inaturalist.org/observations/179938362,"2024-08-12 06:00:05"
11784,156029,bee,species,"Vespula maculifrons",bee,0,0,3,0,https://www.inaturalist.org/observations/179938203,"2024-08-12 06:00:05"
11785,156028,moths,genus,Apoda,caterpillar,0,0,3,0,https://www.inaturalist.org/observations/179938027,"2024-08-12 06:00:05"
11786,156027,moths,species,"Antheraea polyphemus",moths,0,0,3,0,https://www.inaturalist.org/observations/179937815,"2024-08-12 06:00:05"
11787,156018,caterpillar,order,Lepidoptera,caterpillar,0,0,2,0,https://www.inaturalist.org/observations/179730922,"2024-08-12 06:00:05"
11788,156012,caterpillar,species,"Halysidota tessellaris",caterpillar,0,0,3,0,https://www.inaturalist.org/observations/179722149,"2024-08-12 06:00:05"
11789,156008,spider,family,Thomisidae,spider,0,0,2,0,https://www.inaturalist.org/observations/179721257,"2024-08-12 06:00:05"
11790,156004,fly,family,Sarcophagidae,fly,0,0,3,0,https://www.inaturalist.org/observations/179704033,"2024-08-12 06:00:05"
11791,155689,spider,genus,Tetragnatha,spider,0,0,2,0,https://www.inaturalist.org/observations/179536410,"2024-08-12 06:00:05"
11792,155688,spider,genus,Tetragnatha,spider,0,0,2,0,https://www.inaturalist.org/observations/179535906,"2024-08-12 06:00:05"
11793,155686,spider,species,"Pisaurina mira",spider,0,0,3,0,https://www.inaturalist.org/observations/179535378,"2024-08-12 06:00:05"
11794,155675,spider,genus,Synemosyna,spider,0,0,2,0,https://www.inaturalist.org/observations/179532174,"2024-08-12 06:03:05"
11795,155674,caterpillar,species,"Halysidota tessellaris",caterpillar,0,0,4,0,https://www.inaturalist.org/observations/179531690,"2024-08-12 06:03:05"
11796,155672,spider,family,Anyphaenidae,spider,0,0,2,0,https://www.inaturalist.org/observations/179531350,"2024-08-12 06:03:05"
11797,155671,beetle,species,"Demotina modesta",beetle,0,0,3,0,https://www.inaturalist.org/observations/179530972,"2024-08-12 06:03:05"
11798,155670,ant,subgenus,Crematogaster,ant,0,0,2,0,https://www.inaturalist.org/observations/179530630,"2024-08-12 06:03:05"
11799,155664,spider,family,Philodromidae,spider,0,0,2,0,https://www.inaturalist.org/observations/179528133,"2024-08-12 06:03:05"
11800,155663,ant,subgenus,Crematogaster,ant,0,0,2,0,https://www.inaturalist.org/observations/179527814,"2024-08-12 06:03:05"
11801,155662,leafhopper,species,"Ormenoides venusta",leafhopper,0,0,2,0,https://www.inaturalist.org/observations/179527382,"2024-08-12 06:03:05"
11802,155660,caterpillar,order,Lepidoptera,caterpillar,0,0,2,0,https://www.inaturalist.org/observations/179526902,"2024-08-12 06:03:05"
11803,155659,caterpillar,family,Geometridae,caterpillar,0,0,2,0,https://www.inaturalist.org/observations/179526451,"2024-08-12 06:03:05"
11804,155656,fly,family,Chloropidae,fly,0,0,2,0,https://www.inaturalist.org/observations/179525505,"2024-08-12 06:03:05"
11805,155653,caterpillar,species,"Heterocampa obliqua",caterpillar,0,0,3,0,https://www.inaturalist.org/observations/179524463,"2024-08-12 06:03:05"
11806,155652,leafhopper,species,"Metcalfa pruinosa",leafhopper,0,0,2,0,https://www.inaturalist.org/observations/179524107,"2024-08-12 06:03:05"
11807,155650,caterpillar,family,Geometridae,caterpillar,0,0,2,0,https://www.inaturalist.org/observations/179523402,"2024-08-12 06:03:05"
11808,155647,ant,genus,Colobopsis,ant,0,0,2,0,https://www.inaturalist.org/observations/179522143,"2024-08-12 06:03:05"
11809,155644,spider,genus,Philodromus,spider,0,0,2,0,https://www.inaturalist.org/observations/179521312,"2024-08-12 06:03:05"
11810,153454,spider,subfamily,Ageleninae,spider,0,0,3,0,https://www.inaturalist.org/observations/176092707,"2024-08-12 06:27:04"
11811,152620,beetle,species,"Harmonia axyridis",beetle,0,0,3,0,https://www.inaturalist.org/observations/175215810,"2024-08-12 06:42:05"
11812,152125,moths,genus,Coleophora,moths,0,0,2,0,https://www.inaturalist.org/observations/174938913,"2024-08-12 06:48:04"
11813,147237,caterpillar,order,Lepidoptera,caterpillar,0,0,2,0,https://www.inaturalist.org/observations/171378714,"2024-08-12 08:33:05"
11814,146750,caterpillar,species,"Paraclemensia acerifoliella",caterpillar,0,0,2,0,https://www.inaturalist.org/observations/170830279,"2024-08-12 08:45:05"
11815,146741,caterpillar,genus,Phyllonorycter,caterpillar,0,0,2,0,https://www.inaturalist.org/observations/170828419,"2024-08-12 08:45:05"
11816,132553,caterpillar,family,Geometridae,caterpillar,0,0,2,0,https://www.inaturalist.org/observations/133376661,"2024-06-10 09:39:06"
11817,129146,grasshopper,genus,Cyrtoxipha,grasshopper,0,0,2,0,https://www.inaturalist.org/observations/127994849,"2024-05-27 09:36:05"
11818,129139,grasshopper,genus,Cyrtoxipha,grasshopper,0,0,2,0,https://www.inaturalist.org/observations/127994456,"2024-05-27 09:36:05"
11819,129117,grasshopper,genus,Cyrtoxipha,grasshopper,0,0,2,0,https://www.inaturalist.org/observations/127990857,"2024-05-27 09:36:05"
11820,124420,grasshopper,genus,Oecanthus,grasshopper,0,0,3,0,https://www.inaturalist.org/observations/125207730,"2024-05-13 09:51:03"
11821,123512,grasshopper,genus,Cyrtoxipha,grasshopper,0,0,2,0,https://www.inaturalist.org/observations/124883103,"2024-05-06 09:48:04"
11822,123493,grasshopper,genus,Cyrtoxipha,grasshopper,0,0,2,0,https://www.inaturalist.org/observations/124880381,"2024-05-06 09:48:04"
11823,122667,grasshopper,genus,Cyrtoxipha,grasshopper,0,0,2,0,https://www.inaturalist.org/observations/124268896,"2024-05-06 09:57:04"
11824,122465,grasshopper,species,"Phyllopalpus pulchellus",grasshopper,0,0,2,0,https://www.inaturalist.org/observations/124160190,"2023-11-13 09:57:05"
11825,122402,grasshopper,superfamily,Grylloidea,grasshopper,0,0,2,0,https://www.inaturalist.org/observations/124150711,"2023-11-13 09:57:05"
11826,122385,grasshopper,superfamily,Grylloidea,grasshopper,0,0,2,0,https://www.inaturalist.org/observations/124148507,"2023-11-13 09:57:05"
11827,121654,grasshopper,subclass,Pterygota,grasshopper,0,0,1,0,https://www.inaturalist.org/observations/123851284,"2023-08-28 09:57:04"
11828,156261,spider,family,Salticidae,spider,0,0,2,0,https://www.inaturalist.org/observations/181213686,"2024-08-12 05:57:04"
11829,156257,unidentified,genus,Palaminus,beetle,0,0,2,0,https://www.inaturalist.org/observations/181212763,"2024-08-12 05:57:04"
11830,156253,fly,suborder,Heteroptera,truebugs,0,0,3,1,https://www.inaturalist.org/observations/181211109,"2024-08-12 05:57:04"
11831,156248,spider,family,Philodromidae,spider,0,0,2,0,https://www.inaturalist.org/observations/181209684,"2024-08-12 05:57:04"
11832,156243,beetle,genus,Paria,beetle,0,0,2,0,https://www.inaturalist.org/observations/181207330,"2024-08-12 05:57:04"
11833,156239,spider,genus,Hentzia,spider,0,0,2,0,https://www.inaturalist.org/observations/181205671,"2024-08-12 05:57:04"
11834,156232,spider,species,"Mecaphesa asperata",spider,0,0,2,0,https://www.inaturalist.org/observations/181202898,"2024-08-12 05:57:04"
11835,156229,daddylonglegs,species,"Leiobunum vittatum",daddylonglegs,0,0,2,0,https://www.inaturalist.org/observations/181200034,"2024-08-12 05:57:04"
11836,156224,bee,species,"Vespula flavopilosa",bee,0,0,4,0,https://www.inaturalist.org/observations/181196560,"2024-08-12 05:57:04"
11837,156223,fly,family,Sarcophagidae,fly,0,0,2,0,https://www.inaturalist.org/observations/181196239,"2024-08-12 05:57:04"
11838,156219,spider,family,Dictynidae,spider,0,0,2,0,https://www.inaturalist.org/observations/181194247,"2024-08-12 05:57:04"
11839,156210,other,species,"Ectobius lapponicus",Blattodea,0,0,2,0,https://www.inaturalist.org/observations/181120607,"2024-08-12 05:57:05"
11840,156206,fly,genus,Pollenia,fly,0,0,2,0,https://www.inaturalist.org/observations/181052757,"2024-08-12 05:57:05"
11841,156205,bee,species,"Apis mellifera",bee,0,0,3,0,https://www.inaturalist.org/observations/181052381,"2024-08-12 05:57:05"
11842,156204,bee,species,"Apis mellifera",bee,0,0,3,0,https://www.inaturalist.org/observations/181052060,"2024-08-12 05:57:05"
11843,156203,bee,species,"Bombus impatiens",bee,0,0,3,0,https://www.inaturalist.org/observations/181051619,"2024-08-12 05:57:05"
11844,156202,bee,species,"Apis mellifera",bee,0,0,3,0,https://www.inaturalist.org/observations/181051285,"2024-08-12 06:00:05"
11845,156201,bee,species,"Dolichovespula maculata",bee,0,0,5,0,https://www.inaturalist.org/observations/181050875,"2024-08-12 06:00:05"
11846,156142,bee,suborder,Brachycera,fly,0,0,3,1,https://www.inaturalist.org/observations/180120916,"2024-08-12 06:00:05"
11847,155546,ant,subgenus,Myrmentoma,ant,0,0,2,0,https://www.inaturalist.org/observations/178859400,"2024-08-12 06:06:04"
11848,153945,beetle,species,"Harmonia axyridis",beetle,1,0,4,0,https://www.inaturalist.org/observations/176454826,"2024-08-12 06:24:04"
11849,152026,truebugs,genus,Sinea,truebugs,0,0,2,0,https://www.inaturalist.org/observations/175709702,"2024-08-12 06:33:04"
11850,156520,beetle,family,Aderidae,beetle,0,0,2,0,https://www.inaturalist.org/observations/182472889,"2024-08-12 05:54:04"
11851,156519,beetle,genus,Palaminus,beetle,0,0,2,0,https://www.inaturalist.org/observations/182472356,"2024-08-12 05:54:04"
11852,156514,caterpillar,species,"Orgyia leucostigma",caterpillar,0,0,3,0,https://www.inaturalist.org/observations/182471104,"2024-08-12 05:54:04"
11853,156511,beetle,species,"Notoxus murinipennis",beetle,0,0,3,0,https://www.inaturalist.org/observations/182469913,"2024-08-12 05:54:04"
11854,156510,leafhopper,species,"Omolicna uhleri",leafhopper,0,0,3,0,https://www.inaturalist.org/observations/182469501,"2024-08-12 05:54:04"
11855,156504,spider,family,Salticidae,spider,0,0,2,0,https://www.inaturalist.org/observations/182211698,"2024-08-12 05:54:04"
11856,156489,caterpillar,species,"Schizura ipomaeae",caterpillar,0,0,4,0,https://www.inaturalist.org/observations/182181137,"2024-08-12 05:54:04"
11857,156347,caterpillar,genus,Panopoda,caterpillar,0,0,2,0,https://www.inaturalist.org/observations/181731636,"2024-08-12 05:54:04"
11858,156340,ant,species,"Crematogaster ashmeadi",ant,0,0,4,0,https://www.inaturalist.org/observations/181729143,"2024-08-12 05:54:04"
11859,156324,fly,family,Lauxaniidae,fly,0,0,2,0,https://www.inaturalist.org/observations/181724683,"2024-08-12 05:54:04"
11860,156269,ant,species,"Prenolepis imparis",ant,0,0,2,1,https://www.inaturalist.org/observations/181217312,"2024-08-12 05:57:04"
11861,156266,ant,species,"Tapinoma sessile",ant,0,0,2,1,https://www.inaturalist.org/observations/181215938,"2024-08-12 05:57:04"
11862,156242,ant,species,"Camponotus subbarbatus",ant,0,0,2,1,https://www.inaturalist.org/observations/181206841,"2024-08-12 05:57:04"
11863,156227,bee,species,"Vespula maculifrons",bee,0,0,3,0,https://www.inaturalist.org/observations/181197274,"2024-08-12 05:57:04"
11864,155296,spider,genus,Tetragnatha,spider,0,0,2,0,https://www.inaturalist.org/observations/178564169,"2024-08-12 06:09:04"
11865,152745,unidentified,genus,Micromus,Neuroptera,0,0,2,0,https://www.inaturalist.org/observations/175349972,"2024-08-12 06:39:04"
11866,152736,unidentified,suborder,Heteroptera,truebugs,0,0,1,0,https://www.inaturalist.org/observations/175347668,"2024-08-12 06:39:04"
11867,141457,beetle,family,Chrysomelidae,beetle,0,0,2,0,https://www.inaturalist.org/observations/167363283,"2024-08-05 09:57:05"
11868,156622,leafhopper,species,"Clastoptera obtusa",leafhopper,0,0,2,0,https://www.inaturalist.org/observations/183241009,"2024-08-12 05:51:04"
11869,156607,fly,order,Psocodea,Psocodea,0,0,3,1,https://www.inaturalist.org/observations/183210056,"2024-08-12 05:51:04"
11870,156605,caterpillar,species,"Schizura ipomaeae",caterpillar,0,0,4,0,https://www.inaturalist.org/observations/183209427,"2024-08-12 05:54:04"
11871,156518,caterpillar,genus,Elaphria,caterpillar,0,0,3,0,https://www.inaturalist.org/observations/182471924,"2024-08-12 05:54:04"
11872,156351,spider,family,Salticidae,spider,0,0,2,0,https://www.inaturalist.org/observations/181732564,"2024-08-12 05:54:04"
11873,156349,spider,family,Salticidae,spider,0,0,2,0,https://www.inaturalist.org/observations/181732250,"2024-08-12 05:54:04"
11874,152637,bee,family,Ichneumonidae,bee,0,0,2,0,https://www.inaturalist.org/observations/175221473,"2024-08-12 06:42:05"
11875,152529,bee,species,"Pseudomethoca frigida",bee,0,0,3,0,https://www.inaturalist.org/observations/175205470,"2024-08-12 06:42:05"
11876,139183,other,order,Blattodea,Blattodea,0,0,1,0,https://www.inaturalist.org/observations/165714928,"2024-07-15 09:51:06"
11877,129939,caterpillar,order,Lepidoptera,caterpillar,0,0,2,0,https://www.inaturalist.org/observations/128468986,"2024-06-03 09:54:05"
11878,156660,leafhopper,species,"Platycotis vittata",leafhopper,0,0,2,0,https://www.inaturalist.org/observations/183543921,"2024-08-12 05:51:04"
11879,156658,leafhopper,species,"Platycotis vittata",leafhopper,0,0,2,0,https://www.inaturalist.org/observations/183543381,"2024-08-12 05:51:04"
11880,156623,fly,genus,Tipula,fly,0,0,2,0,https://www.inaturalist.org/observations/183365339,"2024-08-12 05:51:04"
11881,156101,leafhopper,family,Tingidae,truebugs,0,0,3,1,https://www.inaturalist.org/observations/179994471,"2024-08-12 06:00:05"
11882,155282,spider,genus,Clubiona,spider,0,0,2,0,https://www.inaturalist.org/observations/178557844,"2024-08-12 06:09:05"
11883,153242,caterpillar,family,Gracillariidae,caterpillar,0,0,2,0,https://www.inaturalist.org/observations/175401787,"2024-08-12 06:33:04"
11884,153202,caterpillar,family,Gracillariidae,caterpillar,0,0,2,0,https://www.inaturalist.org/observations/175400288,"2024-08-12 06:33:04"
11885,153174,caterpillar,family,Gracillariidae,caterpillar,0,0,2,0,https://www.inaturalist.org/observations/175399360,"2024-08-12 06:33:04"
11886,153127,caterpillar,genus,Phyllonorycter,caterpillar,0,0,2,0,https://www.inaturalist.org/observations/175398916,"2024-08-12 06:33:04"
11887,153123,caterpillar,family,Gracillariidae,caterpillar,0,0,2,0,https://www.inaturalist.org/observations/175398441,"2024-08-12 06:33:04"
11888,152865,caterpillar,order,Lepidoptera,caterpillar,0,0,2,0,https://www.inaturalist.org/observations/175361944,"2024-08-12 06:39:04"
11889,152819,caterpillar,genus,Phyllonorycter,caterpillar,0,0,2,0,https://www.inaturalist.org/observations/175358956,"2024-08-12 06:39:04"
11890,145690,bee,subclass,Pterygota,fly,0,0,2,1,https://www.inaturalist.org/observations/170109917,"2024-08-12 08:57:04"
11891,141777,bee,subclass,Pterygota,fly,0,0,2,1,https://www.inaturalist.org/observations/167528292,"2024-08-05 09:51:05"
11892,140194,grasshopper,genus,Oecanthus,grasshopper,0,0,3,0,https://www.inaturalist.org/observations/166458924,"2024-07-22 09:45:06"
11893,140010,grasshopper,genus,Cyrtoxipha,grasshopper,0,0,2,0,https://www.inaturalist.org/observations/166420542,"2024-07-22 09:51:06"
11894,139989,grasshopper,genus,Cyrtoxipha,grasshopper,0,0,2,0,https://www.inaturalist.org/observations/166414571,"2024-07-22 09:51:06"
11895,139798,grasshopper,genus,Oecanthus,grasshopper,0,0,3,0,https://www.inaturalist.org/observations/166259711,"2024-07-22 09:54:05"
11896,139762,grasshopper,genus,Hapithus,grasshopper,0,0,2,0,https://www.inaturalist.org/observations/166250423,"2024-07-22 09:57:06"
11897,139743,grasshopper,genus,Oecanthus,grasshopper,0,0,3,0,https://www.inaturalist.org/observations/166246313,"2024-07-22 09:57:06"
11898,139649,grasshopper,genus,Hapithus,grasshopper,0,0,2,0,https://www.inaturalist.org/observations/166086824,"2024-07-15 09:36:06"
11899,139641,grasshopper,genus,Hapithus,grasshopper,0,0,2,0,https://www.inaturalist.org/observations/166083802,"2024-07-15 09:36:06"
11900,139640,grasshopper,genus,Oecanthus,grasshopper,0,0,3,0,https://www.inaturalist.org/observations/166083352,"2024-07-15 09:36:06"
11901,139639,grasshopper,genus,Cyrtoxipha,grasshopper,0,0,2,0,https://www.inaturalist.org/observations/166082844,"2024-07-15 09:36:06"
11902,139626,grasshopper,genus,Hapithus,grasshopper,0,0,2,0,https://www.inaturalist.org/observations/166077989,"2024-07-15 09:36:06"
11903,139622,grasshopper,genus,Hapithus,grasshopper,0,0,2,0,https://www.inaturalist.org/observations/166077043,"2024-07-15 09:36:06"
11904,139618,grasshopper,genus,Hapithus,grasshopper,0,0,2,0,https://www.inaturalist.org/observations/166075687,"2024-07-15 09:36:06"
11905,139613,grasshopper,genus,Cyrtoxipha,grasshopper,0,0,2,0,https://www.inaturalist.org/observations/166073957,"2024-07-15 09:36:06"
11906,139493,grasshopper,genus,Cyrtoxipha,grasshopper,0,0,2,0,https://www.inaturalist.org/observations/165938412,"2024-07-15 09:42:06"
11907,139478,grasshopper,genus,Cyrtoxipha,grasshopper,0,0,2,0,https://www.inaturalist.org/observations/165937053,"2024-07-15 09:42:06"
11908,139465,grasshopper,genus,Cyrtoxipha,grasshopper,0,0,2,0,https://www.inaturalist.org/observations/165934038,"2024-07-15 09:42:06"
11909,139456,grasshopper,genus,Hapithus,grasshopper,0,0,2,0,https://www.inaturalist.org/observations/165932312,"2024-07-15 09:42:06"
11910,139396,grasshopper,genus,Cyrtoxipha,grasshopper,0,0,2,0,https://www.inaturalist.org/observations/165918548,"2024-07-15 09:45:06"
11911,139373,grasshopper,genus,Hapithus,grasshopper,0,0,2,0,https://www.inaturalist.org/observations/165911920,"2024-07-15 09:45:06"
11912,139364,grasshopper,genus,Cyrtoxipha,grasshopper,0,0,2,0,https://www.inaturalist.org/observations/165910362,"2024-07-15 09:45:06"
11913,139322,grasshopper,genus,Oecanthus,grasshopper,0,0,3,0,https://www.inaturalist.org/observations/165900042,"2024-07-15 09:48:05"
11914,139318,grasshopper,genus,Cyrtoxipha,grasshopper,0,0,2,0,https://www.inaturalist.org/observations/165898825,"2024-07-15 09:48:05"
11915,139227,grasshopper,genus,Oecanthus,grasshopper,0,0,3,0,https://www.inaturalist.org/observations/165723595,"2024-07-15 09:51:06"
11916,139165,grasshopper,suborder,Ensifera,grasshopper,0,0,2,0,https://www.inaturalist.org/observations/165713152,"2024-07-15 09:51:06"
11917,139155,grasshopper,genus,Hapithus,grasshopper,0,0,2,0,https://www.inaturalist.org/observations/165711907,"2024-07-15 09:51:06"
11918,138251,grasshopper,suborder,Ensifera,grasshopper,0,0,2,0,https://www.inaturalist.org/observations/164981319,"2024-07-08 09:51:05"
11919,138207,grasshopper,suborder,Ensifera,grasshopper,0,0,2,0,https://www.inaturalist.org/observations/164974543,"2024-07-08 09:51:05"
11920,138197,grasshopper,genus,Cyrtoxipha,grasshopper,0,0,2,0,https://www.inaturalist.org/observations/164972730,"2024-07-08 09:51:05"
11921,138153,grasshopper,suborder,Ensifera,grasshopper,0,0,2,0,https://www.inaturalist.org/observations/164967088,"2024-07-08 09:54:05"
11922,138023,grasshopper,superfamily,Grylloidea,grasshopper,0,0,2,0,https://www.inaturalist.org/observations/164803384,"2024-07-08 09:54:05"
11923,137950,grasshopper,genus,Oecanthus,grasshopper,0,0,3,0,https://www.inaturalist.org/observations/164738145,"2024-07-08 09:57:05"
11924,137689,grasshopper,suborder,Ensifera,grasshopper,0,0,2,0,https://www.inaturalist.org/observations/164651336,"2024-07-01 09:39:05"
11925,136957,grasshopper,genus,Cyrtoxipha,grasshopper,0,0,2,0,https://www.inaturalist.org/observations/163819675,"2024-07-01 09:54:06"
11926,136908,grasshopper,suborder,Ensifera,grasshopper,0,0,2,0,https://www.inaturalist.org/observations/163812534,"2024-07-01 09:57:05"
11927,136859,grasshopper,suborder,Ensifera,grasshopper,0,0,2,0,https://www.inaturalist.org/observations/163806764,"2024-07-01 09:57:05"
11928,136857,grasshopper,suborder,Ensifera,grasshopper,0,0,2,0,https://www.inaturalist.org/observations/163806327,"2024-07-01 09:57:05"
11929,136203,grasshopper,genus,Cyrtoxipha,grasshopper,0,0,2,0,https://www.inaturalist.org/observations/163329933,"2024-06-24 09:54:06"
11930,136193,grasshopper,suborder,Ensifera,grasshopper,0,0,2,0,https://www.inaturalist.org/observations/163327655,"2024-06-24 09:54:06"
11931,135861,grasshopper,genus,Hapithus,grasshopper,0,0,2,0,https://www.inaturalist.org/observations/163132357,"2024-06-17 09:24:06"
11932,135394,grasshopper,species,"Neoxabea bipunctata",grasshopper,0,0,3,0,https://www.inaturalist.org/observations/162373570,"2024-06-17 09:30:08"
11933,135358,grasshopper,genus,Cyrtoxipha,grasshopper,0,0,2,0,https://www.inaturalist.org/observations/162343740,"2024-06-17 09:33:07"
11934,135217,grasshopper,superfamily,Grylloidea,grasshopper,0,0,2,0,https://www.inaturalist.org/observations/162325969,"2024-06-17 09:33:07"
11935,135209,grasshopper,genus,Oecanthus,grasshopper,0,0,3,0,https://www.inaturalist.org/observations/162323399,"2024-06-17 09:33:07"
11936,134861,grasshopper,genus,Oecanthus,grasshopper,0,0,3,0,https://www.inaturalist.org/observations/161972664,"2024-06-17 09:45:07"
11937,134706,grasshopper,superfamily,Grylloidea,grasshopper,0,0,2,0,https://www.inaturalist.org/observations/161796029,"2024-06-17 09:48:06"
11938,127519,caterpillar,order,Lepidoptera,caterpillar,0,0,2,0,https://www.inaturalist.org/observations/126955662,"2024-05-20 09:30:06"
11939,156842,spider,genus,Philodromus,spider,0,0,2,0,https://www.inaturalist.org/observations/185370630,"2024-08-12 05:48:05"
11940,156841,spider,genus,Philodromus,spider,0,0,3,0,https://www.inaturalist.org/observations/185370433,"2024-08-12 05:48:05"
11941,156840,spider,family,Philodromidae,spider,0,0,3,0,https://www.inaturalist.org/observations/185370237,"2024-08-12 05:48:05"
11942,156839,spider,genus,Anyphaena,spider,0,0,3,0,https://www.inaturalist.org/observations/185369481,"2024-08-12 05:48:05"
11943,156838,caterpillar,family,Tortricidae,caterpillar,0,0,3,0,https://www.inaturalist.org/observations/185369273,"2024-08-12 05:48:05"
11944,156836,spider,genus,Anyphaena,spider,0,0,3,0,https://www.inaturalist.org/observations/185368757,"2024-08-12 05:48:05"
11945,156835,spider,genus,Philodromus,spider,0,0,3,0,https://www.inaturalist.org/observations/185368158,"2024-08-12 05:48:05"
11946,156802,caterpillar,genus,Caloptilia,caterpillar,0,0,3,0,https://www.inaturalist.org/observations/185153776,"2024-08-12 05:51:04"
11947,156791,leafhopper,subfamily,Typhlocybinae,leafhopper,0,0,2,0,https://www.inaturalist.org/observations/185150481,"2024-08-12 05:51:04"
11948,156790,ant,species,"Lasius neoniger",ant,0,0,2,0,https://www.inaturalist.org/observations/185150186,"2024-08-12 05:51:04"
11949,156783,spider,family,Anyphaenidae,spider,0,0,2,0,https://www.inaturalist.org/observations/185147828,"2024-08-12 05:51:04"
11950,156775,fly,zoosubsection,Calyptratae,fly,0,0,2,0,https://www.inaturalist.org/observations/185144643,"2024-08-12 05:51:04"
11951,154229,caterpillar,genus,Phyllonorycter,caterpillar,0,0,2,0,https://www.inaturalist.org/observations/176624745,"2024-08-12 06:21:04"
11952,154220,caterpillar,genus,Phyllonorycter,caterpillar,0,0,2,0,https://www.inaturalist.org/observations/176622140,"2024-08-12 06:21:04"
11953,154159,caterpillar,genus,Phyllonorycter,caterpillar,0,0,2,0,https://www.inaturalist.org/observations/176610288,"2024-08-12 06:21:04"
11954,147802,grasshopper,superfamily,Grylloidea,grasshopper,0,0,2,0,https://www.inaturalist.org/observations/171588374,"2024-08-12 08:21:05"
11955,147740,grasshopper,species,"Phyllopalpus pulchellus",grasshopper,0,0,3,0,https://www.inaturalist.org/observations/171577259,"2024-08-12 08:24:05"
11956,147704,grasshopper,genus,Oecanthus,grasshopper,0,0,3,0,https://www.inaturalist.org/observations/171572160,"2024-08-12 08:24:05"
11957,147703,grasshopper,genus,Oecanthus,grasshopper,0,0,3,0,https://www.inaturalist.org/observations/171571613,"2024-08-12 08:24:05"
11958,147663,grasshopper,genus,Hapithus,grasshopper,0,0,2,0,https://www.inaturalist.org/observations/171563288,"2024-08-12 08:24:05"
11959,147620,grasshopper,genus,Cyrtoxipha,grasshopper,0,0,2,0,https://www.inaturalist.org/observations/171555843,"2024-08-12 08:27:06"
11960,147310,grasshopper,genus,Oecanthus,grasshopper,0,0,3,0,https://www.inaturalist.org/observations/171389979,"2024-08-12 08:30:09"
11961,147216,grasshopper,superfamily,Grylloidea,grasshopper,0,0,2,0,https://www.inaturalist.org/observations/171375016,"2024-08-12 08:33:05"
11962,147210,grasshopper,species,"Phyllopalpus pulchellus",grasshopper,0,0,3,0,https://www.inaturalist.org/observations/171374630,"2024-08-12 08:33:05"
11963,147203,grasshopper,species,"Phyllopalpus pulchellus",grasshopper,0,0,3,0,https://www.inaturalist.org/observations/171372878,"2024-08-12 08:33:05"
11964,147130,grasshopper,species,"Scudderia septentrionalis",grasshopper,0,0,2,0,https://www.inaturalist.org/observations/171261174,"2024-08-12 08:36:05"
11965,147030,grasshopper,genus,Cyrtoxipha,grasshopper,0,0,2,0,https://www.inaturalist.org/observations/171221602,"2024-08-12 08:36:05"
11966,147024,grasshopper,genus,Hapithus,grasshopper,0,0,2,0,https://www.inaturalist.org/observations/171219773,"2024-08-12 08:36:05"
11967,147021,grasshopper,genus,Cyrtoxipha,grasshopper,0,0,2,0,https://www.inaturalist.org/observations/171218692,"2024-08-12 08:39:04"
11968,147017,grasshopper,genus,Cyrtoxipha,grasshopper,0,0,2,0,https://www.inaturalist.org/observations/171217381,"2024-08-12 08:39:04"
11969,146997,grasshopper,superfamily,Grylloidea,grasshopper,0,0,2,0,https://www.inaturalist.org/observations/171211525,"2024-08-12 08:39:04"
11970,146992,grasshopper,superfamily,Grylloidea,grasshopper,0,0,2,0,https://www.inaturalist.org/observations/171209038,"2024-08-12 08:39:04"
11971,146990,grasshopper,genus,Hapithus,grasshopper,0,0,2,0,https://www.inaturalist.org/observations/171208120,"2024-08-12 08:39:04"
11972,146980,grasshopper,genus,Hapithus,grasshopper,0,0,2,0,https://www.inaturalist.org/observations/171204741,"2024-08-12 08:39:04"
11973,146978,grasshopper,genus,Cyrtoxipha,grasshopper,0,0,2,0,https://www.inaturalist.org/observations/171204208,"2024-08-12 08:39:04"
11974,146968,grasshopper,superfamily,Grylloidea,grasshopper,0,0,2,0,https://www.inaturalist.org/observations/171201122,"2024-08-12 08:39:04"
11975,146880,grasshopper,genus,Oecanthus,grasshopper,0,0,3,0,https://www.inaturalist.org/observations/171020254,"2024-08-12 08:42:05"
11976,146819,grasshopper,genus,Oecanthus,grasshopper,0,0,3,0,https://www.inaturalist.org/observations/170838243,"2024-08-12 08:42:05"
11977,146793,grasshopper,genus,Oecanthus,grasshopper,0,0,3,0,https://www.inaturalist.org/observations/170835232,"2024-08-12 08:42:05"
11978,146025,grasshopper,genus,Cyrtoxipha,grasshopper,0,0,2,0,https://www.inaturalist.org/observations/170304933,"2024-08-12 08:51:04"
11979,145974,grasshopper,genus,Hapithus,grasshopper,0,0,2,0,https://www.inaturalist.org/observations/170294721,"2024-08-12 08:51:04"
11980,145904,grasshopper,species,"Phyllopalpus pulchellus",grasshopper,0,0,3,0,https://www.inaturalist.org/observations/170280544,"2024-08-12 08:54:05"
11981,145887,grasshopper,genus,Oecanthus,grasshopper,0,0,3,0,https://www.inaturalist.org/observations/170276091,"2024-08-12 08:54:05"
11982,145883,grasshopper,superfamily,Grylloidea,grasshopper,0,0,2,0,https://www.inaturalist.org/observations/170275365,"2024-08-12 08:54:05"
11983,145728,grasshopper,genus,Oecanthus,grasshopper,0,0,3,0,https://www.inaturalist.org/observations/170114728,"2024-08-12 08:57:04"
11984,145642,grasshopper,genus,Oecanthus,grasshopper,0,0,3,0,https://www.inaturalist.org/observations/170103326,"2024-08-12 08:57:04"
11985,145640,grasshopper,species,"Phyllopalpus pulchellus",grasshopper,0,0,3,0,https://www.inaturalist.org/observations/170102658,"2024-08-12 08:57:04"
11986,145630,grasshopper,species,"Phyllopalpus pulchellus",grasshopper,0,0,3,0,https://www.inaturalist.org/observations/170100294,"2024-08-12 08:57:04"
11987,145447,grasshopper,superfamily,Grylloidea,grasshopper,0,0,2,0,https://www.inaturalist.org/observations/169956895,"2024-08-12 09:00:05"
11988,145401,grasshopper,genus,Hapithus,grasshopper,0,0,2,0,https://www.inaturalist.org/observations/169943989,"2024-08-12 09:00:05"
11989,145388,grasshopper,genus,Hapithus,grasshopper,0,0,2,0,https://www.inaturalist.org/observations/169941345,"2024-08-12 09:00:05"
11990,145385,grasshopper,genus,Cyrtoxipha,grasshopper,0,0,2,0,https://www.inaturalist.org/observations/169940236,"2024-08-12 09:00:05"
11991,145381,grasshopper,genus,Cyrtoxipha,grasshopper,0,0,2,0,https://www.inaturalist.org/observations/169936311,"2024-08-12 09:03:06"
11992,145375,grasshopper,genus,Cyrtoxipha,grasshopper,0,0,2,0,https://www.inaturalist.org/observations/169934893,"2024-08-12 09:03:06"
11993,145191,grasshopper,species,"Pterophylla camellifolia",grasshopper,0,0,2,0,https://www.inaturalist.org/observations/169811306,"2024-08-12 09:06:04"
11994,145090,grasshopper,genus,Oecanthus,grasshopper,0,0,3,0,https://www.inaturalist.org/observations/169792995,"2024-08-12 09:06:04"
11995,144954,grasshopper,subfamily,Phaneropterinae,grasshopper,0,0,2,0,https://www.inaturalist.org/observations/169764365,"2024-08-12 09:12:04"
11996,144859,grasshopper,genus,Hapithus,grasshopper,0,0,2,0,https://www.inaturalist.org/observations/169591063,"2024-08-12 09:12:04"
11997,144858,grasshopper,species,"Phyllopalpus pulchellus",grasshopper,0,0,3,0,https://www.inaturalist.org/observations/169590501,"2024-08-12 09:12:04"
11998,144848,grasshopper,genus,Oecanthus,grasshopper,0,0,3,0,https://www.inaturalist.org/observations/169588417,"2024-08-12 09:12:04"
11999,144747,grasshopper,genus,Oecanthus,grasshopper,0,0,3,0,https://www.inaturalist.org/observations/169576583,"2024-08-12 09:15:05"
12000,144742,grasshopper,genus,Oecanthus,grasshopper,0,0,3,0,https://www.inaturalist.org/observations/169575930,"2024-08-12 09:15:05"
12001,144731,grasshopper,genus,Oecanthus,grasshopper,0,0,3,0,https://www.inaturalist.org/observations/169574879,"2024-08-12 09:15:05"
12002,144611,grasshopper,species,"Phyllopalpus pulchellus",grasshopper,0,0,3,0,https://www.inaturalist.org/observations/169261560,"2024-08-12 09:15:05"
12003,144601,grasshopper,subclass,Pterygota,grasshopper,0,0,1,0,https://www.inaturalist.org/observations/169257442,"2024-08-12 09:15:05"
12004,143999,grasshopper,family,Acrididae,grasshopper,0,0,2,0,https://www.inaturalist.org/observations/169016382,"2024-08-12 09:24:04"
12005,143967,grasshopper,genus,Cyrtoxipha,grasshopper,0,0,2,0,https://www.inaturalist.org/observations/169007489,"2024-08-12 09:27:05"
12006,143888,grasshopper,subclass,Pterygota,grasshopper,0,0,1,0,https://www.inaturalist.org/observations/168988401,"2024-08-12 09:30:05"
12007,143667,grasshopper,genus,Oecanthus,grasshopper,0,0,3,0,https://www.inaturalist.org/observations/168846424,"2024-08-12 09:30:05"
12008,143620,grasshopper,genus,Oecanthus,grasshopper,0,0,3,0,https://www.inaturalist.org/observations/168837057,"2024-08-12 09:33:05"
12009,143570,grasshopper,species,"Neoxabea bipunctata",grasshopper,0,0,3,0,https://www.inaturalist.org/observations/168828688,"2024-08-12 09:33:05"
12010,143495,grasshopper,genus,Melanoplus,grasshopper,0,0,2,0,https://www.inaturalist.org/observations/168671963,"2024-08-12 09:36:05"
12011,143442,grasshopper,genus,Cyrtoxipha,grasshopper,0,0,2,0,https://www.inaturalist.org/observations/168659471,"2024-08-12 09:39:05"
12012,143408,grasshopper,genus,Hapithus,grasshopper,0,0,2,0,https://www.inaturalist.org/observations/168653578,"2024-08-12 09:39:05"
12013,143020,grasshopper,genus,Cyrtoxipha,grasshopper,0,0,2,0,https://www.inaturalist.org/observations/168489826,"2024-08-12 09:45:04"
12014,142999,grasshopper,genus,Cyrtoxipha,grasshopper,0,0,2,0,https://www.inaturalist.org/observations/168486566,"2024-08-12 09:45:04"
12015,142964,grasshopper,superfamily,Grylloidea,grasshopper,0,0,2,0,https://www.inaturalist.org/observations/168483728,"2024-08-12 09:45:04"
12016,142943,grasshopper,genus,Hapithus,grasshopper,0,0,2,0,https://www.inaturalist.org/observations/168482539,"2024-08-12 09:45:04"
12017,142776,grasshopper,genus,Oecanthus,grasshopper,0,0,3,0,https://www.inaturalist.org/observations/168305388,"2024-08-12 09:48:04"
12018,142768,grasshopper,genus,Hapithus,grasshopper,0,0,2,0,https://www.inaturalist.org/observations/168303213,"2024-08-12 09:48:04"
12019,142766,grasshopper,genus,Microcentrum,grasshopper,0,0,2,0,https://www.inaturalist.org/observations/168302414,"2024-08-12 09:51:04"
12020,142740,grasshopper,genus,Oecanthus,grasshopper,0,0,3,0,https://www.inaturalist.org/observations/168299037,"2024-08-12 09:51:04"
12021,142723,grasshopper,genus,Oecanthus,grasshopper,0,0,3,0,https://www.inaturalist.org/observations/168296464,"2024-08-12 09:51:04"
12022,142687,grasshopper,genus,Oecanthus,grasshopper,0,0,3,0,https://www.inaturalist.org/observations/168289233,"2024-08-12 09:51:04"
12023,142683,grasshopper,genus,Oecanthus,grasshopper,0,0,3,0,https://www.inaturalist.org/observations/168288794,"2024-08-12 09:51:04"
12024,142199,grasshopper,genus,Cyrtoxipha,grasshopper,0,0,2,0,https://www.inaturalist.org/observations/167715681,"2024-08-12 09:54:05"
12025,142188,grasshopper,genus,Oecanthus,grasshopper,0,0,3,0,https://www.inaturalist.org/observations/167712022,"2024-08-12 09:54:05"
12026,142107,grasshopper,genus,Cyrtoxipha,grasshopper,0,0,2,0,https://www.inaturalist.org/observations/167694011,"2024-08-12 09:57:04"
12027,141810,grasshopper,species,"Camptonotus carolinensis",grasshopper,0,0,2,0,https://www.inaturalist.org/observations/167535095,"2024-08-05 09:51:05"
12028,141798,grasshopper,genus,Oecanthus,grasshopper,0,0,3,0,https://www.inaturalist.org/observations/167532018,"2024-08-05 09:51:05"
12029,141788,grasshopper,genus,Oecanthus,grasshopper,0,0,3,0,https://www.inaturalist.org/observations/167530796,"2024-08-05 09:51:05"
12030,141722,grasshopper,species,"Neoxabea bipunctata",grasshopper,0,0,3,0,https://www.inaturalist.org/observations/167523738,"2024-08-05 09:54:06"
12031,141681,grasshopper,family,Acrididae,grasshopper,0,0,2,0,https://www.inaturalist.org/observations/167440771,"2024-08-05 09:54:06"
12032,141494,grasshopper,genus,Cyrtoxipha,grasshopper,0,0,2,0,https://www.inaturalist.org/observations/167373196,"2024-08-05 09:57:05"
12033,141483,grasshopper,superfamily,Grylloidea,grasshopper,0,0,2,0,https://www.inaturalist.org/observations/167370404,"2024-08-05 09:57:05"
12034,141442,grasshopper,superfamily,Grylloidea,grasshopper,0,0,2,0,https://www.inaturalist.org/observations/167360983,"2024-07-29 09:48:05"
12035,141430,grasshopper,genus,Cyrtoxipha,grasshopper,0,0,2,0,https://www.inaturalist.org/observations/167359070,"2024-07-29 09:48:05"
12036,141411,grasshopper,genus,Hapithus,grasshopper,0,0,2,0,https://www.inaturalist.org/observations/167354476,"2024-07-29 09:51:05"
12037,141408,grasshopper,genus,Cyrtoxipha,grasshopper,0,0,2,0,https://www.inaturalist.org/observations/167353728,"2024-07-29 09:51:05"
12038,141145,grasshopper,subfamily,Melanoplinae,grasshopper,0,0,2,0,https://www.inaturalist.org/observations/167248255,"2024-07-29 09:54:05"
12039,141095,grasshopper,genus,Cyrtoxipha,grasshopper,0,0,2,0,https://www.inaturalist.org/observations/167240000,"2024-07-29 09:54:05"
12040,140995,grasshopper,genus,Oecanthus,grasshopper,0,0,3,0,https://www.inaturalist.org/observations/167221413,"2024-07-29 09:57:04"
12041,140954,grasshopper,genus,Cyrtoxipha,grasshopper,0,0,2,0,https://www.inaturalist.org/observations/167211118,"2024-07-29 09:57:04"
12042,140858,grasshopper,genus,Hapithus,grasshopper,0,0,2,0,https://www.inaturalist.org/observations/167192683,"2024-07-22 09:33:07"
12043,140724,grasshopper,genus,Oecanthus,grasshopper,0,0,3,0,https://www.inaturalist.org/observations/167012598,"2024-07-22 09:39:06"
12044,140721,grasshopper,genus,Oecanthus,grasshopper,0,0,3,0,https://www.inaturalist.org/observations/167012192,"2024-07-22 09:39:06"
12045,140708,grasshopper,genus,Oecanthus,grasshopper,0,0,3,0,https://www.inaturalist.org/observations/167009654,"2024-07-22 09:39:06"
12046,128694,caterpillar,genus,Anisota,caterpillar,0,0,3,0,https://www.inaturalist.org/observations/127391115,"2024-05-27 09:39:05"
12047,156989,spider,subtribe,Dendryphantina,spider,0,0,2,0,https://www.inaturalist.org/observations/186277023,"2024-08-12 05:48:05"
12048,156986,other,species,"Ectobius pallidus",Blattodea,0,0,2,0,https://www.inaturalist.org/observations/186238829,"2024-08-12 05:48:05"
12049,156985,spider,family,Uloboridae,spider,0,0,3,0,https://www.inaturalist.org/observations/186238558,"2024-08-12 05:48:05"
12050,156984,bee,family,Eupelmidae,bee,0,0,5,1,https://www.inaturalist.org/observations/186238396,"2024-08-12 05:48:05"
12051,156983,leafhopper,species,"Japananus hyalinus",leafhopper,0,0,3,0,https://www.inaturalist.org/observations/186237841,"2024-08-12 05:48:05"
12052,155130,caterpillar,genus,Phyllonorycter,caterpillar,0,0,2,0,https://www.inaturalist.org/observations/177849756,"2024-08-12 06:12:05"
12053,155118,caterpillar,genus,Phyllonorycter,caterpillar,0,0,2,0,https://www.inaturalist.org/observations/177848892,"2024-08-12 06:12:05"
12054,152118,beetle,genus,Polydrusus,beetle,0,0,2,0,https://www.inaturalist.org/observations/174936975,"2024-08-12 06:48:04"
12055,151406,grasshopper,species,"Phyllopalpus pulchellus",grasshopper,0,0,3,0,https://www.inaturalist.org/observations/174120443,"2024-08-12 07:09:06"
12056,151401,grasshopper,genus,Oecanthus,grasshopper,0,0,3,0,https://www.inaturalist.org/observations/174119001,"2024-08-12 07:09:06"
12057,151312,grasshopper,genus,Cyrtoxipha,grasshopper,0,0,2,0,https://www.inaturalist.org/observations/174098931,"2024-08-12 07:09:06"
12058,151305,grasshopper,genus,Cyrtoxipha,grasshopper,0,0,2,0,https://www.inaturalist.org/observations/174098012,"2024-08-12 07:09:06"
12059,151288,grasshopper,superfamily,Grylloidea,grasshopper,0,0,2,0,https://www.inaturalist.org/observations/174094736,"2024-08-12 07:12:06"
12060,151287,grasshopper,genus,Cyrtoxipha,grasshopper,0,0,2,0,https://www.inaturalist.org/observations/174094306,"2024-08-12 07:12:06"
12061,151284,grasshopper,genus,Oecanthus,grasshopper,0,0,3,0,https://www.inaturalist.org/observations/174093537,"2024-08-12 07:12:06"
12062,150910,grasshopper,genus,Oecanthus,grasshopper,0,0,3,0,https://www.inaturalist.org/observations/173933775,"2024-08-12 07:15:05"
12063,150858,grasshopper,genus,Oecanthus,grasshopper,0,0,3,0,https://www.inaturalist.org/observations/173926010,"2024-08-12 07:18:06"
12064,150675,grasshopper,superfamily,Grylloidea,grasshopper,0,0,2,0,https://www.inaturalist.org/observations/173759429,"2024-08-12 07:21:05"
12065,150673,grasshopper,superfamily,Grylloidea,grasshopper,0,0,2,0,https://www.inaturalist.org/observations/173758931,"2024-08-12 07:21:05"
12066,150662,grasshopper,superfamily,Grylloidea,grasshopper,0,0,2,0,https://www.inaturalist.org/observations/173756483,"2024-08-12 07:21:05"
12067,150520,grasshopper,genus,Oecanthus,grasshopper,0,0,3,0,https://www.inaturalist.org/observations/173639205,"2024-08-12 07:24:05"
12068,150438,grasshopper,genus,Oecanthus,grasshopper,0,0,3,0,https://www.inaturalist.org/observations/173620987,"2024-08-12 07:27:06"
12069,150425,grasshopper,genus,Cyrtoxipha,grasshopper,0,0,2,0,https://www.inaturalist.org/observations/173618049,"2024-08-12 07:27:06"
12070,150405,leafhopper,tribe,Ceresini,leafhopper,0,0,3,0,https://www.inaturalist.org/observations/173609423,"2024-08-12 07:27:06"
12071,150385,grasshopper,superfamily,Grylloidea,grasshopper,0,0,2,0,https://www.inaturalist.org/observations/173603250,"2024-08-12 07:27:06"
12072,150333,grasshopper,subclass,Pterygota,grasshopper,0,0,1,0,https://www.inaturalist.org/observations/173593376,"2024-08-12 07:30:06"
12073,150129,grasshopper,genus,Scudderia,grasshopper,0,0,2,0,https://www.inaturalist.org/observations/173425077,"2024-08-12 07:36:06"
12074,150123,grasshopper,genus,Oecanthus,grasshopper,0,0,3,0,https://www.inaturalist.org/observations/173422373,"2024-08-12 07:39:06"
12075,150119,grasshopper,genus,Oecanthus,grasshopper,0,0,3,0,https://www.inaturalist.org/observations/173420838,"2024-08-12 07:39:06"
12076,150114,grasshopper,species,"Phyllopalpus pulchellus",grasshopper,0,0,3,0,https://www.inaturalist.org/observations/173420327,"2024-08-12 07:39:06"
12077,150108,grasshopper,genus,Hapithus,grasshopper,0,0,2,0,https://www.inaturalist.org/observations/173418056,"2024-08-12 07:39:06"
12078,150055,grasshopper,genus,Oecanthus,grasshopper,0,0,3,0,https://www.inaturalist.org/observations/173405184,"2024-08-12 07:39:06"
12079,150040,grasshopper,genus,Oecanthus,grasshopper,0,0,3,0,https://www.inaturalist.org/observations/173401583,"2024-08-12 07:39:06"
12080,149681,grasshopper,genus,Hapithus,grasshopper,0,0,2,0,https://www.inaturalist.org/observations/172881095,"2024-08-12 07:45:05"
12081,149667,grasshopper,genus,Hapithus,grasshopper,0,0,2,0,https://www.inaturalist.org/observations/172879317,"2024-08-12 07:45:05"
12082,149510,grasshopper,genus,Oecanthus,grasshopper,0,0,3,0,https://www.inaturalist.org/observations/172848547,"2024-08-12 07:51:05"
12083,149503,grasshopper,genus,Hapithus,grasshopper,0,0,2,0,https://www.inaturalist.org/observations/172846449,"2024-08-12 07:51:05"
12084,149265,grasshopper,genus,Oecanthus,grasshopper,0,0,3,0,https://www.inaturalist.org/observations/172683133,"2024-08-12 07:54:06"
12085,149227,grasshopper,genus,Oecanthus,grasshopper,0,0,3,0,https://www.inaturalist.org/observations/172679334,"2024-08-12 07:57:06"
12086,149208,grasshopper,genus,Oecanthus,grasshopper,0,0,3,0,https://www.inaturalist.org/observations/172677286,"2024-08-12 07:57:06"
12087,149165,grasshopper,genus,Hapithus,grasshopper,0,0,2,0,https://www.inaturalist.org/observations/172672862,"2024-08-12 07:57:06"
12088,149080,grasshopper,genus,Oecanthus,grasshopper,0,0,3,0,https://www.inaturalist.org/observations/172570686,"2024-08-12 07:57:06"
12089,148898,grasshopper,superfamily,Grylloidea,grasshopper,0,0,2,0,https://www.inaturalist.org/observations/172511248,"2024-08-12 07:57:06"
12090,148882,grasshopper,genus,Cyrtoxipha,grasshopper,0,0,2,0,https://www.inaturalist.org/observations/172506932,"2024-08-12 08:00:06"
12091,148878,grasshopper,superfamily,Grylloidea,grasshopper,0,0,2,0,https://www.inaturalist.org/observations/172505288,"2024-08-12 08:00:06"
12092,148877,grasshopper,superfamily,Grylloidea,grasshopper,0,0,2,0,https://www.inaturalist.org/observations/172504933,"2024-08-12 08:00:06"
12093,148869,grasshopper,genus,Cycloptilum,grasshopper,0,0,3,0,https://www.inaturalist.org/observations/172503810,"2024-08-12 08:00:06"
12094,148842,grasshopper,genus,Hapithus,grasshopper,0,0,2,0,https://www.inaturalist.org/observations/172500032,"2024-08-12 08:00:06"
12095,148824,grasshopper,genus,Cyrtoxipha,grasshopper,0,0,2,0,https://www.inaturalist.org/observations/172498100,"2024-08-12 08:00:06"
12096,148734,grasshopper,subfamily,Melanoplinae,grasshopper,0,0,2,0,https://www.inaturalist.org/observations/172418147,"2024-08-12 08:03:06"
12097,148621,grasshopper,genus,Cyrtoxipha,grasshopper,0,0,2,0,https://www.inaturalist.org/observations/172387110,"2024-08-12 08:06:06"
12098,148600,grasshopper,genus,Cyrtoxipha,grasshopper,0,0,2,0,https://www.inaturalist.org/observations/172382316,"2024-08-12 08:06:06"
12099,148551,grasshopper,genus,Cyrtoxipha,grasshopper,0,0,2,0,https://www.inaturalist.org/observations/172367906,"2024-08-12 08:09:06"
12100,148534,grasshopper,genus,Oecanthus,grasshopper,0,0,3,0,https://www.inaturalist.org/observations/172362870,"2024-08-12 08:09:06"
12101,148435,grasshopper,genus,Cyrtoxipha,grasshopper,0,0,2,0,https://www.inaturalist.org/observations/172340015,"2024-08-12 08:12:06"
12102,148411,grasshopper,genus,Hapithus,grasshopper,0,0,2,0,https://www.inaturalist.org/observations/172335039,"2024-08-12 08:12:06"
12103,148399,grasshopper,species,"Phyllopalpus pulchellus",grasshopper,0,0,3,0,https://www.inaturalist.org/observations/172331520,"2024-08-12 08:12:06"
12104,148205,grasshopper,genus,Hapithus,grasshopper,0,0,2,0,https://www.inaturalist.org/observations/172159781,"2024-08-12 08:15:06"
12105,148105,grasshopper,genus,Oecanthus,grasshopper,0,0,3,0,https://www.inaturalist.org/observations/172146358,"2024-08-12 08:18:05"
12106,147888,grasshopper,subclass,Pterygota,grasshopper,0,0,1,0,https://www.inaturalist.org/observations/172073580,"2024-08-12 08:18:05"
12108,144806,spider,order,Opiliones,daddylonglegs,0,0,3,1,https://www.inaturalist.org/observations/169584312,"2024-08-12 09:12:04"
12109,143381,beetle,family,Chrysomelidae,beetle,0,0,2,0,https://www.inaturalist.org/observations/168648977,"2024-08-12 09:39:05"
12110,141428,beetle,species,"Cyrtepistomus castaneus",beetle,0,0,2,0,https://www.inaturalist.org/observations/167358638,"2024-07-29 09:51:05"
12111,127460,spider,order,Opiliones,daddylonglegs,0,0,3,1,https://www.inaturalist.org/observations/126878655,"2024-05-20 09:33:05"
12112,156780,bee,order,Diptera,fly,0,0,3,1,https://www.inaturalist.org/observations/185146800,"2024-08-12 05:51:04"
12113,155012,grasshopper,genus,Scudderia,grasshopper,0,0,2,0,https://www.inaturalist.org/observations/177833965,"2024-08-12 06:12:05"
12114,154298,other,infraorder,Trombidia,Trombidiformes,0,0,1,0,https://www.inaturalist.org/observations/176766063,"2024-08-12 06:18:05"
12115,153818,grasshopper,genus,Oecanthus,grasshopper,0,0,3,0,https://www.inaturalist.org/observations/176313355,"2024-08-12 06:24:04"
12116,152024,grasshopper,genus,Cyrtoxipha,grasshopper,0,0,2,0,https://www.inaturalist.org/observations/175710020,"2024-08-12 06:33:04"
12117,152966,grasshopper,genus,Oecanthus,grasshopper,0,0,3,0,https://www.inaturalist.org/observations/175372656,"2024-08-12 06:36:05"
12118,152904,grasshopper,genus,Hapithus,grasshopper,0,0,2,0,https://www.inaturalist.org/observations/175367270,"2024-08-12 06:36:05"
12119,152520,grasshopper,genus,Oecanthus,grasshopper,0,0,3,0,https://www.inaturalist.org/observations/175204319,"2024-08-12 06:42:05"
12120,152513,grasshopper,genus,Oecanthus,grasshopper,0,0,3,0,https://www.inaturalist.org/observations/175203466,"2024-08-12 06:42:05"
12121,152495,grasshopper,genus,Oecanthus,grasshopper,0,0,3,0,https://www.inaturalist.org/observations/175202711,"2024-08-12 06:42:05"
12122,152182,grasshopper,superfamily,Grylloidea,grasshopper,0,0,2,0,https://www.inaturalist.org/observations/175030447,"2024-08-12 06:48:04"
12123,152178,grasshopper,superfamily,Grylloidea,grasshopper,0,0,2,0,https://www.inaturalist.org/observations/175030073,"2024-08-12 06:48:04"
12124,152153,grasshopper,genus,Cyrtoxipha,grasshopper,0,0,2,0,https://www.inaturalist.org/observations/175026545,"2024-08-12 06:48:04"
12125,151993,grasshopper,genus,Cyrtoxipha,grasshopper,0,0,2,0,https://www.inaturalist.org/observations/174901436,"2024-08-12 06:54:05"
12126,151988,grasshopper,superfamily,Grylloidea,grasshopper,0,0,2,0,https://www.inaturalist.org/observations/174899984,"2024-08-12 06:54:05"
12127,151910,grasshopper,genus,Oecanthus,grasshopper,0,0,3,0,https://www.inaturalist.org/observations/174883257,"2024-08-12 06:54:05"
12128,151896,grasshopper,genus,Microcentrum,grasshopper,0,0,2,0,https://www.inaturalist.org/observations/174878845,"2024-08-12 06:57:05"
12129,151591,leafhopper,infraorder,Fulgoromorpha,leafhopper,0,0,2,0,https://www.inaturalist.org/observations/174517639,"2024-08-12 07:03:06"
12130,151589,leafhopper,complex,"Enchenopa binotata",leafhopper,0,0,4,0,https://www.inaturalist.org/observations/174516381,"2024-08-12 07:03:06"
12131,151490,grasshopper,genus,Oecanthus,grasshopper,0,0,3,0,https://www.inaturalist.org/observations/174135937,"2024-08-12 07:06:10"
12132,148239,caterpillar,species,"Colocasia propinquilinea",caterpillar,0,0,2,0,https://www.inaturalist.org/observations/172172598,"2024-08-12 08:15:06"
12133,147927,leafhopper,infraorder,Fulgoromorpha,leafhopper,0,0,2,0,https://www.inaturalist.org/observations/172069637,"2024-08-12 08:18:05"
12134,146156,leafhopper,infraorder,Fulgoromorpha,leafhopper,0,0,2,0,https://www.inaturalist.org/observations/170761147,"2024-08-12 08:45:05"
12135,139508,beetle,genus,Photuris,beetle,0,0,4,0,https://www.inaturalist.org/observations/165942893,"2024-07-15 09:42:06"
12136,139500,spider,subfamily,Salticinae,spider,0,0,3,0,https://www.inaturalist.org/observations/165941596,"2024-07-15 09:42:06"
12137,139107,unidentified,order,Coleoptera,beetle,0,0,1,0,https://www.inaturalist.org/observations/165608009,"2024-07-15 09:54:06"
12138,137669,leafhopper,species,"Platycotis vittata",leafhopper,0,0,3,0,https://www.inaturalist.org/observations/164646359,"2024-07-01 09:39:05"
12139,156831,grasshopper,genus,Microcentrum,grasshopper,0,0,2,0,https://www.inaturalist.org/observations/185334273,"2024-08-12 05:51:04"
12140,156704,caterpillar,genus,Bucculatrix,caterpillar,0,0,2,0,https://www.inaturalist.org/observations/184011465,"2024-08-12 05:51:04"
12141,156700,caterpillar,genus,Bucculatrix,caterpillar,0,0,2,0,https://www.inaturalist.org/observations/184010126,"2024-08-12 05:51:04"
12142,156606,spider,genus,Phidippus,spider,0,0,2,0,https://www.inaturalist.org/observations/183209739,"2024-08-12 05:54:04"
12143,156144,grasshopper,genus,Anaxipha,grasshopper,0,0,2,0,https://www.inaturalist.org/observations/180123210,"2024-08-12 06:00:05"
12144,155267,spider,suborder,Araneomorphae,spider,0,0,2,0,https://www.inaturalist.org/observations/178552746,"2024-08-12 06:09:05"
12145,155243,spider,suborder,Araneomorphae,spider,0,0,2,0,https://www.inaturalist.org/observations/178546107,"2024-08-12 06:09:05"
12146,149710,bee,subtribe,Crabronina,bee,0,0,2,0,https://www.inaturalist.org/observations/172886342,"2024-08-12 07:45:05"
12147,149345,bee,family,Evaniidae,bee,0,0,2,0,https://www.inaturalist.org/observations/172691773,"2024-08-12 07:54:06"
12148,149290,bee,superfamily,Ichneumonoidea,bee,0,0,2,0,https://www.inaturalist.org/observations/172686894,"2024-08-12 07:54:06"
12149,149243,bee,genus,Cerceris,bee,0,0,2,0,https://www.inaturalist.org/observations/172682170,"2024-08-12 07:54:06"
12150,148691,bee,family,Braconidae,bee,0,0,2,0,https://www.inaturalist.org/observations/172411210,"2024-08-12 08:03:06"
12151,148244,bee,superfamily,Chalcidoidea,bee,0,0,2,0,https://www.inaturalist.org/observations/172182994,"2024-08-12 08:15:06"
12152,147975,spider,order,Opiliones,daddylonglegs,0,0,3,1,https://www.inaturalist.org/observations/171609209,"2024-08-12 08:21:05"
12153,134638,spider,order,Opiliones,daddylonglegs,0,0,3,1,https://www.inaturalist.org/observations/161599643,"2024-06-17 09:51:06"
12154,156125,truebugs,genus,Corythucha,truebugs,0,0,2,0,https://www.inaturalist.org/observations/180043240,"2024-08-12 06:00:05"
12155,155551,spider,superfamily,Araneoidea,spider,0,0,2,0,https://www.inaturalist.org/observations/178871440,"2024-08-12 06:03:05"
12156,155534,spider,superfamily,Araneoidea,spider,0,0,2,0,https://www.inaturalist.org/observations/178855162,"2024-08-12 06:06:04"
12157,154570,spider,family,Tetragnathidae,spider,0,0,2,0,https://www.inaturalist.org/observations/177218585,"2024-08-12 06:18:05"
12158,152449,other,subfamily,Entomobryinae,Entomobryomorpha,0,0,1,0,https://www.inaturalist.org/observations/175197420,"2024-08-12 06:45:04"
12159,152077,ant,species,"Myrmica rubra",ant,0,0,2,0,https://www.inaturalist.org/observations/174919475,"2024-08-12 06:51:05"
12160,147395,unidentified,suborder,Heteroptera,truebugs,0,0,1,0,https://www.inaturalist.org/observations/171405452,"2024-08-12 08:30:09"
12161,141441,ant,infraorder,Aculeata,bee,0,0,3,1,https://www.inaturalist.org/observations/167360608,"2024-07-29 09:48:05"
12162,152113,beetle,order,Hemiptera,truebugs,0,0,3,1,https://www.inaturalist.org/observations/174934800,"2024-08-12 06:48:04"
12163,152055,beetle,species,"Harmonia axyridis",beetle,0,0,3,0,https://www.inaturalist.org/observations/174909497,"2024-08-12 06:51:05"
12164,152054,beetle,family,Miridae,truebugs,0,0,3,1,https://www.inaturalist.org/observations/174909010,"2024-08-12 06:51:05"
12165,151787,beetle,superfamily,Pentatomoidea,truebugs,0,0,3,1,https://www.inaturalist.org/observations/174759362,"2024-08-12 07:00:07"
12166,148977,spider,order,Araneae,spider,0,0,3,0,https://www.inaturalist.org/observations/172521393,"2024-08-12 07:57:06"
12167,146718,beetle,subfamily,Coccinellinae,beetle,0,0,2,0,https://www.inaturalist.org/observations/170728059,"2024-08-12 08:48:05"
12168,146206,spider,family,Philodromidae,spider,0,0,2,0,https://www.inaturalist.org/observations/170341452,"2024-08-12 08:48:05"
12169,145695,beetle,species,"Cyrtepistomus castaneus",beetle,0,0,2,0,https://www.inaturalist.org/observations/170111176,"2024-08-12 08:57:04"
12170,143485,beetle,species,"Polydrusus formosus",beetle,0,0,2,0,https://www.inaturalist.org/observations/168668438,"2024-08-12 09:36:05"
12171,132716,spider,family,Dictynidae,spider,0,0,2,0,https://www.inaturalist.org/observations/134297690,"2024-06-10 09:36:06"
12172,155332,unidentified,order,Hemiptera,truebugs,0,0,1,0,https://www.inaturalist.org/observations/178576451,"2024-08-12 06:06:04"
12173,154990,moths,tribe,Macariini,moths,0,0,2,0,https://www.inaturalist.org/observations/177821600,"2024-08-12 06:15:05"
12174,153476,moths,genus,Argyresthia,moths,0,0,2,0,https://www.inaturalist.org/observations/176132176,"2024-08-12 06:27:04"
12175,152104,fly,subclass,Pterygota,fly,0,0,1,0,https://www.inaturalist.org/observations/174930654,"2024-08-12 06:51:05"
12176,150146,grasshopper,family,Coccinellidae,beetle,0,0,3,1,https://www.inaturalist.org/observations/173431323,"2024-08-12 07:36:06"
12177,143661,unidentified,family,Coccinellidae,beetle,0,0,1,0,https://www.inaturalist.org/observations/168843980,"2024-08-12 09:33:05"
12178,143453,unidentified,subfamily,Emesinae,truebugs,0,0,1,0,https://www.inaturalist.org/observations/168663243,"2024-08-12 09:39:05"
12179,141712,beetle,family,Elateridae,beetle,0,0,2,0,https://www.inaturalist.org/observations/167521857,"2024-08-05 09:54:06"
12180,126085,ant,suborder,Apocrita,bee,0,0,2,1,https://www.inaturalist.org/observations/126065464,"2024-05-20 09:57:05"
12181,157112,unidentified,tribe,Nephesini,leafhopper,0,0,2,0,https://www.inaturalist.org/observations/190920704,"2024-08-12 05:45:05"
12182,157109,fly,order,Psocodea,Psocodea,0,0,3,1,https://www.inaturalist.org/observations/190920223,"2024-08-12 05:45:05"
12183,157106,fly,subclass,Pterygota,fly,0,0,1,0,https://www.inaturalist.org/observations/190919572,"2024-08-12 05:45:05"
12184,157105,beetle,order,Psocodea,Psocodea,0,0,3,1,https://www.inaturalist.org/observations/190919306,"2024-08-12 05:48:05"
12185,157104,caterpillar,order,Lepidoptera,caterpillar,0,0,2,0,https://www.inaturalist.org/observations/190919023,"2024-08-12 05:48:05"
12186,157101,fly,species,"Atomosia puella",fly,0,0,5,0,https://www.inaturalist.org/observations/190918276,"2024-08-12 05:48:05"
12187,157100,fly,suborder,Sternorrhyncha,aphid,0,0,3,1,https://www.inaturalist.org/observations/190917764,"2024-08-12 05:48:05"
12188,157099,fly,family,Chironomidae,fly,0,0,2,0,https://www.inaturalist.org/observations/190917536,"2024-08-12 05:48:05"
12189,157096,unidentified,subfamily,Lachninae,aphid,0,0,2,0,https://www.inaturalist.org/observations/190917221,"2024-08-12 05:48:05"
12190,157095,ant,complex,"Formica pallidefulva",ant,0,0,3,0,https://www.inaturalist.org/observations/190916973,"2024-08-12 05:48:05"
12191,157091,unidentified,genus,Hemerobius,Neuroptera,0,0,2,0,https://www.inaturalist.org/observations/190916124,"2024-08-12 05:48:05"
12192,157089,spider,family,Philodromidae,spider,0,0,2,0,https://www.inaturalist.org/observations/190915480,"2024-08-12 05:48:05"
12193,157086,fly,suborder,Nematocera,fly,0,0,2,0,https://www.inaturalist.org/observations/190914795,"2024-08-12 05:48:05"
12194,157084,unidentified,subfamily,Emesinae,truebugs,0,0,1,0,https://www.inaturalist.org/observations/190914139,"2024-08-12 05:48:05"
12195,157083,ant,subgenus,Crematogaster,ant,0,0,4,0,https://www.inaturalist.org/observations/190913920,"2024-08-12 05:48:05"
12196,157078,unidentified,order,Psocodea,Psocodea,0,0,1,0,https://www.inaturalist.org/observations/190912836,"2024-08-12 05:48:05"
12197,157077,unidentified,suborder,Sternorrhyncha,aphid,0,0,1,0,https://www.inaturalist.org/observations/190912525,"2024-08-12 05:48:05"
12198,157076,ant,subgenus,Crematogaster,ant,0,0,2,0,https://www.inaturalist.org/observations/190912246,"2024-08-12 05:48:05"
12199,157074,ant,species,"Camponotus subbarbatus",ant,0,0,3,0,https://www.inaturalist.org/observations/190911957,"2024-08-12 05:48:05"
12200,157073,spider,family,Anyphaenidae,spider,0,0,2,0,https://www.inaturalist.org/observations/190911732,"2024-08-12 05:48:05"
12201,157072,ant,species,"Camponotus subbarbatus",ant,0,0,3,0,https://www.inaturalist.org/observations/190911524,"2024-08-12 05:48:05"
12202,157070,ant,subgenus,Camponotus,ant,0,0,2,0,https://www.inaturalist.org/observations/190911135,"2024-08-12 05:48:05"
12203,157068,unidentified,order,Archaeognatha,Archaeognatha,0,0,1,0,https://www.inaturalist.org/observations/190910797,"2024-08-12 05:48:05"
12204,156354,unidentified,order,Psocodea,Psocodea,0,0,1,0,https://www.inaturalist.org/observations/181733616,"2024-08-12 05:54:04"
12205,155658,beetle,suborder,Auchenorrhyncha,leafhopper,0,0,4,1,https://www.inaturalist.org/observations/179525934,"2024-08-12 06:03:05"
12206,155648,truebugs,superfamily,Curculionoidea,beetle,0,0,4,1,https://www.inaturalist.org/observations/179522634,"2024-08-12 06:03:05"
12207,155646,truebugs,superfamily,Curculionoidea,beetle,0,0,4,1,https://www.inaturalist.org/observations/179521758,"2024-08-12 06:03:05"
12208,153515,fly,subclass,Pterygota,fly,0,0,1,0,https://www.inaturalist.org/observations/176162813,"2024-08-12 06:27:04"
12209,152792,unidentified,genus,Acanalonia,leafhopper,0,0,2,0,https://www.inaturalist.org/observations/175355054,"2024-08-12 06:39:04"
12210,152750,unidentified,family,Cecidomyiidae,fly,0,0,2,0,https://www.inaturalist.org/observations/175351207,"2024-08-12 06:39:04"
12211,151595,truebugs,superfamily,Curculionoidea,beetle,0,0,5,1,https://www.inaturalist.org/observations/174520454,"2024-08-12 07:03:06"
12212,149493,fly,suborder,Brachycera,fly,0,0,2,0,https://www.inaturalist.org/observations/172844183,"2024-08-12 07:51:05"
12213,149377,fly,suborder,Brachycera,fly,0,0,2,0,https://www.inaturalist.org/observations/172701681,"2024-08-12 07:54:06"
12214,148689,fly,suborder,Brachycera,fly,0,0,2,0,https://www.inaturalist.org/observations/172410735,"2024-08-12 08:03:06"
12215,148677,fly,suborder,Brachycera,fly,0,0,2,0,https://www.inaturalist.org/observations/172406356,"2024-08-12 08:03:06"
12216,148648,fly,subclass,Pterygota,fly,0,0,1,0,https://www.inaturalist.org/observations/172398402,"2024-08-12 08:06:06"
12217,148647,fly,subclass,Pterygota,fly,0,0,1,0,https://www.inaturalist.org/observations/172397860,"2024-08-12 08:06:06"
12218,148639,fly,zoosection,Schizophora,fly,0,0,2,0,https://www.inaturalist.org/observations/172394834,"2024-08-12 08:06:06"
12219,148631,fly,suborder,Brachycera,fly,0,0,2,0,https://www.inaturalist.org/observations/172390622,"2024-08-12 08:06:06"
12220,148554,fly,genus,Nephrotoma,fly,0,0,2,0,https://www.inaturalist.org/observations/172369498,"2024-08-12 08:09:06"
12221,147893,fly,family,Anthomyiidae,fly,0,0,2,0,https://www.inaturalist.org/observations/172072404,"2024-08-12 08:18:05"
12222,148017,unidentified,suborder,Sternorrhyncha,aphid,0,0,1,0,https://www.inaturalist.org/observations/171749981,"2024-08-12 08:18:05"
12223,146816,bee,species,"Pseudomethoca simillima",bee,0,0,3,0,https://www.inaturalist.org/observations/170837449,"2024-08-12 08:42:05"
12224,146265,other,suborder,Auchenorrhyncha,leafhopper,0,0,1,0,https://www.inaturalist.org/observations/170758036,"2024-08-12 08:45:05"
12225,146264,other,suborder,Auchenorrhyncha,leafhopper,0,0,1,0,https://www.inaturalist.org/observations/170757330,"2024-08-12 08:45:05"
12226,146543,unidentified,order,Coleoptera,beetle,0,0,1,0,https://www.inaturalist.org/observations/170501765,"2024-08-12 08:48:05"
12227,145172,fly,family,Lauxaniidae,fly,0,0,2,0,https://www.inaturalist.org/observations/169806513,"2024-08-12 09:06:04"
12228,140553,unidentified,family,Aphididae,aphid,0,0,2,0,https://www.inaturalist.org/observations/166504810,"2024-07-22 09:42:06"
12229,139424,fly,family,Lauxaniidae,fly,0,0,2,0,https://www.inaturalist.org/observations/165925915,"2024-07-15 09:45:06"
12230,138538,fly,family,Lauxaniidae,fly,0,0,2,0,https://www.inaturalist.org/observations/165147489,"2024-07-08 09:45:05"
12231,121156,spider,order,Opiliones,daddylonglegs,0,0,3,1,https://www.inaturalist.org/observations/125080101,"2024-05-13 09:54:04"
12232,157103,ant,subgenus,Lasius,ant,0,0,3,0,https://www.inaturalist.org/observations/190918846,"2024-08-12 05:48:05"
12233,157092,ant,family,Formicidae,ant,0,0,2,0,https://www.inaturalist.org/observations/190916333,"2024-08-12 05:48:05"
12234,156263,leafhopper,infraorder,Fulgoromorpha,leafhopper,0,0,2,0,https://www.inaturalist.org/observations/181214591,"2024-08-12 05:57:04"
12235,156091,fly,suborder,Brachycera,fly,0,0,2,0,https://www.inaturalist.org/observations/179983998,"2024-08-12 06:00:05"
12236,155542,beetle,suborder,Auchenorrhyncha,leafhopper,0,0,4,1,https://www.inaturalist.org/observations/178857247,"2024-08-12 06:06:04"
12237,152590,fly,subclass,Pterygota,fly,0,0,1,0,https://www.inaturalist.org/observations/175211776,"2024-08-12 06:42:05"
12238,151566,fly,family,Phoridae,fly,0,0,2,0,https://www.inaturalist.org/observations/174144427,"2024-08-12 07:06:10"
12239,150759,bee,species,"Dolichovespula maculata",bee,0,0,3,0,https://www.inaturalist.org/observations/173785662,"2024-08-12 07:18:06"
12240,150705,fly,genus,Chrysotus,fly,0,0,3,0,https://www.inaturalist.org/observations/173765220,"2024-08-12 07:18:06"
12241,150672,bee,species,"Vespula maculifrons",bee,0,0,3,0,https://www.inaturalist.org/observations/173758515,"2024-08-12 07:21:05"
12242,150406,fly,zoosubsection,Acalyptratae,fly,0,0,2,0,https://www.inaturalist.org/observations/173609830,"2024-08-12 07:27:06"
12243,150261,fly,zoosubsection,Acalyptratae,fly,0,0,2,0,https://www.inaturalist.org/observations/173477815,"2024-08-12 07:33:06"
12244,150246,fly,suborder,Brachycera,fly,0,0,2,0,https://www.inaturalist.org/observations/173468747,"2024-08-12 07:33:06"
12245,150035,fly,zoosubsection,Acalyptratae,fly,0,0,2,0,https://www.inaturalist.org/observations/173398736,"2024-08-12 07:39:06"
12246,142701,fly,zoosubsection,Acalyptratae,fly,0,0,2,0,https://www.inaturalist.org/observations/168291603,"2024-08-12 09:51:04"
12247,142675,fly,zoosubsection,Acalyptratae,fly,0,0,2,0,https://www.inaturalist.org/observations/168287927,"2024-08-12 09:51:04"
12248,141165,fly,suborder,Brachycera,fly,0,0,2,0,https://www.inaturalist.org/observations/167252485,"2024-07-29 09:54:05"
12249,141149,fly,family,Dolichopodidae,fly,0,0,3,0,https://www.inaturalist.org/observations/167249162,"2024-07-29 09:54:05"
12250,141112,fly,infraorder,Bibionomorpha,fly,0,0,2,0,https://www.inaturalist.org/observations/167244015,"2024-07-29 09:54:05"
12251,140306,fly,class,Insecta,fly,0,0,1,0,https://www.inaturalist.org/observations/166479144,"2024-07-22 09:42:06"
12252,139215,fly,family,Limoniidae,fly,0,0,2,0,https://www.inaturalist.org/observations/165722595,"2024-07-15 09:51:06"
12253,137138,fly,zoosubsection,Calyptratae,fly,0,0,2,0,https://www.inaturalist.org/observations/163853343,"2024-07-01 09:51:05"
12254,136789,fly,family,Lauxaniidae,fly,0,0,2,0,https://www.inaturalist.org/observations/163706230,"2024-06-24 09:30:07"
12255,135860,fly,zoosubsection,Acalyptratae,fly,0,0,2,0,https://www.inaturalist.org/observations/163131900,"2024-06-17 09:24:06"
12256,135845,fly,zoosubsection,Acalyptratae,fly,0,0,2,0,https://www.inaturalist.org/observations/163128410,"2024-06-17 09:24:06"
12257,135622,fly,genus,Syneches,fly,0,0,3,0,https://www.inaturalist.org/observations/162500847,"2024-06-17 09:27:06"
12258,135032,fly,stateofmatter,Life,fly,0,0,1,0,https://www.inaturalist.org/observations/162148792,"2024-06-17 09:39:07"
12259,133523,fly,stateofmatter,Life,fly,0,0,1,0,https://www.inaturalist.org/observations/159727972,"2024-06-10 09:24:05"
12260,122830,caterpillar,family,Saturniidae,caterpillar,0,0,2,0,https://www.inaturalist.org/observations/124293440,"2024-05-06 09:54:04"
12261,156996,aphid,class,Insecta,aphid,0,0,1,0,https://www.inaturalist.org/observations/186303135,"2024-08-12 05:48:05"
12262,156808,aphid,class,Insecta,aphid,0,0,2,0,https://www.inaturalist.org/observations/185306007,"2024-08-12 05:51:04"
12263,156807,aphid,family,Aphididae,aphid,0,0,7,0,https://www.inaturalist.org/observations/185305639,"2024-08-12 05:51:04"
12264,156800,aphid,class,Insecta,aphid,0,0,1,0,https://www.inaturalist.org/observations/185152982,"2024-08-12 05:51:04"
12265,156795,aphid,class,Insecta,aphid,0,0,1,0,https://www.inaturalist.org/observations/185151468,"2024-08-12 05:51:04"
12266,156621,aphid,family,Aphididae,aphid,0,0,2,0,https://www.inaturalist.org/observations/183240597,"2024-08-12 05:51:04"
12267,156507,aphid,family,Aphididae,aphid,0,0,2,0,https://www.inaturalist.org/observations/182213033,"2024-08-12 05:54:04"
12268,156506,aphid,class,Insecta,aphid,0,0,1,0,https://www.inaturalist.org/observations/182212646,"2024-08-12 05:54:04"
12269,154995,aphid,family,Aphididae,aphid,0,0,2,0,https://www.inaturalist.org/observations/177825565,"2024-08-12 06:15:05"
12270,154848,aphid,family,Aphididae,aphid,0,0,2,0,https://www.inaturalist.org/observations/177660366,"2024-08-12 06:15:05"
12271,154810,bee,epifamily,Anthophila,bee,0,0,2,0,https://www.inaturalist.org/observations/177537065,"2024-08-12 06:15:05"
12272,152047,aphid,superfamily,Psylloidea,aphid,0,0,2,0,https://www.inaturalist.org/observations/175708368,"2024-08-12 06:33:04"
12273,151811,aphid,superfamily,Psylloidea,aphid,0,0,2,0,https://www.inaturalist.org/observations/174859337,"2024-08-12 06:57:05"
12274,151783,aphid,class,Insecta,aphid,0,0,1,0,https://www.inaturalist.org/observations/174757341,"2024-08-12 07:00:07"
12275,150211,aphid,family,Aphididae,aphid,0,0,2,0,https://www.inaturalist.org/observations/173460855,"2024-08-12 07:33:06"
12276,150192,aphid,family,Aphididae,aphid,0,0,2,0,https://www.inaturalist.org/observations/173457833,"2024-08-12 07:33:06"
12277,149899,aphid,superfamily,Psylloidea,aphid,0,0,2,0,https://www.inaturalist.org/observations/173439260,"2024-08-12 07:36:06"
12278,147012,aphid,class,Insecta,aphid,0,0,1,0,https://www.inaturalist.org/observations/171216501,"2024-08-12 08:39:04"
12279,145421,aphid,class,Insecta,aphid,0,0,1,0,https://www.inaturalist.org/observations/169950994,"2024-08-12 09:00:05"
12280,139985,aphid,family,Aphididae,aphid,0,0,2,0,https://www.inaturalist.org/observations/166413683,"2024-07-22 09:51:06"
12281,139749,aphid,family,Aphididae,aphid,0,0,2,0,https://www.inaturalist.org/observations/166247539,"2024-07-22 09:57:06"
12282,139265,aphid,family,Aphididae,aphid,0,0,2,0,https://www.inaturalist.org/observations/165762560,"2024-07-15 09:51:06"
12283,138495,aphid,class,Insecta,aphid,0,0,1,0,https://www.inaturalist.org/observations/165140451,"2024-07-08 09:48:05"
12284,138482,aphid,family,Aphididae,aphid,0,0,2,0,https://www.inaturalist.org/observations/165137350,"2024-07-08 09:48:05"
12285,138423,aphid,class,Insecta,aphid,0,0,1,0,https://www.inaturalist.org/observations/165129776,"2024-07-08 09:48:05"
12286,9941,caterpillar,species,"Halysidota tessellaris",caterpillar,0,0,3,0,https://www.inaturalist.org/observations/163491959,"2024-06-24 09:48:07"
12287,136258,spider,order,Opiliones,daddylonglegs,0,0,3,1,https://www.inaturalist.org/observations/163413317,"2024-06-24 09:51:07"
12288,155166,caterpillar,species,"Cecrita guttivitta",caterpillar,0,0,4,0,https://www.inaturalist.org/observations/178045077,"2024-08-12 06:12:05"
12289,143556,beetle,family,Chrysomelidae,beetle,0,0,2,0,https://www.inaturalist.org/observations/168825574,"2024-08-12 09:33:05"
12290,143519,spider,family,Theridiidae,spider,0,0,2,0,https://www.inaturalist.org/observations/168704743,"2024-08-12 09:36:05"
12291,141881,spider,family,Theridiidae,spider,0,0,2,0,https://www.inaturalist.org/observations/167545385,"2024-08-05 09:51:05"
12292,12188,caterpillar,species,"Halysidota tessellaris",caterpillar,0,0,4,0,https://www.inaturalist.org/observations/163494877,"2024-06-24 09:48:07"
12293,122732,caterpillar,species,"Acronicta americana",caterpillar,0,0,3,0,https://www.inaturalist.org/observations/124277622,"2024-05-06 09:57:04"
12294,122490,truebugs,family,Membracidae,leafhopper,0,0,3,1,https://www.inaturalist.org/observations/124170858,"2024-04-08 09:57:04"
12295,157118,beetle,order,Psocodea,Psocodea,0,0,3,1,https://www.inaturalist.org/observations/190921334,"2024-08-12 05:45:05"
12296,157114,unidentified,order,Psocodea,Psocodea,0,0,1,0,https://www.inaturalist.org/observations/190921138,"2024-08-12 05:45:05"
12297,157113,beetle,genus,Photinus,beetle,0,0,3,0,https://www.inaturalist.org/observations/190920910,"2024-08-12 05:45:05"
12298,157110,beetle,tribe,Macrodactylini,beetle,0,0,2,0,https://www.inaturalist.org/observations/190920496,"2024-08-12 05:45:05"
12299,157094,beetle,family,Elateridae,beetle,0,0,2,0,https://www.inaturalist.org/observations/190916774,"2024-08-12 05:48:05"
12300,157088,moths,subfamily,Crambinae,moths,0,0,2,0,https://www.inaturalist.org/observations/190915236,"2024-08-12 05:48:05"
12301,157082,spider,tribe,Misumenini,spider,0,0,2,0,https://www.inaturalist.org/observations/190913652,"2024-08-12 05:48:05"
12302,157071,beetle,order,Coleoptera,beetle,0,0,2,0,https://www.inaturalist.org/observations/190911319,"2024-08-12 05:48:05"
12303,156997,aphid,order,Hemiptera,truebugs,0,0,2,1,https://www.inaturalist.org/observations/186303459,"2024-08-12 05:48:05"
12304,156988,spider,subfamily,Thomisinae,spider,0,0,3,0,https://www.inaturalist.org/observations/186276754,"2024-08-12 05:48:05"
12305,156788,beetle,genus,Chilocorus,beetle,0,0,3,0,https://www.inaturalist.org/observations/185149518,"2024-08-12 05:51:04"
12306,156786,bee,order,Diptera,fly,0,0,3,1,https://www.inaturalist.org/observations/185148804,"2024-08-12 05:51:04"
12307,156781,aphid,order,Psocodea,Psocodea,0,0,3,1,https://www.inaturalist.org/observations/185147193,"2024-08-12 05:51:04"
12308,156779,bee,family,Scelionidae,bee,0,0,2,0,https://www.inaturalist.org/observations/185146490,"2024-08-12 05:51:04"
12309,156663,bee,suborder,Heteroptera,truebugs,0,0,3,1,https://www.inaturalist.org/observations/183544971,"2024-08-12 05:51:04"
12310,156620,aphid,family,Aphididae,aphid,0,0,2,0,https://www.inaturalist.org/observations/183240227,"2024-08-12 05:51:04"
12311,156356,beetle,superfamily,Curculionoidea,beetle,0,0,2,0,https://www.inaturalist.org/observations/181734095,"2024-08-12 05:54:04"
12312,156353,unidentified,order,Psocodea,Psocodea,0,0,1,0,https://www.inaturalist.org/observations/181733241,"2024-08-12 05:54:04"
12313,156352,beetle,family,Latridiidae,beetle,0,0,2,0,https://www.inaturalist.org/observations/181732872,"2024-08-12 05:54:04"
12314,156343,beetle,species,"Pseudocneorhinus bifasciatus",beetle,0,0,2,0,https://www.inaturalist.org/observations/181730207,"2024-08-12 05:54:04"
12315,156342,unidentified,superfamily,Psylloidea,aphid,0,0,1,0,https://www.inaturalist.org/observations/181729896,"2024-08-12 05:54:04"
12316,156336,unidentified,order,Psocodea,Psocodea,0,0,1,0,https://www.inaturalist.org/observations/181728185,"2024-08-12 05:54:04"
12317,156335,unidentified,order,Psocodea,Psocodea,0,0,1,0,https://www.inaturalist.org/observations/181727842,"2024-08-12 05:54:04"
12318,156331,unidentified,order,Psocodea,Psocodea,0,0,1,0,https://www.inaturalist.org/observations/181726772,"2024-08-12 05:54:04"
12319,156325,unidentified,suborder,Nematocera,fly,0,0,1,0,https://www.inaturalist.org/observations/181724912,"2024-08-12 05:54:04"
12320,156322,beetle,subfamily,Curculioninae,beetle,0,0,2,0,https://www.inaturalist.org/observations/181724118,"2024-08-12 05:54:04"
12321,156321,unidentified,family,Tingidae,truebugs,0,0,1,0,https://www.inaturalist.org/observations/181723840,"2024-08-12 05:54:04"
12322,156262,other,subclass,Acari,truebugs,0,0,1,0,https://www.inaturalist.org/observations/181214108,"2024-08-12 05:57:04"
12323,156254,fly,order,Psocodea,Psocodea,0,0,4,1,https://www.inaturalist.org/observations/181211530,"2024-08-12 05:57:04"
12324,156249,spider,family,Dictynidae,spider,0,0,2,0,https://www.inaturalist.org/observations/181210231,"2024-08-12 05:57:04"
12325,156246,unidentified,order,Thysanoptera,Thysanoptera,0,0,1,0,https://www.inaturalist.org/observations/181208877,"2024-08-12 05:57:04"
12326,156244,spider,family,Philodromidae,spider,0,0,2,0,https://www.inaturalist.org/observations/181207807,"2024-08-12 05:57:04"
12327,156238,unidentified,family,Tingidae,truebugs,0,0,1,0,https://www.inaturalist.org/observations/181205269,"2024-08-12 05:57:04"
12328,156235,truebugs,family,Braconidae,bee,0,0,4,1,https://www.inaturalist.org/observations/181204387,"2024-08-12 05:57:04"
12329,156221,beetle,species,"Harmonia axyridis",beetle,0,0,4,0,https://www.inaturalist.org/observations/181195926,"2024-08-12 05:57:04"
12330,156214,leafhopper,subgenus,Graphocephala,leafhopper,0,0,3,0,https://www.inaturalist.org/observations/181122172,"2024-08-12 05:57:05"
12331,156127,leafhopper,species,"Jikradia olitoria",leafhopper,0,0,3,0,https://www.inaturalist.org/observations/180043513,"2024-08-12 06:00:05"
12332,156118,leafhopper,family,Cicadellidae,leafhopper,0,0,2,0,https://www.inaturalist.org/observations/180041618,"2024-08-12 06:00:05"
12333,156098,spider,family,Philodromidae,spider,0,0,5,0,https://www.inaturalist.org/observations/179991728,"2024-08-12 06:00:05"
12334,156031,beetle,family,Elateridae,beetle,0,0,2,0,https://www.inaturalist.org/observations/179938594,"2024-08-12 06:00:05"
12335,156022,beetle,species,"Harmonia axyridis",beetle,1,0,4,0,https://www.inaturalist.org/observations/179937375,"2024-08-12 06:00:05"
12336,155684,leafhopper,genus,Chlorotettix,leafhopper,0,0,2,0,https://www.inaturalist.org/observations/179534060,"2024-08-12 06:03:05"
12337,155682,caterpillar,superfamily,Tenthredinoidea,bee,0,1,3,1,https://www.inaturalist.org/observations/179533590,"2024-08-12 06:03:05"
12338,155665,fly,subclass,Pterygota,aphid,0,0,2,1,https://www.inaturalist.org/observations/179528497,"2024-08-12 06:03:05"
12339,155643,leafhopper,subgenus,Gyponana,leafhopper,0,0,2,0,https://www.inaturalist.org/observations/179519528,"2024-08-12 06:03:05"
12340,155554,bee,subclass,Pterygota,leafhopper,0,0,2,1,https://www.inaturalist.org/observations/178883599,"2024-08-12 06:03:05"
12341,155553,beetle,subclass,Pterygota,truebugs,0,0,2,1,https://www.inaturalist.org/observations/178883099,"2024-08-12 06:03:05"
12342,155552,aphid,suborder,Heteroptera,truebugs,0,0,3,1,https://www.inaturalist.org/observations/178882608,"2024-08-12 06:03:05"
12343,155549,beetle,subclass,Pterygota,leafhopper,0,0,2,1,https://www.inaturalist.org/observations/178871006,"2024-08-12 06:03:05"
12344,155539,bee,suborder,Auchenorrhyncha,leafhopper,0,0,3,1,https://www.inaturalist.org/observations/178856069,"2024-08-12 06:06:04"
12345,155507,bee,suborder,Apocrita,bee,0,0,2,0,https://www.inaturalist.org/observations/178849796,"2024-08-12 06:06:04"
12346,155482,aphid,order,Hemiptera,leafhopper,0,0,2,1,https://www.inaturalist.org/observations/178847810,"2024-08-12 06:06:04"
12347,155335,leafhopper,species,"Ormenoides venusta",leafhopper,0,0,2,0,https://www.inaturalist.org/observations/178577205,"2024-08-12 06:06:04"
12348,155333,ant,genus,Myrmica,ant,0,0,2,0,https://www.inaturalist.org/observations/178576818,"2024-08-12 06:06:04"
12349,155330,ant,genus,Myrmica,ant,0,0,2,0,https://www.inaturalist.org/observations/178575498,"2024-08-12 06:06:05"
12350,155328,leafhopper,species,"Acericerus ribauti",leafhopper,0,0,2,0,https://www.inaturalist.org/observations/178574536,"2024-08-12 06:06:05"
12351,155325,leafhopper,species,"Ormenoides venusta",leafhopper,0,0,2,0,https://www.inaturalist.org/observations/178573848,"2024-08-12 06:06:05"
12352,155312,fly,subclass,Pterygota,Psocodea,0,0,2,1,https://www.inaturalist.org/observations/178570793,"2024-08-12 06:09:04"
12353,155304,fly,subclass,Pterygota,Trichoptera,0,0,2,1,https://www.inaturalist.org/observations/178567843,"2024-08-12 06:09:04"
12354,155302,fly,subclass,Pterygota,Psocodea,0,0,2,1,https://www.inaturalist.org/observations/178566859,"2024-08-12 06:09:04"
12355,155291,ant,genus,Myrmica,ant,0,0,2,0,https://www.inaturalist.org/observations/178561956,"2024-08-12 06:09:04"
12356,155286,ant,genus,Myrmica,ant,0,0,2,0,https://www.inaturalist.org/observations/178559798,"2024-08-12 06:09:05"
12357,155283,ant,genus,Myrmica,ant,0,0,2,0,https://www.inaturalist.org/observations/178558375,"2024-08-12 06:09:05"
12358,155281,ant,species,"Myrmica rubra",ant,0,0,3,0,https://www.inaturalist.org/observations/178557457,"2024-08-12 06:09:05"
12359,155280,spider,species,"Neoscona arabesca",spider,0,0,2,0,https://www.inaturalist.org/observations/178557067,"2024-08-12 06:09:05"
12360,155277,beetle,family,Coccinellidae,beetle,0,0,2,0,https://www.inaturalist.org/observations/178556257,"2024-08-12 06:09:05"
12361,155217,beetle,subclass,Pterygota,Neuroptera,0,0,2,1,https://www.inaturalist.org/observations/178371465,"2024-08-12 06:09:05"
12362,155208,moths,subclass,Pterygota,leafhopper,0,0,2,1,https://www.inaturalist.org/observations/178370207,"2024-08-12 06:09:05"
12363,155181,truebugs,superfamily,Pentatomoidea,truebugs,0,0,2,0,https://www.inaturalist.org/observations/178055477,"2024-08-12 06:12:05"
12364,155179,fly,subclass,Pterygota,Psocodea,0,0,2,1,https://www.inaturalist.org/observations/178054045,"2024-08-12 06:12:05"
12365,155175,beetle,suborder,Heteroptera,truebugs,0,0,3,1,https://www.inaturalist.org/observations/178049517,"2024-08-12 06:12:05"
12366,155171,moths,subclass,Pterygota,leafhopper,0,0,2,1,https://www.inaturalist.org/observations/178048561,"2024-08-12 06:12:05"
12367,155163,unidentified,species,"Cyrtepistomus castaneus",beetle,0,0,1,0,https://www.inaturalist.org/observations/178041704,"2024-08-12 06:12:05"
12368,155150,beetle,suborder,Polyphaga,beetle,0,0,2,0,https://www.inaturalist.org/observations/177853570,"2024-08-12 06:12:05"
12369,155146,spider,subfamily,Thomisinae,spider,0,0,3,0,https://www.inaturalist.org/observations/177852120,"2024-08-12 06:12:05"
12370,155134,spider,genus,Tmarus,spider,0,0,2,0,https://www.inaturalist.org/observations/177850243,"2024-08-12 06:12:05"
12371,155006,bee,order,Diptera,fly,0,0,4,1,https://www.inaturalist.org/observations/177830350,"2024-08-12 06:12:05"
12372,154993,leafhopper,family,Derbidae,leafhopper,0,0,2,0,https://www.inaturalist.org/observations/177824273,"2024-08-12 06:15:05"
12373,154780,leafhopper,species,"Acericerus ribauti",leafhopper,0,0,2,0,https://www.inaturalist.org/observations/177531583,"2024-08-12 06:15:05"
12374,154771,leafhopper,genus,Penestragania,leafhopper,0,0,2,0,https://www.inaturalist.org/observations/177529049,"2024-08-12 06:15:05"
12375,154761,leafhopper,tribe,Ceresini,leafhopper,0,0,2,0,https://www.inaturalist.org/observations/177527569,"2024-08-12 06:15:05"
12376,154758,leafhopper,tribe,Gyponini,leafhopper,0,0,2,0,https://www.inaturalist.org/observations/177526043,"2024-08-12 06:15:05"
12377,154752,leafhopper,species,"Acericerus ribauti",leafhopper,0,0,2,0,https://www.inaturalist.org/observations/177522897,"2024-08-12 06:15:05"
12378,154751,leafhopper,species,"Jikradia olitoria",leafhopper,0,0,3,0,https://www.inaturalist.org/observations/177522421,"2024-08-12 06:15:05"
12379,154745,leafhopper,tribe,Philaenini,leafhopper,0,0,2,0,https://www.inaturalist.org/observations/177519531,"2024-08-12 06:15:05"
12380,154744,leafhopper,species,"Acericerus ribauti",leafhopper,0,0,2,0,https://www.inaturalist.org/observations/177519084,"2024-08-12 06:15:05"
12381,154740,fly,subclass,Pterygota,leafhopper,0,0,2,1,https://www.inaturalist.org/observations/177517080,"2024-08-12 06:15:05"
12382,154642,leafhopper,species,"Ormenoides venusta",leafhopper,0,0,2,0,https://www.inaturalist.org/observations/177355686,"2024-08-12 06:18:05"
12383,154641,leafhopper,species,"Metcalfa pruinosa",leafhopper,0,0,2,0,https://www.inaturalist.org/observations/177353859,"2024-08-12 06:18:05"
12384,154582,leafhopper,species,"Ormenoides venusta",leafhopper,0,0,2,0,https://www.inaturalist.org/observations/177221080,"2024-08-12 06:18:05"
12385,154411,leafhopper,subclass,Pterygota,Neuroptera,0,0,2,1,https://www.inaturalist.org/observations/177163223,"2024-08-12 06:18:05"
12386,154347,beetle,species,"Harmonia axyridis",beetle,0,0,4,0,https://www.inaturalist.org/observations/176973800,"2024-08-12 06:18:05"
12387,154276,leafhopper,species,"Jikradia olitoria",leafhopper,0,0,3,0,https://www.inaturalist.org/observations/176643400,"2024-08-12 06:21:04"
12388,154275,beetle,species,"Harmonia axyridis",beetle,1,0,4,0,https://www.inaturalist.org/observations/176642860,"2024-08-12 06:21:04"
12389,154236,beetle,family,Elateridae,beetle,0,0,2,0,https://www.inaturalist.org/observations/176626309,"2024-08-12 06:21:04"
12390,154146,beetle,species,"Harmonia axyridis",beetle,1,0,4,0,https://www.inaturalist.org/observations/176609261,"2024-08-12 06:21:04"
12391,154024,leafhopper,species,"Rugosana querci",leafhopper,0,0,2,0,https://www.inaturalist.org/observations/176592532,"2024-08-12 06:21:04"
12392,153975,leafhopper,species,"Metcalfa pruinosa",leafhopper,0,0,2,0,https://www.inaturalist.org/observations/176530280,"2024-08-12 06:21:04"
12393,153970,beetle,family,Coccinellidae,beetle,1,0,2,0,https://www.inaturalist.org/observations/176502622,"2024-08-12 06:21:04"
12394,153968,beetle,species,"Harmonia axyridis",beetle,1,0,4,0,https://www.inaturalist.org/observations/176499550,"2024-08-12 06:21:04"
12395,153964,leafhopper,tribe,Otiocerini,leafhopper,0,0,2,0,https://www.inaturalist.org/observations/176493610,"2024-08-12 06:21:04"
12396,153948,beetle,species,"Harmonia axyridis",beetle,1,0,4,0,https://www.inaturalist.org/observations/176480110,"2024-08-12 06:24:04"
12397,153930,beetle,family,Coccinellidae,beetle,1,0,2,0,https://www.inaturalist.org/observations/176451026,"2024-08-12 06:24:04"
12398,153924,ant,family,Formicidae,ant,0,0,2,0,https://www.inaturalist.org/observations/176446167,"2024-08-12 06:24:04"
12399,153915,beetle,family,Coccinellidae,beetle,1,0,2,0,https://www.inaturalist.org/observations/176441763,"2024-08-12 06:24:04"
12400,153824,ant,species,"Lasius americanus",ant,0,0,2,0,https://www.inaturalist.org/observations/176317160,"2024-08-12 06:24:04"
12401,153667,ant,complex,"Formica fusca",ant,0,0,2,0,https://www.inaturalist.org/observations/176288909,"2024-08-12 06:24:04"
12402,153658,ant,genus,Myrmica,ant,0,0,2,0,https://www.inaturalist.org/observations/176281932,"2024-08-12 06:24:04"
12403,153651,beetle,family,Coccinellidae,beetle,1,0,2,0,https://www.inaturalist.org/observations/176277100,"2024-08-12 06:24:04"
12404,153650,fly,subclass,Pterygota,truebugs,0,0,2,1,https://www.inaturalist.org/observations/176276552,"2024-08-12 06:24:04"
12405,153539,beetle,family,Coccinellidae,beetle,1,0,2,0,https://www.inaturalist.org/observations/176173736,"2024-08-12 06:24:04"
12406,153530,ant,species,"Lasius americanus",ant,0,0,2,0,https://www.inaturalist.org/observations/176169950,"2024-08-12 06:27:04"
12407,153526,leafhopper,genus,Penestragania,leafhopper,0,0,2,0,https://www.inaturalist.org/observations/176168473,"2024-08-12 06:27:04"
12408,153520,leafhopper,species,"Clastoptera obtusa",leafhopper,0,0,2,0,https://www.inaturalist.org/observations/176165517,"2024-08-12 06:27:04"
12409,153509,beetle,family,Chrysomelidae,beetle,0,0,2,0,https://www.inaturalist.org/observations/176160250,"2024-08-12 06:27:04"
12410,153508,ant,species,"Tapinoma sessile",ant,0,0,2,0,https://www.inaturalist.org/observations/176159673,"2024-08-12 06:27:04"
12411,153504,ant,genus,Myrmica,ant,0,0,2,0,https://www.inaturalist.org/observations/176157460,"2024-08-12 06:27:04"
12412,153500,ant,genus,Myrmica,ant,0,0,2,0,https://www.inaturalist.org/observations/176155687,"2024-08-12 06:27:04"
12413,153497,ant,genus,Myrmica,ant,0,0,2,0,https://www.inaturalist.org/observations/176154695,"2024-08-12 06:27:04"
12414,153495,leafhopper,species,"Acericerus ribauti",leafhopper,0,0,2,0,https://www.inaturalist.org/observations/176153788,"2024-08-12 06:27:04"
12415,153456,ant,genus,Camponotus,ant,0,0,2,0,https://www.inaturalist.org/observations/176093874,"2024-08-12 06:27:04"
12416,153439,leafhopper,species,"Synecdoche grisea",leafhopper,0,0,3,0,https://www.inaturalist.org/observations/176006667,"2024-08-12 06:30:05"
12417,153438,leafhopper,species,"Synecdoche grisea",leafhopper,0,0,2,0,https://www.inaturalist.org/observations/176006204,"2024-08-12 06:30:05"
12418,153436,beetle,family,Coccinellidae,beetle,1,0,2,0,https://www.inaturalist.org/observations/176003002,"2024-08-12 06:30:05"
12419,153430,leafhopper,species,"Jikradia olitoria",leafhopper,0,0,3,0,https://www.inaturalist.org/observations/175999405,"2024-08-12 06:30:05"
12420,153410,ant,subfamily,Formicinae,ant,0,0,2,0,https://www.inaturalist.org/observations/175984852,"2024-08-12 06:30:05"
12421,153407,leafhopper,species,"Philaenus spumarius",leafhopper,0,0,2,0,https://www.inaturalist.org/observations/175979134,"2024-08-12 06:30:05"
12422,153400,ant,subgenus,Myrmentoma,ant,0,0,2,0,https://www.inaturalist.org/observations/175975564,"2024-08-12 06:30:05"
12423,153381,leafhopper,species,"Jikradia olitoria",leafhopper,0,0,3,0,https://www.inaturalist.org/observations/175967877,"2024-08-12 06:30:05"
12424,153358,leafhopper,species,"Jikradia olitoria",leafhopper,0,0,3,0,https://www.inaturalist.org/observations/175963226,"2024-08-12 06:30:05"
12425,153350,leafhopper,genus,Cedusa,leafhopper,0,0,2,0,https://www.inaturalist.org/observations/175956563,"2024-08-12 06:30:05"
12426,153344,beetle,family,Coccinellidae,beetle,1,0,2,0,https://www.inaturalist.org/observations/175950860,"2024-08-12 06:30:05"
12427,153296,beetle,species,"Psyllobora vigintimaculata",beetle,0,0,3,0,https://www.inaturalist.org/observations/175916507,"2024-08-12 06:33:04"
12428,153295,leafhopper,genus,Cedusa,leafhopper,0,0,2,0,https://www.inaturalist.org/observations/175916217,"2024-08-12 06:33:04"
12429,152065,leafhopper,species,"Ormenoides venusta",leafhopper,0,0,2,0,https://www.inaturalist.org/observations/175712272,"2024-08-12 06:33:04"
12430,152063,leafhopper,species,"Ormenoides venusta",leafhopper,0,0,2,0,https://www.inaturalist.org/observations/175707483,"2024-08-12 06:33:04"
12431,153058,beetle,family,Elateridae,beetle,0,0,2,0,https://www.inaturalist.org/observations/175394267,"2024-08-12 06:33:04"
12432,153012,leafhopper,superfamily,Cercopoidea,leafhopper,0,0,2,0,https://www.inaturalist.org/observations/175382181,"2024-08-12 06:36:05"
12433,152986,leafhopper,subclass,Pterygota,beetle,0,0,2,1,https://www.inaturalist.org/observations/175376688,"2024-08-12 06:36:05"
12434,152952,aphid,suborder,Auchenorrhyncha,leafhopper,0,0,3,1,https://www.inaturalist.org/observations/175371796,"2024-08-12 06:36:05"
12435,152875,moths,species,"Hyphantria cunea",moths,0,0,3,0,https://www.inaturalist.org/observations/175362341,"2024-08-12 06:39:04"
12436,152789,leafhopper,species,"Ormenoides venusta",leafhopper,0,0,2,0,https://www.inaturalist.org/observations/175354271,"2024-08-12 06:39:04"
12437,152788,leafhopper,species,"Metcalfa pruinosa",leafhopper,0,0,2,0,https://www.inaturalist.org/observations/175353968,"2024-08-12 06:39:04"
12438,152742,leafhopper,species,"Ormenoides venusta",leafhopper,0,0,2,0,https://www.inaturalist.org/observations/175349089,"2024-08-12 06:39:04"
12439,152586,beetle,tribe,Rhamphini,beetle,0,0,2,0,https://www.inaturalist.org/observations/175211260,"2024-08-12 06:42:05"
12440,152557,beetle,family,Chrysomelidae,beetle,0,0,2,0,https://www.inaturalist.org/observations/175208835,"2024-08-12 06:42:05"
12441,152552,beetle,family,Elateridae,beetle,0,0,2,0,https://www.inaturalist.org/observations/175208278,"2024-08-12 06:42:05"
12442,152550,beetle,species,"Pseudoedophrys hilleri",beetle,0,0,2,0,https://www.inaturalist.org/observations/175207870,"2024-08-12 06:42:05"
12443,152512,beetle,subfamily,Eumolpinae,beetle,0,0,2,0,https://www.inaturalist.org/observations/175203074,"2024-08-12 06:42:05"
12444,152492,beetle,species,"Cyrtepistomus castaneus",beetle,0,0,2,0,https://www.inaturalist.org/observations/175201646,"2024-08-12 06:42:05"
12445,152437,leafhopper,species,"Rugosana querci",leafhopper,0,0,2,0,https://www.inaturalist.org/observations/175190754,"2024-08-12 06:45:04"
12446,152325,beetle,suborder,Heteroptera,truebugs,0,0,3,1,https://www.inaturalist.org/observations/175063710,"2024-08-12 06:45:04"
12447,152257,leafhopper,subfamily,Typhlocybinae,leafhopper,0,0,2,0,https://www.inaturalist.org/observations/175044351,"2024-08-12 06:45:04"
12448,152200,beetle,subfamily,Eumolpinae,beetle,0,0,2,0,https://www.inaturalist.org/observations/175034105,"2024-08-12 06:48:04"
12449,152196,beetle,species,"Pseudoedophrys hilleri",beetle,0,0,2,0,https://www.inaturalist.org/observations/175033205,"2024-08-12 06:48:04"
12450,152173,beetle,species,"Pseudoedophrys hilleri",beetle,0,0,2,0,https://www.inaturalist.org/observations/175029672,"2024-08-12 06:48:04"
12451,152169,beetle,species,"Photinus pyralis",beetle,0,0,4,0,https://www.inaturalist.org/observations/175028773,"2024-08-12 06:48:04"
12452,152123,beetle,subclass,Pterygota,truebugs,0,0,2,1,https://www.inaturalist.org/observations/174938190,"2024-08-12 06:48:04"
12453,152116,moths,subclass,Pterygota,Neuroptera,0,0,2,1,https://www.inaturalist.org/observations/174936247,"2024-08-12 06:48:04"
12454,152115,ant,subgenus,Lasius,ant,0,0,2,0,https://www.inaturalist.org/observations/174935802,"2024-08-12 06:48:04"
12455,152109,ant,genus,Myrmica,ant,0,0,2,0,https://www.inaturalist.org/observations/174933179,"2024-08-12 06:48:04"
12456,152108,ant,genus,Myrmica,ant,0,0,2,0,https://www.inaturalist.org/observations/174932685,"2024-08-12 06:51:05"
12457,152106,ant,genus,Myrmica,ant,0,0,2,0,https://www.inaturalist.org/observations/174931764,"2024-08-12 06:51:05"
12458,152105,leafhopper,species,"Vanduzea arquata",leafhopper,0,0,2,0,https://www.inaturalist.org/observations/174931082,"2024-08-12 06:51:05"
12459,152100,leafhopper,genus,Penestragania,leafhopper,0,0,2,0,https://www.inaturalist.org/observations/174929380,"2024-08-12 06:51:05"
12460,152093,ant,genus,Myrmica,ant,0,0,2,0,https://www.inaturalist.org/observations/174927020,"2024-08-12 06:51:05"
12461,152091,leafhopper,genus,Penestragania,leafhopper,0,0,2,0,https://www.inaturalist.org/observations/174926045,"2024-08-12 06:51:05"
12462,152089,beetle,tribe,Rhamphini,beetle,0,0,2,0,https://www.inaturalist.org/observations/174925194,"2024-08-12 06:51:05"
12463,152085,leafhopper,genus,Macropsis,leafhopper,0,0,2,0,https://www.inaturalist.org/observations/174923174,"2024-08-12 06:51:05"
12464,152083,ant,genus,Myrmica,ant,0,0,2,0,https://www.inaturalist.org/observations/174922313,"2024-08-12 06:51:05"
12465,152082,ant,genus,Myrmica,ant,0,0,2,0,https://www.inaturalist.org/observations/174921899,"2024-08-12 06:51:05"
12466,152081,leafhopper,species,"Jikradia olitoria",leafhopper,0,0,3,0,https://www.inaturalist.org/observations/174921429,"2024-08-12 06:51:05"
12467,152079,ant,genus,Myrmica,ant,0,0,2,0,https://www.inaturalist.org/observations/174920556,"2024-08-12 06:51:05"
12468,152078,beetle,tribe,Rhamphini,beetle,0,0,2,0,https://www.inaturalist.org/observations/174920106,"2024-08-12 06:51:05"
12469,152076,leafhopper,species,"Philaenus spumarius",leafhopper,0,0,2,0,https://www.inaturalist.org/observations/174918960,"2024-08-12 06:51:05"
12470,152075,ant,genus,Myrmica,ant,0,0,2,0,https://www.inaturalist.org/observations/174918336,"2024-08-12 06:51:05"
12471,152074,beetle,tribe,Rhamphini,beetle,0,0,2,0,https://www.inaturalist.org/observations/174917794,"2024-08-12 06:51:05"
12472,152072,ant,genus,Myrmica,ant,0,0,2,0,https://www.inaturalist.org/observations/174916793,"2024-08-12 06:51:05"
12473,152071,ant,genus,Myrmica,ant,0,0,2,0,https://www.inaturalist.org/observations/174916034,"2024-08-12 06:51:05"
12474,152067,ant,complex,"Formica fusca",ant,0,0,2,0,https://www.inaturalist.org/observations/174913993,"2024-08-12 06:51:05"
12475,152050,leafhopper,species,"Aplos simplex",leafhopper,0,0,2,0,https://www.inaturalist.org/observations/174908607,"2024-08-12 06:51:05"
12476,152049,beetle,family,Coccinellidae,beetle,1,0,2,0,https://www.inaturalist.org/observations/174908147,"2024-08-12 06:51:05"
12477,152048,beetle,family,Coccinellidae,beetle,1,0,2,0,https://www.inaturalist.org/observations/174907746,"2024-08-12 06:51:05"
12478,151943,beetle,family,Elateridae,beetle,0,0,2,0,https://www.inaturalist.org/observations/174890255,"2024-08-12 06:54:05"
12479,151895,caterpillar,species,"Hypercompe scribonia",caterpillar,0,0,3,0,https://www.inaturalist.org/observations/174878296,"2024-08-12 06:57:05"
12480,151892,beetle,family,Elateridae,beetle,0,0,2,0,https://www.inaturalist.org/observations/174877869,"2024-08-12 06:57:05"
12481,151868,beetle,species,"Pseudocneorhinus bifasciatus",beetle,0,0,2,0,https://www.inaturalist.org/observations/174872739,"2024-08-12 06:57:05"
12482,151805,beetle,family,Elateridae,beetle,0,0,2,0,https://www.inaturalist.org/observations/174857920,"2024-08-12 06:57:05"
12483,151796,fly,family,Cecidomyiidae,fly,0,0,2,0,https://www.inaturalist.org/observations/174773353,"2024-08-12 07:00:07"
12484,151793,fly,subclass,Pterygota,bee,0,0,2,1,https://www.inaturalist.org/observations/174769427,"2024-08-12 07:00:07"
12485,151791,beetle,subfamily,Scolytinae,beetle,0,0,2,0,https://www.inaturalist.org/observations/174766415,"2024-08-12 07:00:07"
12486,151788,beetle,species,"Cyrtepistomus castaneus",beetle,0,0,2,0,https://www.inaturalist.org/observations/174759942,"2024-08-12 07:00:07"
12487,151776,leafhopper,species,"Jikradia olitoria",leafhopper,0,0,3,0,https://www.inaturalist.org/observations/174755332,"2024-08-12 07:00:07"
12488,151762,leafhopper,genus,Cedusa,leafhopper,0,0,2,0,https://www.inaturalist.org/observations/174732693,"2024-08-12 07:00:07"
12489,151697,leafhopper,genus,Acanalonia,leafhopper,0,0,2,0,https://www.inaturalist.org/observations/174680662,"2024-08-12 07:03:06"
12490,151602,ant,subgenus,Crematogaster,ant,0,0,2,0,https://www.inaturalist.org/observations/174524678,"2024-08-12 07:03:06"
12491,151593,ant,subgenus,Crematogaster,ant,0,0,2,0,https://www.inaturalist.org/observations/174519247,"2024-08-12 07:03:06"
12492,151587,leafhopper,subfamily,Typhlocybinae,leafhopper,0,0,2,0,https://www.inaturalist.org/observations/174514965,"2024-08-12 07:03:06"
12493,151585,ant,subgenus,Crematogaster,ant,0,0,2,0,https://www.inaturalist.org/observations/174513674,"2024-08-12 07:06:07"
12494,151582,leafhopper,subgenus,Gyponana,leafhopper,0,0,2,0,https://www.inaturalist.org/observations/174511912,"2024-08-12 07:06:07"
12495,151576,ant,species,"Lasius americanus",ant,0,0,2,0,https://www.inaturalist.org/observations/174156480,"2024-08-12 07:06:08"
12496,151539,leafhopper,species,"Jikradia olitoria",leafhopper,0,0,3,0,https://www.inaturalist.org/observations/174138145,"2024-08-12 07:06:10"
12497,151538,bee,species,"Temnothorax longispinosus",ant,0,0,2,1,https://www.inaturalist.org/observations/174137689,"2024-08-12 07:06:10"
12498,151300,beetle,family,Elateridae,beetle,0,0,2,0,https://www.inaturalist.org/observations/174096653,"2024-08-12 07:12:06"
12499,151226,fly,subclass,Pterygota,truebugs,0,0,2,1,https://www.inaturalist.org/observations/174007763,"2024-08-12 07:12:06"
12500,151225,beetle,family,Coccinellidae,beetle,1,0,2,0,https://www.inaturalist.org/observations/174007361,"2024-08-12 07:12:06"
12501,151211,beetle,family,Coccinellidae,beetle,1,0,2,0,https://www.inaturalist.org/observations/173997179,"2024-08-12 07:12:06"
12502,151204,beetle,subclass,Pterygota,truebugs,0,0,2,1,https://www.inaturalist.org/observations/173991304,"2024-08-12 07:12:06"
12503,151079,leafhopper,tribe,Scaphoideini,leafhopper,0,0,2,0,https://www.inaturalist.org/observations/173974026,"2024-08-12 07:15:05"
12504,151078,beetle,subfamily,Eumolpinae,beetle,0,0,2,0,https://www.inaturalist.org/observations/173973538,"2024-08-12 07:15:05"
12505,151056,beetle,subfamily,Eumolpinae,beetle,0,0,2,0,https://www.inaturalist.org/observations/173971740,"2024-08-12 07:15:05"
12506,151055,beetle,family,Ptinidae,beetle,0,0,2,0,https://www.inaturalist.org/observations/173971249,"2024-08-12 07:15:05"
12507,151054,beetle,family,Coccinellidae,beetle,1,0,2,0,https://www.inaturalist.org/observations/173970859,"2024-08-12 07:15:05"
12508,151050,beetle,family,Coccinellidae,beetle,1,0,2,0,https://www.inaturalist.org/observations/173970390,"2024-08-12 07:15:05"
12509,151049,beetle,family,Coccinellidae,beetle,1,0,2,0,https://www.inaturalist.org/observations/173969861,"2024-08-12 07:15:05"
12510,151047,beetle,family,Coccinellidae,beetle,1,0,2,0,https://www.inaturalist.org/observations/173969420,"2024-08-12 07:15:05"
12511,151015,leafhopper,species,"Flatormenis proxima",leafhopper,0,0,2,0,https://www.inaturalist.org/observations/173951841,"2024-08-12 07:15:05"
12512,151002,leafhopper,tribe,Scaphoideini,leafhopper,0,0,2,0,https://www.inaturalist.org/observations/173949521,"2024-08-12 07:15:05"
12513,150980,leafhopper,genus,Cedusa,leafhopper,0,0,2,0,https://www.inaturalist.org/observations/173947404,"2024-08-12 07:15:05"
12514,150912,beetle,species,"Cyrtepistomus castaneus",beetle,0,0,2,0,https://www.inaturalist.org/observations/173934191,"2024-08-12 07:15:05"
12515,150856,fly,zoosubsection,Acalyptratae,fly,0,0,2,0,https://www.inaturalist.org/observations/173848007,"2024-08-12 07:18:06"
12516,150694,leafhopper,subgenus,Gyponana,leafhopper,0,0,2,0,https://www.inaturalist.org/observations/173763134,"2024-08-12 07:18:06"
12517,150608,leafhopper,genus,Penestragania,leafhopper,0,0,2,0,https://www.inaturalist.org/observations/173660620,"2024-08-12 07:21:05"
12518,150604,leafhopper,genus,Penestragania,leafhopper,0,0,2,0,https://www.inaturalist.org/observations/173658570,"2024-08-12 07:21:05"
12519,150600,leafhopper,genus,Penestragania,leafhopper,0,0,2,0,https://www.inaturalist.org/observations/173657169,"2024-08-12 07:21:05"
12520,150573,leafhopper,species,"Philaenus spumarius",leafhopper,0,0,2,0,https://www.inaturalist.org/observations/173646651,"2024-08-12 07:24:05"
12521,150568,leafhopper,species,"Acericerus ribauti",leafhopper,0,0,2,0,https://www.inaturalist.org/observations/173644189,"2024-08-12 07:24:05"
12522,150534,leafhopper,tribe,Nephesini,leafhopper,0,0,2,0,https://www.inaturalist.org/observations/173641225,"2024-08-12 07:24:05"
12523,150531,leafhopper,species,"Empoa vestita",leafhopper,0,0,2,0,https://www.inaturalist.org/observations/173639997,"2024-08-12 07:24:05"
12524,150525,bee,tribe,Alysiini,bee,0,0,2,0,https://www.inaturalist.org/observations/173639592,"2024-08-12 07:24:05"
12525,150293,leafhopper,species,"Agalliopsis ancistra",leafhopper,0,0,2,0,https://www.inaturalist.org/observations/173575255,"2024-08-12 07:30:08"
12526,150277,fly,genus,Chrysotus,fly,0,0,3,0,https://www.inaturalist.org/observations/173500934,"2024-08-12 07:30:08"
12527,150275,beetle,subclass,Pterygota,truebugs,0,0,2,1,https://www.inaturalist.org/observations/173497447,"2024-08-12 07:30:08"
12528,150265,bee,genus,Camponotus,ant,0,0,2,1,https://www.inaturalist.org/observations/173485200,"2024-08-12 07:30:08"
12529,150262,leafhopper,species,"Ormenoides venusta",leafhopper,0,0,2,0,https://www.inaturalist.org/observations/173478294,"2024-08-12 07:33:06"
12530,150260,leafhopper,tribe,Nephesini,leafhopper,0,0,2,0,https://www.inaturalist.org/observations/173476237,"2024-08-12 07:33:06"
12531,150259,leafhopper,species,"Jikradia olitoria",leafhopper,0,0,3,0,https://www.inaturalist.org/observations/173475844,"2024-08-12 07:33:06"
12532,150258,leafhopper,species,"Ormenoides venusta",leafhopper,0,0,2,0,https://www.inaturalist.org/observations/173475320,"2024-08-12 07:33:06"
12533,150245,beetle,subclass,Pterygota,truebugs,0,0,2,1,https://www.inaturalist.org/observations/173468373,"2024-08-12 07:33:06"
12534,150223,bee,superfamily,Ichneumonoidea,bee,0,0,2,0,https://www.inaturalist.org/observations/173462297,"2024-08-12 07:33:06"
12535,150221,fly,subclass,Pterygota,bee,0,0,2,1,https://www.inaturalist.org/observations/173461412,"2024-08-12 07:33:06"
12536,150202,fly,subclass,Pterygota,bee,0,0,2,1,https://www.inaturalist.org/observations/173459886,"2024-08-12 07:33:06"
12537,150196,leafhopper,species,"Ormenoides venusta",leafhopper,0,0,2,0,https://www.inaturalist.org/observations/173458913,"2024-08-12 07:33:06"
12538,150168,leafhopper,tribe,Nephesini,leafhopper,0,0,2,0,https://www.inaturalist.org/observations/173449659,"2024-08-12 07:33:06"
12539,150167,leafhopper,species,"Japananus hyalinus",leafhopper,0,0,2,0,https://www.inaturalist.org/observations/173449108,"2024-08-12 07:36:06"
12540,150158,spider,family,Tetragnathidae,spider,0,0,2,0,https://www.inaturalist.org/observations/173445322,"2024-08-12 07:36:06"
12541,149922,leafhopper,species,"Ormenoides venusta",leafhopper,0,0,2,0,https://www.inaturalist.org/observations/173433713,"2024-08-12 07:36:06"
12542,150130,spider,stateofmatter,Life,spider,0,0,1,0,https://www.inaturalist.org/observations/173425612,"2024-08-12 07:36:06"
12543,150128,truebugs,superfamily,Pentatomoidea,truebugs,0,0,2,0,https://www.inaturalist.org/observations/173424629,"2024-08-12 07:36:06"
12544,150121,leafhopper,species,"Ormenoides venusta",leafhopper,0,0,2,0,https://www.inaturalist.org/observations/173421385,"2024-08-12 07:39:06"
12545,150078,bee,suborder,Apocrita,bee,0,0,2,0,https://www.inaturalist.org/observations/173410802,"2024-08-12 07:39:06"
12546,150045,bee,suborder,Apocrita,bee,0,0,2,0,https://www.inaturalist.org/observations/173401968,"2024-08-12 07:39:06"
12547,150001,leafhopper,species,"Flatormenis proxima",leafhopper,0,0,2,0,https://www.inaturalist.org/observations/173031553,"2024-08-12 07:42:04"
12548,149918,leafhopper,tribe,Gyponini,leafhopper,0,0,2,0,https://www.inaturalist.org/observations/172913808,"2024-08-12 07:42:04"
12549,149811,leafhopper,species,"Metcalfa pruinosa",leafhopper,0,0,2,0,https://www.inaturalist.org/observations/172908423,"2024-08-12 07:42:04"
12550,149746,leafhopper,genus,Acanalonia,leafhopper,0,0,2,0,https://www.inaturalist.org/observations/172895133,"2024-08-12 07:45:05"
12551,149708,leafhopper,species,"Flatormenis proxima",leafhopper,0,0,2,0,https://www.inaturalist.org/observations/172885772,"2024-08-12 07:45:05"
12552,149705,leafhopper,species,"Allygidius atomarius",leafhopper,0,0,2,0,https://www.inaturalist.org/observations/172885219,"2024-08-12 07:45:05"
12553,149694,leafhopper,species,"Ossiannilssonola hinei",leafhopper,0,0,2,0,https://www.inaturalist.org/observations/172884196,"2024-08-12 07:45:05"
12554,149673,leafhopper,species,"Jikradia olitoria",leafhopper,0,0,3,0,https://www.inaturalist.org/observations/172879681,"2024-08-12 07:45:05"
12555,149614,caterpillar,species,"Cecrita biundata",caterpillar,0,0,4,0,https://www.inaturalist.org/observations/172866941,"2024-08-12 07:48:06"
12556,149549,caterpillar,order,Lepidoptera,caterpillar,0,0,2,0,https://www.inaturalist.org/observations/172851991,"2024-08-12 07:48:06"
12557,149524,leafhopper,species,"Ormenoides venusta",leafhopper,0,0,2,0,https://www.inaturalist.org/observations/172849858,"2024-08-12 07:51:05"
12558,149434,leafhopper,species,"Flatormenis proxima",leafhopper,0,0,2,0,https://www.inaturalist.org/observations/172757828,"2024-08-12 07:51:05"
12559,149429,leafhopper,species,"Fieberiella florii",leafhopper,0,0,2,0,https://www.inaturalist.org/observations/172751399,"2024-08-12 07:51:05"
12560,149423,leafhopper,genus,Cedusa,leafhopper,0,0,2,0,https://www.inaturalist.org/observations/172739597,"2024-08-12 07:51:05"
12561,149400,ant,genus,Lasius,ant,0,0,2,0,https://www.inaturalist.org/observations/172724283,"2024-08-12 07:54:06"
12562,149397,leafhopper,subfamily,Typhlocybinae,leafhopper,0,0,2,0,https://www.inaturalist.org/observations/172711686,"2024-08-12 07:54:06"
12563,149396,leafhopper,genus,Scaphoideus,leafhopper,0,0,2,0,https://www.inaturalist.org/observations/172711040,"2024-08-12 07:54:06"
12564,149394,leafhopper,genus,Cedusa,leafhopper,0,0,2,0,https://www.inaturalist.org/observations/172710519,"2024-08-12 07:54:06"
12565,149391,fly,subclass,Pterygota,truebugs,0,0,2,1,https://www.inaturalist.org/observations/172709005,"2024-08-12 07:54:06"
12566,149378,ant,species,"Lasius americanus",ant,0,0,2,0,https://www.inaturalist.org/observations/172702140,"2024-08-12 07:54:06"
12567,149323,ant,species,"Lasius americanus",ant,0,0,2,0,https://www.inaturalist.org/observations/172688839,"2024-08-12 07:54:06"
12568,149309,ant,species,"Lasius americanus",ant,0,0,2,0,https://www.inaturalist.org/observations/172687920,"2024-08-12 07:54:06"
12569,149289,fly,subclass,Pterygota,bee,0,0,2,1,https://www.inaturalist.org/observations/172686429,"2024-08-12 07:54:06"
12570,149264,ant,species,"Lasius americanus",ant,0,0,2,0,https://www.inaturalist.org/observations/172682649,"2024-08-12 07:54:06"
12571,149225,moths,tribe,Crambini,moths,0,0,2,0,https://www.inaturalist.org/observations/172678505,"2024-08-12 07:57:06"
12572,149084,leafhopper,class,Insecta,leafhopper,0,0,1,0,https://www.inaturalist.org/observations/172571850,"2024-08-12 07:57:06"
12573,148989,ant,species,"Lasius americanus",ant,0,0,2,0,https://www.inaturalist.org/observations/172525852,"2024-08-12 07:57:06"
12574,148923,ant,species,"Camponotus subbarbatus",ant,0,0,2,0,https://www.inaturalist.org/observations/172512617,"2024-08-12 07:57:06"
12575,148778,leafhopper,genus,Cedusa,leafhopper,0,0,2,0,https://www.inaturalist.org/observations/172426803,"2024-08-12 08:00:06"
12576,148777,leafhopper,species,"Clastoptera obtusa",leafhopper,0,0,2,0,https://www.inaturalist.org/observations/172426337,"2024-08-12 08:00:06"
12577,148763,ant,species,"Camponotus subbarbatus",ant,0,0,2,0,https://www.inaturalist.org/observations/172422061,"2024-08-12 08:03:05"
12578,148730,leafhopper,genus,Cedusa,leafhopper,0,0,2,0,https://www.inaturalist.org/observations/172416413,"2024-08-12 08:03:06"
12579,148643,leafhopper,species,"Ormenoides venusta",leafhopper,0,0,2,0,https://www.inaturalist.org/observations/172395970,"2024-08-12 08:06:06"
12580,148635,ant,species,"Lasius americanus",ant,0,0,2,0,https://www.inaturalist.org/observations/172392527,"2024-08-12 08:06:06"
12581,148630,fly,subclass,Pterygota,bee,0,0,2,1,https://www.inaturalist.org/observations/172390120,"2024-08-12 08:06:06"
12582,148523,fly,subclass,Pterygota,bee,0,0,2,1,https://www.inaturalist.org/observations/172358970,"2024-08-12 08:09:06"
12583,148517,beetle,family,Elateridae,beetle,0,0,2,0,https://www.inaturalist.org/observations/172357570,"2024-08-12 08:09:06"
12584,148482,leafhopper,species,"Flatormenis proxima",leafhopper,0,0,2,0,https://www.inaturalist.org/observations/172351905,"2024-08-12 08:09:06"
12585,148449,leafhopper,tribe,Nephesini,leafhopper,0,0,2,0,https://www.inaturalist.org/observations/172343835,"2024-08-12 08:12:06"
12586,148333,beetle,subclass,Pterygota,truebugs,0,0,2,1,https://www.inaturalist.org/observations/172201469,"2024-08-12 08:15:06"
12587,148313,leafhopper,species,"Flatormenis proxima",leafhopper,0,0,2,0,https://www.inaturalist.org/observations/172199830,"2024-08-12 08:15:06"
12588,148267,fly,subclass,Pterygota,bee,0,0,2,1,https://www.inaturalist.org/observations/172196897,"2024-08-12 08:15:06"
12589,148264,leafhopper,species,"Ormenoides venusta",leafhopper,0,0,2,0,https://www.inaturalist.org/observations/172195956,"2024-08-12 08:15:06"
12590,148242,beetle,subclass,Pterygota,truebugs,0,0,2,1,https://www.inaturalist.org/observations/172179577,"2024-08-12 08:15:06"
12591,148111,spider,family,Anyphaenidae,spider,0,0,2,0,https://www.inaturalist.org/observations/172147608,"2024-08-12 08:18:05"
12592,147873,leafhopper,species,"Flatormenis proxima",leafhopper,0,0,2,0,https://www.inaturalist.org/observations/172075286,"2024-08-12 08:18:05"
12593,147897,leafhopper,genus,Alebra,leafhopper,0,0,2,0,https://www.inaturalist.org/observations/172071979,"2024-08-12 08:18:05"
12594,147920,leafhopper,species,"Flatormenis proxima",leafhopper,0,0,2,0,https://www.inaturalist.org/observations/172071403,"2024-08-12 08:18:05"
12595,148020,leafhopper,species,"Aplos simplex",leafhopper,0,0,3,0,https://www.inaturalist.org/observations/171751105,"2024-08-12 08:18:05"
12596,148007,unidentified,order,Neuroptera,Neuroptera,0,0,1,0,https://www.inaturalist.org/observations/171745119,"2024-08-12 08:21:05"
12597,147836,leafhopper,genus,Acanalonia,leafhopper,0,0,2,0,https://www.inaturalist.org/observations/171594844,"2024-08-12 08:21:05"
12598,147818,beetle,species,"Pseudoedophrys hilleri",beetle,0,0,2,0,https://www.inaturalist.org/observations/171593344,"2024-08-12 08:21:05"
12599,147807,beetle,subphylum,Hexapoda,beetle,0,0,1,0,https://www.inaturalist.org/observations/171590368,"2024-08-12 08:21:05"
12600,147803,beetle,family,Elateridae,beetle,0,0,2,0,https://www.inaturalist.org/observations/171588913,"2024-08-12 08:21:05"
12601,147772,beetle,subfamily,Eumolpinae,beetle,0,0,2,0,https://www.inaturalist.org/observations/171583078,"2024-08-12 08:21:05"
12602,147744,beetle,family,Elateridae,beetle,0,0,2,0,https://www.inaturalist.org/observations/171578320,"2024-08-12 08:24:05"
12603,147723,beetle,family,Elateridae,beetle,0,0,2,0,https://www.inaturalist.org/observations/171574405,"2024-08-12 08:24:05"
12604,147692,beetle,family,Elateridae,beetle,0,0,2,0,https://www.inaturalist.org/observations/171569368,"2024-08-12 08:24:05"
12605,147690,beetle,family,Chrysomelidae,beetle,0,0,2,0,https://www.inaturalist.org/observations/171568915,"2024-08-12 08:24:05"
12606,147668,beetle,species,"Pseudocneorhinus bifasciatus",beetle,0,0,2,0,https://www.inaturalist.org/observations/171563705,"2024-08-12 08:24:05"
12607,147662,beetle,family,Elateridae,beetle,0,0,2,0,https://www.inaturalist.org/observations/171562720,"2024-08-12 08:24:05"
12608,147645,beetle,species,"Pseudocneorhinus bifasciatus",beetle,0,0,2,0,https://www.inaturalist.org/observations/171560687,"2024-08-12 08:24:05"
12609,147636,bee,subclass,Pterygota,fly,0,0,2,1,https://www.inaturalist.org/observations/171558621,"2024-08-12 08:27:06"
12610,147629,beetle,species,"Pseudocneorhinus bifasciatus",beetle,0,0,2,0,https://www.inaturalist.org/observations/171557727,"2024-08-12 08:27:06"
12611,147621,beetle,family,Elateridae,beetle,0,0,2,0,https://www.inaturalist.org/observations/171556271,"2024-08-12 08:27:06"
12612,147614,beetle,species,"Cyrtepistomus castaneus",beetle,0,0,2,0,https://www.inaturalist.org/observations/171555015,"2024-08-12 08:27:06"
12613,147525,fly,subclass,Pterygota,bee,0,0,2,1,https://www.inaturalist.org/observations/171447398,"2024-08-12 08:27:06"
12614,147520,beetle,genus,Photinus,beetle,0,0,3,0,https://www.inaturalist.org/observations/171444715,"2024-08-12 08:27:06"
12615,147453,beetle,species,"Pseudoedophrys hilleri",beetle,0,0,2,0,https://www.inaturalist.org/observations/171431058,"2024-08-12 08:30:07"
12616,147409,ant,subgenus,Crematogaster,ant,0,0,2,0,https://www.inaturalist.org/observations/171409151,"2024-08-12 08:30:09"
12617,147402,ant,genus,Myrmica,ant,0,0,2,0,https://www.inaturalist.org/observations/171407230,"2024-08-12 08:30:09"
12618,147400,ant,genus,Myrmica,ant,0,0,2,0,https://www.inaturalist.org/observations/171406876,"2024-08-12 08:30:09"
12619,147390,beetle,tribe,Rhamphini,beetle,0,0,2,0,https://www.inaturalist.org/observations/171403778,"2024-08-12 08:30:09"
12620,147388,ant,genus,Myrmica,ant,0,0,2,0,https://www.inaturalist.org/observations/171403242,"2024-08-12 08:30:09"
12621,147387,ant,genus,Myrmica,ant,0,0,2,0,https://www.inaturalist.org/observations/171402738,"2024-08-12 08:30:09"
12622,147205,truebugs,superfamily,Pentatomoidea,truebugs,0,0,2,0,https://www.inaturalist.org/observations/171373765,"2024-08-12 08:33:05"
12623,147063,fly,subclass,Pterygota,bee,0,0,2,1,https://www.inaturalist.org/observations/171232009,"2024-08-12 08:36:05"
12624,147008,leafhopper,species,"Jikradia olitoria",leafhopper,0,0,3,0,https://www.inaturalist.org/observations/171215521,"2024-08-12 08:39:04"
12625,146943,truebugs,superfamily,Pentatomoidea,truebugs,0,0,2,0,https://www.inaturalist.org/observations/171197472,"2024-08-12 08:39:04"
12626,146905,other,order,Psocodea,Psocodea,0,0,1,0,https://www.inaturalist.org/observations/171037127,"2024-08-12 08:42:05"
12627,146878,leafhopper,subgenus,Gyponana,leafhopper,0,0,2,0,https://www.inaturalist.org/observations/171019834,"2024-08-12 08:42:05"
12628,146861,leafhopper,species,"Orientus ishidae",leafhopper,0,0,2,0,https://www.inaturalist.org/observations/170907511,"2024-08-12 08:42:05"
12629,146845,leafhopper,tribe,Idiocerini,leafhopper,0,0,2,0,https://www.inaturalist.org/observations/170845771,"2024-08-12 08:42:05"
12630,146834,leafhopper,species,"Graphocephala versuta",leafhopper,0,0,4,0,https://www.inaturalist.org/observations/170840374,"2024-08-12 08:42:05"
12631,146780,beetle,order,Blattodea,Blattodea,0,0,3,1,https://www.inaturalist.org/observations/170833008,"2024-08-12 08:45:05"
12632,146277,leafhopper,class,Insecta,leafhopper,0,0,1,0,https://www.inaturalist.org/observations/170765058,"2024-08-12 08:45:05"
12633,146278,unidentified,suborder,Auchenorrhyncha,leafhopper,0,0,1,0,https://www.inaturalist.org/observations/170758783,"2024-08-12 08:45:05"
12634,146104,other,family,Miridae,truebugs,0,0,1,0,https://www.inaturalist.org/observations/170322335,"2024-08-12 08:48:05"
12635,146098,beetle,subclass,Pterygota,truebugs,0,0,2,1,https://www.inaturalist.org/observations/170320872,"2024-08-12 08:48:05"
12636,146073,unidentified,family,Coccinellidae,beetle,1,0,1,0,https://www.inaturalist.org/observations/170314673,"2024-08-12 08:48:05"
12637,146054,bee,order,Hymenoptera,bee,0,0,1,0,https://www.inaturalist.org/observations/170310168,"2024-08-12 08:51:04"
12638,146052,leafhopper,genus,Cedusa,leafhopper,0,0,2,0,https://www.inaturalist.org/observations/170309777,"2024-08-12 08:51:04"
12639,146011,beetle,species,"Photinus pyralis",beetle,0,0,3,0,https://www.inaturalist.org/observations/170301847,"2024-08-12 08:51:04"
12640,145991,fly,subclass,Pterygota,Thysanoptera,0,0,2,1,https://www.inaturalist.org/observations/170296542,"2024-08-12 08:51:04"
12641,145944,leafhopper,genus,Cedusa,leafhopper,0,0,2,0,https://www.inaturalist.org/observations/170288678,"2024-08-12 08:54:05"
12642,145925,beetle,species,"Cyrtepistomus castaneus",beetle,0,0,2,0,https://www.inaturalist.org/observations/170285780,"2024-08-12 08:54:05"
12643,145916,beetle,family,Chrysomelidae,beetle,0,0,2,0,https://www.inaturalist.org/observations/170283599,"2024-08-12 08:54:05"
12644,145903,beetle,family,Elateridae,beetle,0,0,2,0,https://www.inaturalist.org/observations/170280108,"2024-08-12 08:54:05"
12645,145899,leafhopper,species,"Flatormenis proxima",leafhopper,0,0,2,0,https://www.inaturalist.org/observations/170278447,"2024-08-12 08:54:05"
12646,145893,beetle,species,"Harmonia axyridis",beetle,0,0,4,0,https://www.inaturalist.org/observations/170277358,"2024-08-12 08:54:05"
12647,145724,beetle,family,Mordellidae,beetle,0,0,2,0,https://www.inaturalist.org/observations/170114274,"2024-08-12 08:57:04"
12648,145683,beetle,family,Chrysomelidae,beetle,0,0,2,0,https://www.inaturalist.org/observations/170108253,"2024-08-12 08:57:04"
12649,145673,leafhopper,species,"Otiocerus wolfii",leafhopper,0,0,3,0,https://www.inaturalist.org/observations/170106901,"2024-08-12 08:57:04"
12650,145671,bee,suborder,Apocrita,bee,0,0,2,0,https://www.inaturalist.org/observations/170106115,"2024-08-12 08:57:04"
12651,145633,beetle,family,Elateridae,beetle,0,0,2,0,https://www.inaturalist.org/observations/170100937,"2024-08-12 08:57:04"
12652,144435,leafhopper,subfamily,Cicadellinae,leafhopper,0,0,2,0,https://www.inaturalist.org/observations/169939231,"2024-08-12 09:00:05"
12653,144443,leafhopper,species,"Ormenoides venusta",leafhopper,0,0,2,0,https://www.inaturalist.org/observations/169872580,"2024-08-12 09:03:06"
12654,144445,leafhopper,species,"Graphocephala versuta",leafhopper,0,0,3,0,https://www.inaturalist.org/observations/169867987,"2024-08-12 09:03:06"
12655,144459,leafhopper,species,"Graphocephala versuta",leafhopper,0,0,3,0,https://www.inaturalist.org/observations/169863467,"2024-08-12 09:03:06"
12656,145276,leafhopper,genus,Alebra,leafhopper,0,0,2,0,https://www.inaturalist.org/observations/169819257,"2024-08-12 09:03:06"
12657,145260,leafhopper,species,"Orientus ishidae",leafhopper,0,0,2,0,https://www.inaturalist.org/observations/169818153,"2024-08-12 09:03:06"
12658,145206,beetle,family,Elateridae,beetle,0,0,2,0,https://www.inaturalist.org/observations/169814547,"2024-08-12 09:06:04"
12659,145201,beetle,genus,Photinus,beetle,0,0,3,0,https://www.inaturalist.org/observations/169813063,"2024-08-12 09:06:04"
12660,145194,beetle,family,Elateridae,beetle,0,0,2,0,https://www.inaturalist.org/observations/169812122,"2024-08-12 09:06:04"
12661,145184,beetle,family,Elateridae,beetle,0,0,2,0,https://www.inaturalist.org/observations/169809319,"2024-08-12 09:06:04"
12662,145140,beetle,genus,Trichodesma,beetle,0,0,2,0,https://www.inaturalist.org/observations/169802780,"2024-08-12 09:06:04"
12663,145134,beetle,genus,Anatis,beetle,1,0,3,0,https://www.inaturalist.org/observations/169801067,"2024-08-12 09:06:04"
12664,145133,spider,genus,Wulfila,spider,0,0,2,0,https://www.inaturalist.org/observations/169800603,"2024-08-12 09:06:04"
12665,145065,leafhopper,species,"Ormenoides venusta",leafhopper,0,0,2,0,https://www.inaturalist.org/observations/169786597,"2024-08-12 09:09:05"
12666,144964,leafhopper,genus,Acanalonia,leafhopper,0,0,2,0,https://www.inaturalist.org/observations/169766031,"2024-08-12 09:12:04"
12667,144902,leafhopper,subgenus,Empoa,leafhopper,0,0,2,0,https://www.inaturalist.org/observations/169630257,"2024-08-12 09:12:04"
12668,144894,leafhopper,genus,Oncopsis,leafhopper,0,0,2,0,https://www.inaturalist.org/observations/169625912,"2024-08-12 09:12:04"
12669,144575,fly,zoosubsection,Calyptratae,fly,0,0,3,0,https://www.inaturalist.org/observations/169237076,"2024-08-12 09:18:05"
12670,144214,spider,species,"Neriene radiata",spider,0,0,2,0,https://www.inaturalist.org/observations/169067781,"2024-08-12 09:18:05"
12671,144210,beetle,subclass,Pterygota,truebugs,0,0,2,1,https://www.inaturalist.org/observations/169066315,"2024-08-12 09:18:05"
12672,144112,spider,genus,Theridion,spider,0,0,2,0,https://www.inaturalist.org/observations/169045122,"2024-08-12 09:21:04"
12673,143849,beetle,subclass,Pterygota,truebugs,0,0,2,1,https://www.inaturalist.org/observations/168892468,"2024-08-12 09:30:05"
12674,143847,fly,subclass,Pterygota,bee,0,0,2,1,https://www.inaturalist.org/observations/168889981,"2024-08-12 09:30:05"
12675,143682,beetle,family,Chrysomelidae,beetle,0,0,2,0,https://www.inaturalist.org/observations/168847978,"2024-08-12 09:30:05"
12676,143656,beetle,family,Chrysomelidae,beetle,0,0,2,0,https://www.inaturalist.org/observations/168843056,"2024-08-12 09:33:05"
12677,143649,beetle,family,Chrysomelidae,beetle,0,0,2,0,https://www.inaturalist.org/observations/168842196,"2024-08-12 09:33:05"
12678,143641,beetle,family,Elateridae,beetle,0,0,2,0,https://www.inaturalist.org/observations/168840846,"2024-08-12 09:33:05"
12679,143625,beetle,family,Elateridae,beetle,0,0,2,0,https://www.inaturalist.org/observations/168838433,"2024-08-12 09:33:05"
12680,143617,beetle,family,Chrysomelidae,beetle,0,0,2,0,https://www.inaturalist.org/observations/168836061,"2024-08-12 09:33:05"
12681,143616,beetle,species,"Cyrtepistomus castaneus",beetle,0,0,2,0,https://www.inaturalist.org/observations/168835582,"2024-08-12 09:33:05"
12682,143527,beetle,subfamily,Entiminae,beetle,0,0,2,0,https://www.inaturalist.org/observations/168711025,"2024-08-12 09:36:05"
12683,143520,beetle,subfamily,Entiminae,beetle,0,0,2,0,https://www.inaturalist.org/observations/168705149,"2024-08-12 09:36:05"
12684,143511,beetle,subfamily,Entiminae,beetle,0,0,2,0,https://www.inaturalist.org/observations/168699825,"2024-08-12 09:36:05"
12685,143498,ant,species,"Camponotus pennsylvanicus",ant,0,0,2,0,https://www.inaturalist.org/observations/168675305,"2024-08-12 09:36:05"
12686,143449,fly,subclass,Pterygota,bee,0,0,2,1,https://www.inaturalist.org/observations/168661416,"2024-08-12 09:39:05"
12687,143444,fly,suborder,Apocrita,bee,0,0,3,1,https://www.inaturalist.org/observations/168660383,"2024-08-12 09:39:05"
12688,142422,spider,family,Philodromidae,spider,0,0,2,0,https://www.inaturalist.org/observations/168373014,"2024-08-12 09:48:04"
12689,142703,beetle,species,"Cyrtepistomus castaneus",beetle,0,0,2,0,https://www.inaturalist.org/observations/168292672,"2024-08-12 09:51:04"
12690,142702,beetle,subfamily,Eumolpinae,beetle,0,0,2,0,https://www.inaturalist.org/observations/168292153,"2024-08-12 09:51:04"
12691,142670,beetle,subfamily,Cryptocephalinae,beetle,0,0,2,0,https://www.inaturalist.org/observations/168286993,"2024-08-12 09:51:04"
12692,142260,other,order,Neuroptera,Neuroptera,0,0,1,0,https://www.inaturalist.org/observations/167727329,"2024-08-12 09:54:05"
12693,142215,beetle,family,Mordellidae,beetle,0,0,2,0,https://www.inaturalist.org/observations/167718738,"2024-08-12 09:54:05"
12694,142191,beetle,species,"Cyrtepistomus castaneus",beetle,0,0,2,0,https://www.inaturalist.org/observations/167713936,"2024-08-12 09:54:05"
12695,142190,beetle,species,"Cyrtepistomus castaneus",beetle,0,0,2,0,https://www.inaturalist.org/observations/167713178,"2024-08-12 09:54:05"
12696,142180,beetle,family,Elateridae,beetle,0,0,2,0,https://www.inaturalist.org/observations/167709452,"2024-08-12 09:57:04"
12697,142132,beetle,family,Elateridae,beetle,0,0,2,0,https://www.inaturalist.org/observations/167697779,"2024-08-12 09:57:04"
12698,142121,beetle,species,"Dorcaschema alternatum",beetle,0,0,3,0,https://www.inaturalist.org/observations/167695747,"2024-08-12 09:57:04"
12699,142103,beetle,family,Mordellidae,beetle,0,0,2,0,https://www.inaturalist.org/observations/167693287,"2024-08-12 09:57:04"
12700,142097,beetle,family,Elateridae,beetle,0,0,2,0,https://www.inaturalist.org/observations/167692928,"2024-08-12 09:57:04"
12701,142094,beetle,species,"Cyrtepistomus castaneus",beetle,0,0,2,0,https://www.inaturalist.org/observations/167691733,"2024-08-12 09:57:04"
12702,141896,beetle,species,"Phyllobius oblongus",beetle,0,0,2,0,https://www.inaturalist.org/observations/167547953,"2024-08-05 09:51:05"
12703,141856,beetle,family,Elateridae,beetle,0,0,2,0,https://www.inaturalist.org/observations/167542837,"2024-08-05 09:51:05"
12704,141854,beetle,family,Elateridae,beetle,0,0,2,0,https://www.inaturalist.org/observations/167542426,"2024-08-05 09:51:05"
12705,141809,beetle,family,Mordellidae,beetle,0,0,2,0,https://www.inaturalist.org/observations/167534716,"2024-08-05 09:51:05"
12706,141781,beetle,species,"Cyrtepistomus castaneus",beetle,0,0,2,0,https://www.inaturalist.org/observations/167530001,"2024-08-05 09:51:05"
12707,141731,beetle,family,Elateridae,beetle,0,0,2,0,https://www.inaturalist.org/observations/167524044,"2024-08-05 09:54:06"
12708,141609,fly,subclass,Pterygota,bee,0,0,2,1,https://www.inaturalist.org/observations/167389770,"2024-08-05 09:54:06"
12709,141460,beetle,species,"Harmonia axyridis",beetle,0,0,4,0,https://www.inaturalist.org/observations/167364016,"2024-08-05 09:57:05"
12710,141434,beetle,species,"Pseudoedophrys hilleri",beetle,0,0,2,0,https://www.inaturalist.org/observations/167359473,"2024-07-29 09:48:05"
12711,141415,ant,suborder,Apocrita,bee,0,0,3,1,https://www.inaturalist.org/observations/167355481,"2024-07-29 09:51:05"
12712,141403,beetle,family,Chrysomelidae,beetle,0,0,2,0,https://www.inaturalist.org/observations/167352804,"2024-07-29 09:51:05"
12713,141402,beetle,subfamily,Curculioninae,beetle,0,0,2,0,https://www.inaturalist.org/observations/167289793,"2024-07-29 09:51:05"
12714,141393,spider,family,Theridiidae,spider,0,0,2,0,https://www.inaturalist.org/observations/167286333,"2024-07-29 09:51:05"
12715,141354,beetle,species,"Polydrusus formosus",beetle,0,0,2,0,https://www.inaturalist.org/observations/167264123,"2024-07-29 09:51:05"
12716,141338,beetle,genus,Rhagonycha,beetle,0,0,3,0,https://www.inaturalist.org/observations/167262794,"2024-07-29 09:51:05"
12717,141150,fly,subclass,Pterygota,bee,0,1,2,1,https://www.inaturalist.org/observations/167249632,"2024-07-29 09:54:05"
12718,141146,spider,species,"Tmarus angulatus",spider,0,0,3,0,https://www.inaturalist.org/observations/167248699,"2024-07-29 09:54:05"
12719,141107,beetle,family,Miridae,truebugs,0,0,3,1,https://www.inaturalist.org/observations/167243141,"2024-07-29 09:54:05"
12720,141063,beetle,subfamily,Cryptocephalinae,beetle,0,0,2,0,https://www.inaturalist.org/observations/167235821,"2024-07-29 09:57:04"
12721,141060,beetle,subfamily,Cryptocephalinae,beetle,0,0,2,0,https://www.inaturalist.org/observations/167234871,"2024-07-29 09:57:04"
12722,141018,bee,superfamily,Ichneumonoidea,bee,0,0,2,0,https://www.inaturalist.org/observations/167226469,"2024-07-29 09:57:04"
12723,140971,beetle,family,Elateridae,beetle,0,0,2,0,https://www.inaturalist.org/observations/167215932,"2024-07-29 09:57:04"
12724,140956,beetle,family,Mordellidae,beetle,0,0,2,0,https://www.inaturalist.org/observations/167212171,"2024-07-29 09:57:04"
12725,140949,beetle,family,Mordellidae,beetle,0,0,2,0,https://www.inaturalist.org/observations/167208927,"2024-07-22 09:33:07"
12726,140904,beetle,family,Chrysomelidae,beetle,0,0,2,0,https://www.inaturalist.org/observations/167202055,"2024-07-22 09:33:07"
12727,140839,beetle,subfamily,Eumolpinae,beetle,0,0,2,0,https://www.inaturalist.org/observations/167187636,"2024-07-22 09:36:06"
12728,140828,beetle,subfamily,Eumolpinae,beetle,0,0,2,0,https://www.inaturalist.org/observations/167186037,"2024-07-22 09:36:06"
12729,140827,beetle,family,Buprestidae,beetle,0,0,2,0,https://www.inaturalist.org/observations/167103373,"2024-07-22 09:36:06"
12730,140826,beetle,family,Buprestidae,beetle,0,0,2,0,https://www.inaturalist.org/observations/167102996,"2024-07-22 09:36:06"
12731,140823,beetle,species,"Typocerus lugubris",beetle,0,0,4,0,https://www.inaturalist.org/observations/167099764,"2024-07-22 09:36:06"
12732,140814,beetle,species,"Polydrusus formosus",beetle,0,0,2,0,https://www.inaturalist.org/observations/167086634,"2024-07-22 09:36:06"
12733,140813,beetle,subfamily,Entiminae,beetle,0,0,2,0,https://www.inaturalist.org/observations/167083992,"2024-07-22 09:36:06"
12734,140791,fly,subclass,Pterygota,bee,0,0,2,1,https://www.inaturalist.org/observations/167045362,"2024-07-22 09:36:06"
12735,140311,beetle,superfamily,Cucujoidea,beetle,0,0,2,0,https://www.inaturalist.org/observations/166481309,"2024-07-22 09:42:06"
12736,140310,fly,subclass,Pterygota,Psocodea,0,0,2,1,https://www.inaturalist.org/observations/166480809,"2024-07-22 09:42:06"
12737,140299,beetle,suborder,Polyphaga,beetle,0,0,2,0,https://www.inaturalist.org/observations/166477309,"2024-07-22 09:42:06"
12738,140260,bee,epifamily,Anthophila,bee,0,0,2,0,https://www.inaturalist.org/observations/166472804,"2024-07-22 09:45:06"
12739,140219,aphid,order,Hemiptera,leafhopper,0,0,2,1,https://www.inaturalist.org/observations/166463953,"2024-07-22 09:45:06"
12740,140157,bee,suborder,Apocrita,bee,0,0,2,0,https://www.inaturalist.org/observations/166449169,"2024-07-22 09:48:05"
12741,140148,bee,subfamily,Aphidiinae,bee,0,0,2,0,https://www.inaturalist.org/observations/166447753,"2024-07-22 09:48:05"
12742,139935,bee,superfamily,Ichneumonoidea,bee,0,0,2,0,https://www.inaturalist.org/observations/166407732,"2024-07-22 09:51:06"
12743,139837,ant,subgenus,Myrmentoma,ant,0,0,2,0,https://www.inaturalist.org/observations/166270264,"2024-07-22 09:54:05"
12744,139722,beetle,species,"Myrmex chevrolatii",beetle,0,0,2,0,https://www.inaturalist.org/observations/166241920,"2024-07-22 09:57:06"
12745,139713,bee,family,Cynipidae,bee,0,0,2,0,https://www.inaturalist.org/observations/166238512,"2024-07-22 09:57:06"
12746,139584,beetle,subfamily,Inopeplinae,beetle,0,0,2,0,https://www.inaturalist.org/observations/166063531,"2024-07-15 09:39:05"
12747,139560,spider,genus,Wulfila,spider,0,0,2,0,https://www.inaturalist.org/observations/166004865,"2024-07-15 09:39:05"
12748,139557,spider,tribe,Misumenini,spider,0,0,2,0,https://www.inaturalist.org/observations/166004207,"2024-07-15 09:39:05"
12749,139530,beetle,species,"Phyllobius oblongus",beetle,0,0,2,0,https://www.inaturalist.org/observations/165947443,"2024-07-15 09:42:06"
12750,139529,beetle,species,"Phyllobius oblongus",beetle,0,0,2,0,https://www.inaturalist.org/observations/165946887,"2024-07-15 09:42:06"
12751,139515,beetle,species,"Dorcaschema alternatum",beetle,0,0,3,0,https://www.inaturalist.org/observations/165944792,"2024-07-15 09:42:06"
12752,139509,ant,suborder,Apocrita,bee,0,0,3,1,https://www.inaturalist.org/observations/165943314,"2024-07-15 09:42:06"
12753,139502,truebugs,family,Berytidae,truebugs,0,0,2,0,https://www.inaturalist.org/observations/165942018,"2024-07-15 09:42:06"
12754,139496,beetle,species,"Phyllobius oblongus",beetle,0,0,2,0,https://www.inaturalist.org/observations/165939572,"2024-07-15 09:42:06"
12755,139495,beetle,subfamily,Entiminae,beetle,0,0,2,0,https://www.inaturalist.org/observations/165938955,"2024-07-15 09:42:06"
12756,139473,beetle,species,"Phyllobius oblongus",beetle,0,0,2,0,https://www.inaturalist.org/observations/165935641,"2024-07-15 09:42:06"
12757,139472,beetle,family,Mordellidae,beetle,0,0,2,0,https://www.inaturalist.org/observations/165935122,"2024-07-15 09:42:06"
12758,139443,beetle,species,"Pseudocneorhinus bifasciatus",beetle,0,0,2,0,https://www.inaturalist.org/observations/165930285,"2024-07-15 09:42:06"
12759,139437,beetle,subfamily,Entiminae,beetle,0,0,2,0,https://www.inaturalist.org/observations/165929832,"2024-07-15 09:42:06"
12760,139430,beetle,species,"Phyllobius oblongus",beetle,0,0,2,0,https://www.inaturalist.org/observations/165928461,"2024-07-15 09:42:06"
12761,139417,beetle,family,Chrysomelidae,beetle,0,0,2,0,https://www.inaturalist.org/observations/165924064,"2024-07-15 09:45:06"
12762,139394,beetle,family,Chrysomelidae,beetle,0,0,2,0,https://www.inaturalist.org/observations/165916852,"2024-07-15 09:45:06"
12763,139390,beetle,family,Chrysomelidae,beetle,0,0,2,0,https://www.inaturalist.org/observations/165915163,"2024-07-15 09:45:06"
12764,139381,beetle,family,Coccinellidae,beetle,1,0,2,0,https://www.inaturalist.org/observations/165913401,"2024-07-15 09:45:06"
12765,139363,beetle,family,Chrysomelidae,beetle,0,0,2,0,https://www.inaturalist.org/observations/165909840,"2024-07-15 09:45:06"
12766,139291,beetle,subfamily,Eumolpinae,beetle,0,0,2,0,https://www.inaturalist.org/observations/165893115,"2024-07-15 09:48:05"
12767,139286,beetle,family,Mordellidae,beetle,0,0,2,0,https://www.inaturalist.org/observations/165892727,"2024-07-15 09:48:05"
12768,139285,beetle,family,Buprestidae,beetle,0,0,2,0,https://www.inaturalist.org/observations/165892365,"2024-07-15 09:48:05"
12769,139276,beetle,subfamily,Entiminae,beetle,0,0,2,0,https://www.inaturalist.org/observations/165889616,"2024-07-15 09:48:05"
12770,139264,ant,species,"Lasius americanus",ant,0,0,2,0,https://www.inaturalist.org/observations/165762060,"2024-07-15 09:51:06"
12771,139258,ant,complex,"Formica fusca",ant,0,0,2,0,https://www.inaturalist.org/observations/165756209,"2024-07-15 09:51:06"
12772,139257,ant,subgenus,Myrmentoma,ant,0,0,2,0,https://www.inaturalist.org/observations/165752147,"2024-07-15 09:51:06"
12773,139247,aphid,subclass,Pterygota,Psocodea,0,0,2,1,https://www.inaturalist.org/observations/165732223,"2024-07-15 09:51:06"
12774,139115,spider,genus,Synema,spider,0,0,2,0,https://www.inaturalist.org/observations/165610307,"2024-07-15 09:51:06"
12775,139101,spider,genus,Tetragnatha,spider,0,0,2,0,https://www.inaturalist.org/observations/165605283,"2024-07-15 09:54:06"
12776,139043,caterpillar,subclass,Pterygota,bee,0,1,2,1,https://www.inaturalist.org/observations/165578087,"2024-07-15 09:54:06"
12777,139031,beetle,subclass,Pterygota,truebugs,0,0,2,1,https://www.inaturalist.org/observations/165569846,"2024-07-15 09:57:06"
12778,138253,bee,suborder,Symphyta,bee,0,1,1,0,https://www.inaturalist.org/observations/164982224,"2024-07-08 09:51:05"
12779,137760,bee,family,Braconidae,bee,0,0,2,0,https://www.inaturalist.org/observations/164664471,"2024-07-01 09:36:05"
12780,137716,ant,order,Hymenoptera,bee,0,0,2,1,https://www.inaturalist.org/observations/164656848,"2024-07-01 09:39:05"
12781,137535,spider,subfamily,Salticinae,spider,0,0,2,0,https://www.inaturalist.org/observations/164216634,"2024-07-01 09:42:06"
12782,137422,bee,family,Ichneumonidae,bee,0,0,2,0,https://www.inaturalist.org/observations/164021821,"2024-07-01 09:45:07"
12783,137419,bee,family,Ichneumonidae,bee,0,0,2,0,https://www.inaturalist.org/observations/164020580,"2024-07-01 09:45:07"
12784,137155,ant,suborder,Apocrita,bee,0,0,2,1,https://www.inaturalist.org/observations/163858049,"2024-07-01 09:51:05"
12785,136873,ant,order,Hymenoptera,bee,0,0,2,1,https://www.inaturalist.org/observations/163807907,"2024-07-01 09:57:05"
12786,136799,fly,subclass,Pterygota,bee,0,0,2,1,https://www.inaturalist.org/observations/163711488,"2024-07-01 09:57:05"
12787,136444,fly,zoosubsection,Acalyptratae,fly,0,0,2,0,https://www.inaturalist.org/observations/163641470,"2024-06-24 09:36:07"
12788,136178,bee,superfamily,Ichneumonoidea,bee,0,0,2,0,https://www.inaturalist.org/observations/163322732,"2024-06-24 09:54:06"
12789,136175,ant,infraorder,Aculeata,bee,0,0,2,1,https://www.inaturalist.org/observations/163322200,"2024-06-24 09:54:06"
12790,136131,bee,superfamily,Chalcidoidea,bee,0,0,2,0,https://www.inaturalist.org/observations/163318632,"2024-06-24 09:54:06"
12791,135835,bee,superfamily,Chalcidoidea,bee,0,0,2,0,https://www.inaturalist.org/observations/163126480,"2024-06-17 09:24:06"
12792,135459,bee,suborder,Symphyta,bee,0,1,1,0,https://www.inaturalist.org/observations/162476143,"2024-06-17 09:30:08"
12793,135457,bee,suborder,Symphyta,bee,0,1,1,0,https://www.inaturalist.org/observations/162475688,"2024-06-17 09:30:08"
12794,135452,caterpillar,suborder,Symphyta,bee,0,1,3,1,https://www.inaturalist.org/observations/162474161,"2024-06-17 09:30:08"
12795,135227,bee,superfamily,Ichneumonoidea,bee,0,0,2,0,https://www.inaturalist.org/observations/162327795,"2024-06-17 09:33:07"
12796,135140,bee,infraorder,Proctotrupomorpha,bee,0,0,2,0,https://www.inaturalist.org/observations/162304548,"2024-06-17 09:36:07"
12797,135139,bee,suborder,Apocrita,bee,0,0,2,0,https://www.inaturalist.org/observations/162304053,"2024-06-17 09:36:07"
12798,135138,beetle,species,"Strophosoma melanogrammum",beetle,0,0,2,0,https://www.inaturalist.org/observations/162303677,"2024-06-17 09:36:07"
12799,135027,bee,subclass,Pterygota,fly,0,0,2,1,https://www.inaturalist.org/observations/162145647,"2024-06-17 09:39:07"
12800,134897,bee,superfamily,Ichneumonoidea,bee,0,0,2,0,https://www.inaturalist.org/observations/161980361,"2024-06-17 09:42:06"
12801,134817,bee,suborder,Symphyta,bee,0,1,1,0,https://www.inaturalist.org/observations/161852471,"2024-06-17 09:45:07"
12802,134780,truebugs,superfamily,Pentatomoidea,truebugs,0,0,2,0,https://www.inaturalist.org/observations/161819480,"2024-06-17 09:48:06"
12803,134571,spider,subfamily,Salticinae,spider,0,0,2,0,https://www.inaturalist.org/observations/161243702,"2024-06-17 09:51:06"
12804,134557,bee,family,Ichneumonidae,bee,0,0,2,0,https://www.inaturalist.org/observations/161239206,"2024-06-17 09:51:06"
12805,134531,bee,epifamily,Anthophila,bee,0,0,2,0,https://www.inaturalist.org/observations/161232406,"2024-06-17 09:54:07"
12806,134434,bee,tribe,Cynipini,bee,0,0,2,0,https://www.inaturalist.org/observations/161127256,"2024-06-17 09:54:07"
12807,134393,bee,family,Halictidae,bee,0,0,2,0,https://www.inaturalist.org/observations/161075665,"2024-06-17 09:54:07"
12808,132738,fly,family,Chironomidae,fly,0,0,2,0,https://www.inaturalist.org/observations/134417321,"2024-06-10 09:33:06"
12809,132183,fly,family,Sarcophagidae,fly,0,0,2,0,https://www.inaturalist.org/observations/132637970,"2024-06-10 09:42:07"
12810,131836,fly,family,Chironomidae,fly,0,0,2,0,https://www.inaturalist.org/observations/132131230,"2024-06-10 09:48:07"
12811,131488,fly,family,Limoniidae,fly,0,0,2,0,https://www.inaturalist.org/observations/130794794,"2024-06-10 09:54:05"
12812,131458,fly,family,Lauxaniidae,fly,0,0,3,0,https://www.inaturalist.org/observations/130777152,"2024-06-10 09:54:05"
12813,129771,ant,subgenus,Crematogaster,ant,0,0,2,0,https://www.inaturalist.org/observations/128319780,"2024-06-03 09:57:05"
12814,129756,ant,subgenus,Crematogaster,ant,0,0,2,0,https://www.inaturalist.org/observations/128312911,"2024-06-03 09:57:05"
12815,128652,caterpillar,superfamily,Noctuoidea,caterpillar,0,0,2,0,https://www.inaturalist.org/observations/127386624,"2024-05-27 09:39:05"
12816,127975,bee,infraorder,Proctotrupomorpha,bee,0,0,2,0,https://www.inaturalist.org/observations/127117326,"2024-05-27 09:48:06"
12817,127970,bee,infraorder,Proctotrupomorpha,bee,0,0,2,0,https://www.inaturalist.org/observations/127115332,"2024-05-27 09:51:06"
12818,127656,bee,order,Hymenoptera,bee,0,0,2,0,https://www.inaturalist.org/observations/126982116,"2024-05-27 09:54:06"
12819,127577,caterpillar,family,Geometridae,caterpillar,0,0,2,0,https://www.inaturalist.org/observations/126968818,"2024-05-27 09:57:06"
12820,126423,ant,genus,Lasius,ant,0,0,2,0,https://www.inaturalist.org/observations/126105230,"2024-05-20 09:51:05"
12821,126393,caterpillar,family,Geometridae,caterpillar,0,0,2,0,https://www.inaturalist.org/observations/126101792,"2024-05-20 09:51:05"
12822,126010,fly,subclass,Pterygota,bee,0,0,2,1,https://www.inaturalist.org/observations/126059108,"2024-05-20 09:57:05"
12823,125709,bee,suborder,Apocrita,bee,0,0,2,0,https://www.inaturalist.org/observations/125930695,"2024-05-13 09:36:04"
12824,125662,other,complex,"Forficula auricularia",Dermaptera,0,0,2,0,https://www.inaturalist.org/observations/125922358,"2024-05-13 09:36:04"
12825,125576,bee,suborder,Apocrita,bee,0,0,2,0,https://www.inaturalist.org/observations/125819347,"2024-05-13 09:39:04"
12826,125570,spider,subfamily,Salticinae,spider,0,0,2,0,https://www.inaturalist.org/observations/125817509,"2024-05-13 09:39:04"
12827,125155,bee,subclass,Pterygota,bee,0,0,1,0,https://www.inaturalist.org/observations/125496151,"2024-05-13 09:42:04"
12828,124864,bee,infraorder,Proctotrupomorpha,bee,0,0,2,0,https://www.inaturalist.org/observations/125338646,"2024-05-13 09:42:04"
12829,124654,bee,superfamily,Ichneumonoidea,bee,0,0,2,0,https://www.inaturalist.org/observations/125306611,"2024-05-13 09:48:04"
12830,121381,truebugs,superfamily,Pentatomoidea,truebugs,0,0,2,0,https://www.inaturalist.org/observations/125070380,"2024-05-13 09:54:04"
12831,124054,bee,suborder,Apocrita,bee,0,0,2,0,https://www.inaturalist.org/observations/125045272,"2024-05-13 09:57:04"
12832,123938,bee,order,Hymenoptera,bee,0,0,2,0,https://www.inaturalist.org/observations/125025286,"2024-05-06 09:42:04"
12833,123667,bee,infraorder,Aculeata,bee,0,0,2,0,https://www.inaturalist.org/observations/124905106,"2024-05-06 09:45:04"
12834,123573,bee,infraorder,Proctotrupomorpha,bee,0,0,2,0,https://www.inaturalist.org/observations/124891958,"2024-05-06 09:48:04"
12835,122702,bee,suborder,Apocrita,bee,0,0,2,0,https://www.inaturalist.org/observations/124273974,"2024-05-06 09:57:04"
12836,122619,bee,suborder,Apocrita,bee,0,0,2,0,https://www.inaturalist.org/observations/124261897,"2024-05-06 09:57:04"
12837,122553,bee,suborder,Apocrita,bee,0,0,2,0,https://www.inaturalist.org/observations/124246113,"2024-04-29 09:57:04"
12838,122535,truebugs,superfamily,Pentatomoidea,truebugs,0,0,2,0,https://www.inaturalist.org/observations/124244130,"2024-04-22 09:57:06"
12839,156265,beetle,infraorder,Cucujiformia,beetle,0,0,2,0,https://www.inaturalist.org/observations/181215545,"2024-08-12 05:57:04"
12840,156255,beetle,superfamily,Cucujoidea,beetle,0,0,2,0,https://www.inaturalist.org/observations/181211937,"2024-08-12 05:57:04"
12841,145947,moths,subclass,Pterygota,moths,0,0,1,0,https://www.inaturalist.org/observations/170289626,"2024-08-12 08:54:05"
12842,130826,caterpillar,order,Lepidoptera,caterpillar,0,0,2,0,https://www.inaturalist.org/observations/129455636,"2024-06-03 09:42:06"
12843,153953,beetle,subclass,Pterygota,truebugs,0,0,2,1,https://www.inaturalist.org/observations/176484263,"2024-08-12 06:24:04"
12844,151794,beetle,subclass,Pterygota,Neuroptera,0,0,2,1,https://www.inaturalist.org/observations/174772321,"2024-08-12 07:00:07"
12845,151084,beetle,subclass,Pterygota,truebugs,0,0,2,1,https://www.inaturalist.org/observations/173974607,"2024-08-12 07:15:05"
12846,147536,beetle,subclass,Pterygota,truebugs,0,0,2,1,https://www.inaturalist.org/observations/171461163,"2024-08-12 08:27:06"
12847,147534,beetle,subclass,Pterygota,truebugs,0,0,2,1,https://www.inaturalist.org/observations/171460724,"2024-08-12 08:27:06"
12848,143662,beetle,subclass,Pterygota,truebugs,0,0,2,1,https://www.inaturalist.org/observations/168844449,"2024-08-12 09:33:05"
12849,143535,beetle,subclass,Pterygota,truebugs,0,0,2,1,https://www.inaturalist.org/observations/168724724,"2024-08-12 09:36:05"
12850,143516,beetle,subclass,Pterygota,truebugs,0,0,2,1,https://www.inaturalist.org/observations/168703377,"2024-08-12 09:36:05"
12851,143512,beetle,subclass,Pterygota,truebugs,0,0,2,1,https://www.inaturalist.org/observations/168700397,"2024-08-12 09:36:05"
12852,143506,beetle,subclass,Pterygota,truebugs,0,0,2,1,https://www.inaturalist.org/observations/168696752,"2024-08-12 09:36:05"
12853,141686,bee,subclass,Pterygota,fly,0,0,2,1,https://www.inaturalist.org/observations/167447449,"2024-08-05 09:54:06"
12854,140810,beetle,subclass,Pterygota,truebugs,0,0,2,1,https://www.inaturalist.org/observations/167077993,"2024-07-22 09:36:06"
12855,130806,spider,species,"Homo sapiens",Primates,0,0,5,1,https://www.inaturalist.org/observations/129450565,"2024-06-03 09:42:06"
12856,156332,bee,order,Hymenoptera,bee,0,0,6,0,https://www.inaturalist.org/observations/181727091,"2024-08-12 05:54:04"
12857,156264,ant,species,"Prenolepis imparis",ant,0,0,2,1,https://www.inaturalist.org/observations/181215043,"2024-08-12 05:57:04"
12858,156237,spider,family,Salticidae,spider,0,0,2,0,https://www.inaturalist.org/observations/181204833,"2024-08-12 05:57:04"
12859,139045,caterpillar,superfamily,Noctuoidea,caterpillar,0,0,2,0,https://www.inaturalist.org/observations/165579483,"2024-07-15 09:54:06"
12860,127461,fly,subclass,Pterygota,truebugs,0,0,2,1,https://www.inaturalist.org/observations/126879831,"2024-05-20 09:33:05"
12861,129830,bee,family,Braconidae,bee,0,0,2,0,https://www.inaturalist.org/observations/128449102,"2024-06-03 09:57:05"
12862,126203,bee,superfamily,Ichneumonoidea,bee,0,0,2,0,https://www.inaturalist.org/observations/126078284,"2024-05-20 09:54:05"
12863,157200,spider,species,"Lyssomanes viridis",spider,0,0,4,0,https://www.inaturalist.org/observations/206799197,"2024-08-12 05:45:05"
12864,157196,fly,suborder,Hemerobiiformia,Neuroptera,0,0,3,1,https://www.inaturalist.org/observations/206797169,"2024-08-12 05:45:05"
12865,157183,spider,species,"Lyssomanes viridis",spider,0,0,4,0,https://www.inaturalist.org/observations/206791583,"2024-08-12 05:45:05"
12866,147967,spider,class,Arachnida,daddylonglegs,0,0,2,1,https://www.inaturalist.org/observations/171606725,"2024-08-12 08:21:05"
12867,157219,ant,species,"Prenolepis imparis",ant,0,0,2,0,https://www.inaturalist.org/observations/207803475,"2024-08-12 05:45:05"
12868,157186,beetle,species,"Pseudoedophrys hilleri",beetle,0,0,2,0,https://www.inaturalist.org/observations/206792806,"2024-08-12 05:45:05"
12869,153536,ant,subfamily,Myrmicinae,ant,0,0,2,0,https://www.inaturalist.org/observations/176172259,"2024-08-12 06:24:04"
12870,157327,fly,subfamily,Coenosiinae,fly,0,0,2,0,https://www.inaturalist.org/observations/210387669,"2024-08-12 05:45:05"
12871,157307,fly,genus,Stenochironomus,fly,0,0,3,0,https://www.inaturalist.org/observations/210363595,"2024-08-12 05:45:05"
12872,157300,fly,family,Chironomidae,fly,0,0,3,0,https://www.inaturalist.org/observations/210347563,"2024-08-12 05:45:05"
12873,157287,fly,species,"Gnophomyia tristissima",fly,0,0,2,0,https://www.inaturalist.org/observations/209692161,"2024-08-12 05:45:05"
12874,157284,fly,infraorder,Orthorrhapha,fly,0,0,2,0,https://www.inaturalist.org/observations/209689007,"2024-08-12 05:45:05"
12875,157282,beetle,superfamily,Elateroidea,beetle,0,0,2,0,https://www.inaturalist.org/observations/209687134,"2024-08-12 05:45:05"
12876,157281,spider,genus,Hentzia,spider,0,0,4,0,https://www.inaturalist.org/observations/209685300,"2024-08-12 05:45:05"
12877,157279,beetle,superfamily,Elateroidea,beetle,0,0,2,0,https://www.inaturalist.org/observations/209682184,"2024-08-12 05:45:05"
12878,157271,leafhopper,genus,Oncopsis,leafhopper,0,0,2,0,https://www.inaturalist.org/observations/209676096,"2024-08-12 05:45:05"
12879,157265,other,family,Hemerobiidae,Neuroptera,0,0,2,0,https://www.inaturalist.org/observations/209668522,"2024-08-12 05:45:05"
12880,157205,beetle,species,"Harmonia axyridis",beetle,0,0,3,0,https://www.inaturalist.org/observations/206808001,"2024-08-12 05:45:05"
12881,157187,fly,suborder,Hemerobiiformia,Neuroptera,0,0,3,1,https://www.inaturalist.org/observations/206793211,"2024-08-12 05:45:05"
12882,145026,beetle,family,Chrysomelidae,beetle,0,0,2,0,https://www.inaturalist.org/observations/169781916,"2024-08-12 09:09:05"
12883,143983,beetle,species,"Cyrtepistomus castaneus",beetle,0,0,2,0,https://www.inaturalist.org/observations/169012335,"2024-08-12 09:27:05"
12884,157430,fly,family,Tipulidae,fly,0,0,2,0,https://www.inaturalist.org/observations/213711640,"2024-08-12 05:42:05"
12885,157426,spider,species,"Synema parvulum",spider,0,0,4,0,https://www.inaturalist.org/observations/213710050,"2024-08-12 05:42:05"
12886,157424,unidentified,family,Tipulidae,fly,0,0,1,0,https://www.inaturalist.org/observations/213707524,"2024-08-12 05:42:05"
12887,157418,beetle,superfamily,Elateroidea,beetle,0,0,2,0,https://www.inaturalist.org/observations/213702953,"2024-08-12 05:42:05"
12888,157416,beetle,order,Coleoptera,beetle,0,0,2,0,https://www.inaturalist.org/observations/213474661,"2024-08-12 05:42:05"
12889,157404,ant,family,Formicidae,ant,0,0,2,0,https://www.inaturalist.org/observations/213461398,"2024-08-12 05:42:05"
12890,157366,caterpillar,species,"Malacosoma americana",caterpillar,0,0,2,0,https://www.inaturalist.org/observations/212885271,"2024-08-12 05:42:05"
12891,157274,other,order,Coleoptera,beetle,0,0,1,0,https://www.inaturalist.org/observations/209678892,"2024-08-12 05:45:05"
12892,144446,ant,suborder,Apocrita,bee,0,0,2,1,https://www.inaturalist.org/observations/169868320,"2024-08-12 09:03:06"
12893,158422,spider,order,Araneae,spider,0,0,1,0,https://www.inaturalist.org/observations/215308154,"2024-08-12 05:24:04"
12894,158399,caterpillar,family,Geometridae,caterpillar,0,0,2,0,https://www.inaturalist.org/observations/215293309,"2024-08-12 05:24:04"
12895,158392,unidentified,tribe,Chironomini,fly,0,0,2,0,https://www.inaturalist.org/observations/215284518,"2024-08-12 05:24:04"
12896,158359,caterpillar,family,Geometridae,caterpillar,0,0,2,0,https://www.inaturalist.org/observations/215253295,"2024-08-12 05:24:04"
12897,158352,beetle,superfamily,Curculionoidea,beetle,0,0,2,0,https://www.inaturalist.org/observations/215248961,"2024-08-12 05:24:04"
12898,158333,caterpillar,family,Geometridae,caterpillar,0,0,2,0,https://www.inaturalist.org/observations/215240008,"2024-08-12 05:24:04"
12899,158321,moths,species,"Pyromorpha dimidiata",moths,0,0,4,0,https://www.inaturalist.org/observations/215081080,"2024-08-12 05:24:04"
12900,158319,spider,family,Linyphiidae,spider,0,0,2,0,https://www.inaturalist.org/observations/215080452,"2024-08-12 05:24:04"
12901,158312,fly,complex,"Condylostylus caudatus",fly,0,0,3,0,https://www.inaturalist.org/observations/215037622,"2024-08-12 05:24:04"
12902,158215,beetle,species,"Agrilus planipennis",beetle,0,0,4,0,https://www.inaturalist.org/observations/214843840,"2024-08-12 05:24:04"
12903,158198,truebugs,superfamily,Pentatomoidea,truebugs,0,0,2,0,https://www.inaturalist.org/observations/214842587,"2024-08-12 05:24:04"
12904,158246,beetle,subclass,Pterygota,leafhopper,0,0,2,1,https://www.inaturalist.org/observations/214839454,"2024-08-12 05:27:04"
12905,158165,beetle,species,"Coccinella septempunctata",beetle,0,0,3,0,https://www.inaturalist.org/observations/214838376,"2024-08-12 05:27:04"
12906,158160,spider,genus,Hentzia,spider,0,0,2,0,https://www.inaturalist.org/observations/214837180,"2024-08-12 05:27:04"
12907,158270,spider,superfamily,Araneoidea,spider,0,0,2,0,https://www.inaturalist.org/observations/214811666,"2024-08-12 05:27:04"
12908,158262,spider,family,Thomisidae,spider,0,0,3,0,https://www.inaturalist.org/observations/214809981,"2024-08-12 05:27:04"
12909,158261,spider,genus,Wulfila,spider,0,0,2,0,https://www.inaturalist.org/observations/214809496,"2024-08-12 05:27:04"
12910,158257,spider,species,"Lyssomanes viridis",spider,0,0,4,0,https://www.inaturalist.org/observations/214808928,"2024-08-12 05:27:04"
12911,158256,spider,subfamily,Ageleninae,spider,0,0,4,0,https://www.inaturalist.org/observations/214808083,"2024-08-12 05:27:04"
12912,158255,spider,species,"Lyssomanes viridis",spider,0,0,4,0,https://www.inaturalist.org/observations/214807497,"2024-08-12 05:27:04"
12913,158243,beetle,species,"Harmonia axyridis",beetle,0,0,3,0,https://www.inaturalist.org/observations/214805594,"2024-08-12 05:27:04"
12914,158240,beetle,species,"Psyllobora vigintimaculata",beetle,0,0,3,0,https://www.inaturalist.org/observations/214803917,"2024-08-12 05:27:04"
12915,158235,fly,infraorder,Culicomorpha,fly,0,0,2,0,https://www.inaturalist.org/observations/214801252,"2024-08-12 05:27:05"
12916,158207,ant,subfamily,Myrmicinae,ant,0,0,2,0,https://www.inaturalist.org/observations/214796957,"2024-08-12 05:27:05"
12917,158184,spider,subfamily,Salticinae,spider,0,0,2,0,https://www.inaturalist.org/observations/214793611,"2024-08-12 05:27:05"
12918,158180,beetle,order,Coleoptera,beetle,0,0,2,0,https://www.inaturalist.org/observations/214792581,"2024-08-12 05:27:05"
12919,158168,spider,genus,Anyphaena,spider,0,0,3,0,https://www.inaturalist.org/observations/214789680,"2024-08-12 05:27:05"
12920,158163,ant,subgenus,Crematogaster,ant,0,0,3,0,https://www.inaturalist.org/observations/214789225,"2024-08-12 05:27:05"
12921,158147,beetle,species,"Polydrusus formosus",beetle,0,0,4,0,https://www.inaturalist.org/observations/214787428,"2024-08-12 05:30:06"
12922,158138,leafhopper,genus,Magicicada,leafhopper,0,0,3,0,https://www.inaturalist.org/observations/214785980,"2024-08-12 05:30:07"
12923,158132,leafhopper,genus,Magicicada,leafhopper,0,0,3,0,https://www.inaturalist.org/observations/214784027,"2024-08-12 05:30:07"
12924,158120,fly,suborder,Nematocera,fly,0,0,3,0,https://www.inaturalist.org/observations/214782143,"2024-08-12 05:30:07"
12925,158105,truebugs,family,Reduviidae,truebugs,0,0,2,0,https://www.inaturalist.org/observations/214778783,"2024-08-12 05:30:07"
12926,158101,spider,tribe,Misumenini,spider,0,0,2,0,https://www.inaturalist.org/observations/214777884,"2024-08-12 05:30:07"
12927,158095,spider,species,"Pisaurina mira",spider,0,0,4,0,https://www.inaturalist.org/observations/214626191,"2024-08-12 05:30:07"
12928,158072,leafhopper,order,Hemiptera,truebugs,0,0,2,1,https://www.inaturalist.org/observations/214582412,"2024-08-12 05:30:07"
12929,158070,spider,genus,Leucauge,spider,0,0,2,0,https://www.inaturalist.org/observations/214581834,"2024-08-12 05:30:07"
12930,158069,ant,species,"Camponotus castaneus",ant,0,0,3,0,https://www.inaturalist.org/observations/214581307,"2024-08-12 05:30:07"
12931,158060,spider,genus,Philodromus,spider,0,0,2,0,https://www.inaturalist.org/observations/214580852,"2024-08-12 05:30:07"
12932,158034,beetle,genus,Anthonomus,beetle,0,0,3,0,https://www.inaturalist.org/observations/214577097,"2024-08-12 05:30:07"
12933,158032,beetle,species,"Harmonia axyridis",beetle,0,0,3,0,https://www.inaturalist.org/observations/214576550,"2024-08-12 05:30:07"
12934,158031,spider,species,"Synema parvulum",spider,0,0,5,0,https://www.inaturalist.org/observations/214576142,"2024-08-12 05:30:07"
12935,158030,spider,genus,Theridion,spider,0,0,3,0,https://www.inaturalist.org/observations/214575708,"2024-08-12 05:30:07"
12936,158014,unidentified,suborder,Heteroptera,truebugs,0,0,1,0,https://www.inaturalist.org/observations/214481868,"2024-08-12 05:30:07"
12937,157999,truebugs,superfamily,Pentatomoidea,truebugs,0,0,2,0,https://www.inaturalist.org/observations/214408888,"2024-08-12 05:30:07"
12938,157994,spider,species,"Colonus sylvanus",spider,0,0,4,0,https://www.inaturalist.org/observations/214408472,"2024-08-12 05:30:07"
12939,157985,spider,family,Dictynidae,spider,0,0,3,0,https://www.inaturalist.org/observations/214407288,"2024-08-12 05:30:07"
12940,157957,spider,genus,Philodromus,spider,0,0,2,0,https://www.inaturalist.org/observations/214405119,"2024-08-12 05:33:06"
12941,157883,ant,species,"Formica subsericea",ant,0,0,2,0,https://www.inaturalist.org/observations/214394617,"2024-08-12 05:33:06"
12942,157854,beetle,family,Lampyridae,beetle,0,0,4,0,https://www.inaturalist.org/observations/214391812,"2024-08-12 05:33:06"
12943,157850,spider,family,Anyphaenidae,spider,0,0,3,0,https://www.inaturalist.org/observations/214391399,"2024-08-12 05:33:06"
12944,157834,spider,species,"Colonus sylvanus",spider,0,0,4,0,https://www.inaturalist.org/observations/214388894,"2024-08-12 05:33:06"
12945,157807,beetle,species,"Lechriops oculatus",beetle,0,0,2,0,https://www.inaturalist.org/observations/214385675,"2024-08-12 05:33:06"
12946,157781,spider,genus,Wulfila,spider,0,0,3,0,https://www.inaturalist.org/observations/214383632,"2024-08-12 05:33:06"
12947,157755,beetle,complex,"Hyperaspis signata",beetle,0,0,2,0,https://www.inaturalist.org/observations/214221657,"2024-08-12 05:33:06"
12948,157751,beetle,family,Elateridae,beetle,0,0,2,0,https://www.inaturalist.org/observations/214206896,"2024-08-12 05:33:06"
12949,157744,truebugs,family,Pentatomidae,truebugs,0,0,2,0,https://www.inaturalist.org/observations/214205833,"2024-08-12 05:33:06"
12950,157742,spider,genus,Colonus,spider,0,0,3,0,https://www.inaturalist.org/observations/214205394,"2024-08-12 05:33:06"
12951,157741,beetle,family,Elateridae,beetle,0,0,2,0,https://www.inaturalist.org/observations/214204892,"2024-08-12 05:36:06"
12952,157740,beetle,family,Elateridae,beetle,0,0,2,0,https://www.inaturalist.org/observations/214204328,"2024-08-12 05:36:08"
12953,157732,fly,family,Muscidae,fly,0,0,2,0,https://www.inaturalist.org/observations/214203270,"2024-08-12 05:36:08"
12954,157727,spider,family,Anyphaenidae,spider,0,0,2,0,https://www.inaturalist.org/observations/214201698,"2024-08-12 05:36:10"
12955,157726,leafhopper,genus,Magicicada,leafhopper,0,0,3,0,https://www.inaturalist.org/observations/214201169,"2024-08-12 05:36:10"
12956,157725,leafhopper,genus,Magicicada,leafhopper,0,0,3,0,https://www.inaturalist.org/observations/214200675,"2024-08-12 05:36:10"
12957,157722,fly,genus,Plecia,fly,0,0,2,0,https://www.inaturalist.org/observations/214199810,"2024-08-12 05:36:10"
12958,157716,leafhopper,genus,Magicicada,leafhopper,0,0,3,0,https://www.inaturalist.org/observations/214198417,"2024-08-12 05:36:10"
12959,157714,beetle,family,Elateridae,beetle,0,0,2,0,https://www.inaturalist.org/observations/214197870,"2024-08-12 05:36:10"
12960,157712,leafhopper,genus,Magicicada,leafhopper,0,0,3,0,https://www.inaturalist.org/observations/214196872,"2024-08-12 05:36:10"
12961,157708,beetle,species,"Odontopus calceatus",beetle,0,0,2,0,https://www.inaturalist.org/observations/214195633,"2024-08-12 05:36:10"
12962,157703,leafhopper,genus,Scaphoideus,leafhopper,0,0,2,0,https://www.inaturalist.org/observations/214193195,"2024-08-12 05:36:10"
12963,157697,spider,genus,Tetragnatha,spider,0,0,3,0,https://www.inaturalist.org/observations/214191205,"2024-08-12 05:36:10"
12964,157692,spider,species,"Dolomedes tenebrosus",spider,0,0,3,0,https://www.inaturalist.org/observations/214189734,"2024-08-12 05:36:10"
12965,157687,caterpillar,family,Geometridae,caterpillar,0,0,2,0,https://www.inaturalist.org/observations/214189246,"2024-08-12 05:36:10"
12966,157684,spider,family,Dictynidae,spider,0,0,3,0,https://www.inaturalist.org/observations/214188837,"2024-08-12 05:36:10"
12967,157679,leafhopper,genus,Magicicada,leafhopper,0,0,3,0,https://www.inaturalist.org/observations/214187936,"2024-08-12 05:36:10"
12968,157678,beetle,family,Elateridae,beetle,0,0,2,0,https://www.inaturalist.org/observations/214187412,"2024-08-12 05:36:10"
12969,157663,spider,subfamily,Araneinae,spider,0,0,3,0,https://www.inaturalist.org/observations/214182681,"2024-08-12 05:36:10"
12970,157655,leafhopper,genus,Magicicada,leafhopper,0,0,3,0,https://www.inaturalist.org/observations/214180921,"2024-08-12 05:36:10"
12971,157644,other,superfamily,Isotomoidea,Entomobryomorpha,0,0,1,0,https://www.inaturalist.org/observations/214179007,"2024-08-12 05:36:10"
12972,157632,spider,genus,Philodromus,spider,0,0,2,0,https://www.inaturalist.org/observations/214034361,"2024-08-12 05:36:10"
12973,157629,truebugs,infraorder,Pentatomomorpha,truebugs,0,0,2,0,https://www.inaturalist.org/observations/214029773,"2024-08-12 05:39:05"
12974,157623,leafhopper,species,"Magicicada tredecassini",leafhopper,0,0,3,0,https://www.inaturalist.org/observations/214003546,"2024-08-12 05:39:05"
12975,157609,spider,genus,Tetragnatha,spider,0,0,4,0,https://www.inaturalist.org/observations/213998690,"2024-08-12 05:39:05"
12976,157601,spider,genus,Tetragnatha,spider,0,0,3,0,https://www.inaturalist.org/observations/213997649,"2024-08-12 05:39:05"
12977,157592,leafhopper,genus,Magicicada,leafhopper,0,0,4,0,https://www.inaturalist.org/observations/213997068,"2024-08-12 05:39:05"
12978,157577,leafhopper,genus,Magicicada,leafhopper,0,0,4,0,https://www.inaturalist.org/observations/213994300,"2024-08-12 05:39:05"
12979,157554,beetle,superfamily,Elateroidea,beetle,0,0,2,0,https://www.inaturalist.org/observations/213990710,"2024-08-12 05:39:05"
12980,157517,leafhopper,genus,Magicicada,leafhopper,0,0,4,0,https://www.inaturalist.org/observations/213987257,"2024-08-12 05:39:05"
12981,157515,leafhopper,genus,Magicicada,leafhopper,0,0,4,0,https://www.inaturalist.org/observations/213986775,"2024-08-12 05:39:05"
12982,157492,leafhopper,genus,Magicicada,leafhopper,0,0,4,0,https://www.inaturalist.org/observations/213982489,"2024-08-12 05:39:05"
12983,157470,leafhopper,suborder,Auchenorrhyncha,leafhopper,0,0,2,0,https://www.inaturalist.org/observations/213977693,"2024-08-12 05:39:05"
12984,157458,ant,subgenus,Myrmentoma,ant,0,0,2,0,https://www.inaturalist.org/observations/213968964,"2024-08-12 05:39:05"
12985,157368,beetle,family,Curculionidae,beetle,0,0,2,0,https://www.inaturalist.org/observations/213968148,"2024-08-12 05:42:05"
12986,157370,bee,family,Eurytomidae,bee,0,0,2,0,https://www.inaturalist.org/observations/213967736,"2024-08-12 05:42:05"
12987,157384,fly,genus,Rivellia,fly,0,0,3,0,https://www.inaturalist.org/observations/213963609,"2024-08-12 05:42:05"
12988,157367,ant,order,Opiliones,daddylonglegs,0,0,3,1,https://www.inaturalist.org/observations/213851785,"2024-08-12 05:42:05"
12989,157406,caterpillar,species,"Lymantria dispar",caterpillar,0,0,3,0,https://www.inaturalist.org/observations/213463186,"2024-08-12 05:42:05"
12990,152046,other,order,Stylommatophora,Stylommatophora,0,0,1,0,https://www.inaturalist.org/observations/174907224,"2024-08-12 06:51:05"
12991,150437,caterpillar,family,Geometridae,caterpillar,0,0,2,0,https://www.inaturalist.org/observations/173620527,"2024-08-12 07:27:06"
12992,159746,spider,genus,Pisaurina,spider,0,0,2,0,https://www.inaturalist.org/observations/216907175,"2024-08-12 04:57:05"
12993,159729,spider,phylum,Arthropoda,spider,0,0,1,0,https://www.inaturalist.org/observations/216874660,"2024-08-12 04:57:05"
12994,159727,spider,genus,Euryopis,spider,0,0,3,0,https://www.inaturalist.org/observations/216872872,"2024-08-12 04:57:05"
12995,159664,fly,family,Rhagionidae,fly,0,0,2,0,https://www.inaturalist.org/observations/216843730,"2024-08-12 04:57:05"
12996,159662,caterpillar,species,"Lymantria dispar",caterpillar,0,0,3,0,https://www.inaturalist.org/observations/216842857,"2024-08-12 04:57:05"
12997,159625,caterpillar,species,"Lymantria dispar",caterpillar,0,0,3,0,https://www.inaturalist.org/observations/216828055,"2024-08-12 05:00:10"
12998,159585,beetle,family,Scarabaeidae,beetle,0,0,2,0,https://www.inaturalist.org/observations/216808600,"2024-08-12 05:00:10"
12999,159579,ant,species,"Camponotus chromaiodes",ant,0,0,4,0,https://www.inaturalist.org/observations/216804797,"2024-08-12 05:00:10"
13000,159555,spider,species,"Leucauge venusta",spider,0,0,3,0,https://www.inaturalist.org/observations/216791965,"2024-08-12 05:03:06"
13001,159534,fly,order,Ephemeroptera,Ephemeroptera,0,0,3,1,https://www.inaturalist.org/observations/216782509,"2024-08-12 05:03:06"
13002,159474,spider,species,"Eris militaris",spider,0,0,3,0,https://www.inaturalist.org/observations/216510495,"2024-08-12 05:03:06"
13003,159442,spider,genus,Tetragnatha,spider,0,0,2,0,https://www.inaturalist.org/observations/216372447,"2024-08-12 05:03:06"
13004,159436,beetle,species,"Panscopus impressus",beetle,0,0,3,0,https://www.inaturalist.org/observations/216367923,"2024-08-12 05:03:06"
13005,159414,caterpillar,order,Lepidoptera,caterpillar,0,0,2,0,https://www.inaturalist.org/observations/216344014,"2024-08-12 05:03:06"
13006,159405,beetle,species,"Psyllobora vigintimaculata",beetle,0,0,3,0,https://www.inaturalist.org/observations/216338215,"2024-08-12 05:03:06"
13007,159401,beetle,species,"Phyllobius oblongus",beetle,0,0,3,0,https://www.inaturalist.org/observations/216335585,"2024-08-12 05:03:06"
13008,159399,unidentified,family,Aphididae,aphid,0,0,1,0,https://www.inaturalist.org/observations/216334419,"2024-08-12 05:03:06"
13009,159391,beetle,species,"Plagiodera versicolora",beetle,0,0,3,0,https://www.inaturalist.org/observations/216331357,"2024-08-12 05:06:05"
13010,159387,moths,subclass,Pterygota,truebugs,0,0,2,1,https://www.inaturalist.org/observations/216330244,"2024-08-12 05:06:05"
13011,159380,caterpillar,species,"Phaecasiophora niveiguttana",caterpillar,0,0,2,0,https://www.inaturalist.org/observations/216327087,"2024-08-12 05:06:05"
13012,159372,caterpillar,family,Geometridae,caterpillar,0,0,2,0,https://www.inaturalist.org/observations/216323809,"2024-08-12 05:06:05"
13013,159365,beetle,genus,Pedilus,beetle,0,0,2,0,https://www.inaturalist.org/observations/216322044,"2024-08-12 05:06:05"
13014,159358,caterpillar,species,"Epimecis hortaria",caterpillar,0,0,3,0,https://www.inaturalist.org/observations/216320910,"2024-08-12 05:06:05"
13015,159357,caterpillar,species,"Epimecis hortaria",caterpillar,0,0,2,0,https://www.inaturalist.org/observations/216320238,"2024-08-12 05:06:05"
13016,159351,spider,genus,Philodromus,spider,0,0,2,0,https://www.inaturalist.org/observations/216319145,"2024-08-12 05:06:05"
13017,159339,caterpillar,family,Geometridae,caterpillar,0,0,2,0,https://www.inaturalist.org/observations/216316933,"2024-08-12 05:06:05"
13018,159324,spider,family,Salticidae,spider,0,0,2,0,https://www.inaturalist.org/observations/216314165,"2024-08-12 05:06:05"
13019,159318,leafhopper,genus,Magicicada,leafhopper,0,0,3,0,https://www.inaturalist.org/observations/216311444,"2024-08-12 05:06:05"
13020,159311,fly,family,Rhagionidae,fly,0,0,2,0,https://www.inaturalist.org/observations/216309234,"2024-08-12 05:06:05"
13021,159306,spider,genus,Wulfila,spider,0,0,2,0,https://www.inaturalist.org/observations/216308741,"2024-08-12 05:06:05"
13022,159283,leafhopper,tribe,Gyponini,leafhopper,0,0,2,0,https://www.inaturalist.org/observations/216304339,"2024-08-12 05:06:05"
13023,159275,beetle,superfamily,Elateroidea,beetle,0,0,2,0,https://www.inaturalist.org/observations/216303373,"2024-08-12 05:06:05"
13024,159272,ant,family,Formicidae,ant,0,0,2,0,https://www.inaturalist.org/observations/216302273,"2024-08-12 05:09:04"
13025,159258,leafhopper,species,"Acanalonia servillei",leafhopper,0,0,2,0,https://www.inaturalist.org/observations/216300396,"2024-08-12 05:09:04"
13026,159239,spider,genus,Leucauge,spider,0,0,3,0,https://www.inaturalist.org/observations/216295889,"2024-08-12 05:09:04"
13027,159228,caterpillar,order,Lepidoptera,caterpillar,0,0,2,0,https://www.inaturalist.org/observations/216200218,"2024-08-12 05:09:04"
13028,159225,spider,species,"Leucauge venusta",spider,0,0,2,0,https://www.inaturalist.org/observations/216184969,"2024-08-12 05:09:04"
13029,159213,beetle,species,"Harmonia axyridis",beetle,0,0,3,0,https://www.inaturalist.org/observations/216157587,"2024-08-12 05:09:04"
13030,159201,truebugs,species,"Arilus cristatus",truebugs,0,0,4,0,https://www.inaturalist.org/observations/216156002,"2024-08-12 05:09:04"
13031,159197,moths,species,"Pyromorpha dimidiata",moths,0,0,3,0,https://www.inaturalist.org/observations/216155425,"2024-08-12 05:09:04"
13032,159196,spider,genus,Hentzia,spider,0,0,2,0,https://www.inaturalist.org/observations/216154895,"2024-08-12 05:09:04"
13033,159161,leafhopper,species,"Flatormenis proxima",leafhopper,0,0,2,0,https://www.inaturalist.org/observations/216146339,"2024-08-12 05:09:04"
13034,159157,ant,species,"Prenolepis imparis",ant,0,0,2,0,https://www.inaturalist.org/observations/216145290,"2024-08-12 05:09:04"
13035,159151,truebugs,superfamily,Pentatomoidea,truebugs,0,0,2,0,https://www.inaturalist.org/observations/216143402,"2024-08-12 05:09:04"
13036,159141,leafhopper,genus,Thionia,leafhopper,0,0,3,0,https://www.inaturalist.org/observations/216137711,"2024-08-12 05:09:04"
13037,159139,bee,suborder,Symphyta,bee,0,1,1,0,https://www.inaturalist.org/observations/216137167,"2024-08-12 05:09:04"
13038,159136,beetle,species,"Falsomordellistena pubescens",beetle,0,0,3,0,https://www.inaturalist.org/observations/216135375,"2024-08-12 05:09:04"
13039,159105,leafhopper,genus,Cedusa,leafhopper,0,0,3,0,https://www.inaturalist.org/observations/216117326,"2024-08-12 05:09:04"
13040,159096,spider,genus,Maevia,spider,0,0,2,0,https://www.inaturalist.org/observations/216115781,"2024-08-12 05:09:04"
13041,159084,leafhopper,tribe,Macropsini,leafhopper,0,0,2,0,https://www.inaturalist.org/observations/216113518,"2024-08-12 05:12:04"
13042,159083,beetle,species,"Strophosoma melanogrammum",beetle,0,0,2,0,https://www.inaturalist.org/observations/216113026,"2024-08-12 05:12:04"
13043,159081,moths,genus,Bucculatrix,moths,0,0,2,0,https://www.inaturalist.org/observations/216112057,"2024-08-12 05:12:04"
13044,159078,spider,genus,Tetragnatha,spider,0,0,2,0,https://www.inaturalist.org/observations/216110261,"2024-08-12 05:12:04"
13045,159065,leafhopper,species,"Jikradia olitoria",leafhopper,0,0,3,0,https://www.inaturalist.org/observations/216107103,"2024-08-12 05:12:04"
13046,159052,moths,species,"Dyseriocrania griseocapitella",moths,0,0,3,0,https://www.inaturalist.org/observations/216105658,"2024-08-12 05:12:04"
13047,159043,leafhopper,genus,Erythridula,leafhopper,0,0,2,0,https://www.inaturalist.org/observations/216103793,"2024-08-12 05:12:04"
13048,159040,leafhopper,species,"Oncopsis nigrinasi",leafhopper,0,0,3,0,https://www.inaturalist.org/observations/216102940,"2024-08-12 05:12:04"
13049,159038,spider,genus,Larinioides,spider,0,0,3,0,https://www.inaturalist.org/observations/216101984,"2024-08-12 05:12:04"
13050,159031,beetle,species,"Myosides seriehispidus",beetle,0,0,2,0,https://www.inaturalist.org/observations/216101208,"2024-08-12 05:12:04"
13051,159030,leafhopper,tribe,Empoascini,leafhopper,0,0,2,0,https://www.inaturalist.org/observations/216100844,"2024-08-12 05:12:04"
13052,159021,leafhopper,species,"Jikradia olitoria",leafhopper,0,0,3,0,https://www.inaturalist.org/observations/216099513,"2024-08-12 05:12:04"
13053,159019,spider,genus,Tetragnatha,spider,0,0,3,0,https://www.inaturalist.org/observations/216099029,"2024-08-12 05:12:04"
13054,159016,caterpillar,superfamily,Noctuoidea,caterpillar,0,0,2,0,https://www.inaturalist.org/observations/215942258,"2024-08-12 05:12:04"
13055,158994,spider,family,Thomisidae,spider,0,0,2,0,https://www.inaturalist.org/observations/215933531,"2024-08-12 05:12:04"
13056,158966,caterpillar,superfamily,Noctuoidea,caterpillar,0,0,2,0,https://www.inaturalist.org/observations/215930315,"2024-08-12 05:12:04"
13057,158953,leafhopper,genus,Magicicada,leafhopper,0,0,4,0,https://www.inaturalist.org/observations/215925725,"2024-08-12 05:12:04"
13058,158946,caterpillar,family,Geometridae,caterpillar,0,0,2,0,https://www.inaturalist.org/observations/215925051,"2024-08-12 05:15:05"
13059,158932,spider,species,"Mecynogea lemniscata",spider,0,0,2,0,https://www.inaturalist.org/observations/215923964,"2024-08-12 05:15:05"
13060,158926,spider,genus,Wulfila,spider,0,0,2,0,https://www.inaturalist.org/observations/215923450,"2024-08-12 05:15:05"
13061,158918,beetle,family,Elateridae,beetle,0,0,2,0,https://www.inaturalist.org/observations/215921674,"2024-08-12 05:15:05"
13062,158909,leafhopper,species,"Flatormenis proxima",leafhopper,0,0,2,0,https://www.inaturalist.org/observations/215921200,"2024-08-12 05:15:05"
13063,158903,leafhopper,species,"Graphocephala coccinea",leafhopper,0,0,2,0,https://www.inaturalist.org/observations/215920200,"2024-08-12 05:15:05"
13064,158887,spider,family,Philodromidae,spider,0,0,2,0,https://www.inaturalist.org/observations/215917271,"2024-08-12 05:15:05"
13065,158871,spider,species,"Paraphidippus aurantius",spider,0,0,3,0,https://www.inaturalist.org/observations/215915380,"2024-08-12 05:15:05"
13066,158868,leafhopper,species,"Oncometopia orbona",leafhopper,0,0,3,0,https://www.inaturalist.org/observations/215914831,"2024-08-12 05:15:05"
13067,158867,spider,species,"Lyssomanes viridis",spider,0,0,4,0,https://www.inaturalist.org/observations/215914297,"2024-08-12 05:15:05"
13068,158855,leafhopper,species,"Stictocephala militaris",leafhopper,0,0,2,0,https://www.inaturalist.org/observations/215912048,"2024-08-12 05:15:05"
13069,158852,spider,species,"Colonus sylvanus",spider,0,0,4,0,https://www.inaturalist.org/observations/215910875,"2024-08-12 05:15:05"
13070,158847,truebugs,genus,Acanthocephala,truebugs,0,0,3,0,https://www.inaturalist.org/observations/215910408,"2024-08-12 05:15:05"
13071,158831,spider,species,"Lyssomanes viridis",spider,0,0,4,0,https://www.inaturalist.org/observations/215909924,"2024-08-12 05:15:05"
13072,158819,leafhopper,genus,Osbornellus,leafhopper,0,0,2,0,https://www.inaturalist.org/observations/215906016,"2024-08-12 05:15:05"
13073,158806,caterpillar,species,"Actias luna",caterpillar,0,0,4,0,https://www.inaturalist.org/observations/215904785,"2024-08-12 05:15:05"
13074,158792,leafhopper,genus,Magicicada,leafhopper,0,0,4,0,https://www.inaturalist.org/observations/215901588,"2024-08-12 05:15:05"
13075,158789,spider,family,Dictynidae,spider,0,0,3,0,https://www.inaturalist.org/observations/215901088,"2024-08-12 05:15:05"
13076,158784,truebugs,superfamily,Pentatomoidea,truebugs,0,0,2,0,https://www.inaturalist.org/observations/215900139,"2024-08-12 05:15:05"
13077,158761,fly,family,Syrphidae,fly,0,0,2,0,https://www.inaturalist.org/observations/215743124,"2024-08-12 05:18:05"
13078,158722,beetle,family,Coccinellidae,beetle,1,0,2,0,https://www.inaturalist.org/observations/215581600,"2024-08-12 05:18:05"
13079,158714,unidentified,species,"Harmonia axyridis",beetle,1,0,3,0,https://www.inaturalist.org/observations/215570057,"2024-08-12 05:18:05"
13080,158713,unidentified,species,"Pseudoedophrys hilleri",beetle,0,0,3,0,https://www.inaturalist.org/observations/215569556,"2024-08-12 05:18:05"
13081,158707,spider,genus,Hentzia,spider,0,0,3,0,https://www.inaturalist.org/observations/215566122,"2024-08-12 05:18:05"
13082,158639,beetle,order,Coleoptera,beetle,0,0,2,0,https://www.inaturalist.org/observations/215515754,"2024-08-12 05:18:05"
13083,158632,spider,family,Anyphaenidae,spider,0,0,3,0,https://www.inaturalist.org/observations/215514164,"2024-08-12 05:18:05"
13084,158628,spider,order,Araneae,spider,0,0,2,0,https://www.inaturalist.org/observations/215513465,"2024-08-12 05:18:05"
13085,158617,spider,species,"Neoscona arabesca",spider,0,0,3,0,https://www.inaturalist.org/observations/215512502,"2024-08-12 05:18:05"
13086,158612,caterpillar,family,Geometridae,caterpillar,0,0,3,0,https://www.inaturalist.org/observations/215511952,"2024-08-12 05:18:05"
13087,158610,caterpillar,species,"Papilio troilus",caterpillar,0,0,3,0,https://www.inaturalist.org/observations/215511363,"2024-08-12 05:18:05"
13088,158609,moths,genus,Nemoria,moths,0,0,2,0,https://www.inaturalist.org/observations/215510799,"2024-08-12 05:18:05"
13089,158589,spider,species,"Leucauge venusta",spider,0,0,2,0,https://www.inaturalist.org/observations/215507773,"2024-08-12 05:18:05"
13090,158583,beetle,family,Elateridae,beetle,0,0,3,0,https://www.inaturalist.org/observations/215505650,"2024-08-12 05:21:04"
13091,158581,spider,genus,Anyphaena,spider,0,0,3,0,https://www.inaturalist.org/observations/215504625,"2024-08-12 05:21:04"
13092,158569,caterpillar,family,Geometridae,caterpillar,0,0,2,0,https://www.inaturalist.org/observations/215503616,"2024-08-12 05:21:04"
13093,158568,truebugs,order,Orthoptera,grasshopper,0,0,2,0,https://www.inaturalist.org/observations/215502949,"2024-08-12 05:21:04"
13094,158566,beetle,family,Elateridae,beetle,0,0,3,0,https://www.inaturalist.org/observations/215502187,"2024-08-12 05:21:04"
13095,158564,spider,genus,Leucauge,spider,0,0,3,0,https://www.inaturalist.org/observations/215500853,"2024-08-12 05:21:04"
13096,158563,other,order,Ephemeroptera,Ephemeroptera,0,0,2,0,https://www.inaturalist.org/observations/215500287,"2024-08-12 05:21:04"
13097,158562,spider,genus,Tetragnatha,spider,0,0,3,0,https://www.inaturalist.org/observations/215499772,"2024-08-12 05:21:04"
13098,158558,spider,genus,Phylloneta,spider,0,0,2,0,https://www.inaturalist.org/observations/215498872,"2024-08-12 05:21:04"
13099,158531,caterpillar,family,Geometridae,caterpillar,0,0,2,0,https://www.inaturalist.org/observations/215495824,"2024-08-12 05:21:04"
13100,158530,moths,species,"Decantha boreasella",moths,0,0,3,0,https://www.inaturalist.org/observations/215495345,"2024-08-12 05:21:04"
13101,158527,spider,genus,Leucauge,spider,0,0,3,0,https://www.inaturalist.org/observations/215494234,"2024-08-12 05:21:04"
13102,158506,beetle,genus,Macratria,beetle,0,0,2,0,https://www.inaturalist.org/observations/215492722,"2024-08-12 05:21:04"
13103,158502,spider,genus,Tetragnatha,spider,0,0,3,0,https://www.inaturalist.org/observations/215490909,"2024-08-12 05:21:04"
13104,158501,other,genus,Perlesta,Plecoptera,0,0,3,0,https://www.inaturalist.org/observations/215490414,"2024-08-12 05:21:04"
13105,158489,spider,species,"Mangora placida",spider,0,0,4,0,https://www.inaturalist.org/observations/215488154,"2024-08-12 05:21:04"
13106,158476,caterpillar,family,Geometridae,caterpillar,0,0,3,0,https://www.inaturalist.org/observations/215485749,"2024-08-12 05:21:04"
13107,158475,spider,tribe,Dendryphantini,spider,0,0,2,0,https://www.inaturalist.org/observations/215485270,"2024-08-12 05:21:04"
13108,158469,spider,species,"Leucauge venusta",spider,0,0,2,0,https://www.inaturalist.org/observations/215484085,"2024-08-12 05:21:04"
13109,158443,fly,genus,Condylostylus,fly,0,0,3,0,https://www.inaturalist.org/observations/215335635,"2024-08-12 05:24:04"
13110,158431,bee,family,Halictidae,bee,0,0,2,0,https://www.inaturalist.org/observations/215312450,"2024-08-12 05:24:04"
13111,158419,fly,genus,Rivellia,fly,0,0,2,0,https://www.inaturalist.org/observations/215305831,"2024-08-12 05:24:04"
13112,158378,caterpillar,species,"Lymantria dispar",caterpillar,0,0,3,0,https://www.inaturalist.org/observations/215263134,"2024-08-12 05:24:04"
13113,158209,bee,genus,Nomada,bee,0,0,2,0,https://www.inaturalist.org/observations/214843121,"2024-08-12 05:24:04"
13114,158229,spider,genus,Anyphaena,spider,0,0,2,0,https://www.inaturalist.org/observations/214799545,"2024-08-12 05:27:05"
13115,158188,spider,genus,Leucauge,spider,0,0,2,0,https://www.inaturalist.org/observations/214794838,"2024-08-12 05:27:05"
13116,158133,other,order,Hemiptera,truebugs,0,0,3,0,https://www.inaturalist.org/observations/214784520,"2024-08-12 05:30:07"
13117,158037,unidentified,family,Tingidae,truebugs,0,0,1,0,https://www.inaturalist.org/observations/214578073,"2024-08-12 05:30:07"
13118,157921,other,suborder,Auchenorrhyncha,leafhopper,0,0,1,0,https://www.inaturalist.org/observations/214399853,"2024-08-12 05:33:06"
13119,157707,spider,family,Theridiidae,spider,0,0,2,0,https://www.inaturalist.org/observations/214195054,"2024-08-12 05:36:10"
13120,161543,unidentified,family,Coccinellidae,beetle,0,0,1,0,https://www.inaturalist.org/observations/218368197,"2024-08-12 04:27:05"
13121,160972,spider,superfamily,Thomisoidea,spider,0,0,2,0,https://www.inaturalist.org/observations/218253506,"2024-08-12 04:27:05"
13122,160967,beetle,species,"Harmonia axyridis",beetle,0,0,3,0,https://www.inaturalist.org/observations/218251956,"2024-08-12 04:27:05"
13123,161539,daddylonglegs,order,Opiliones,daddylonglegs,0,0,2,0,https://www.inaturalist.org/observations/218250683,"2024-08-12 04:27:05"
13124,160922,spider,species,"Synema parvulum",spider,0,0,4,0,https://www.inaturalist.org/observations/218237074,"2024-08-12 04:30:04"
13125,161463,spider,subfamily,Salticinae,spider,0,0,2,0,https://www.inaturalist.org/observations/218144699,"2024-08-12 04:30:04"
13126,161457,spider,genus,Philodromus,spider,0,0,2,0,https://www.inaturalist.org/observations/218143241,"2024-08-12 04:30:04"
13127,161455,spider,family,Thomisidae,spider,0,0,2,0,https://www.inaturalist.org/observations/218142646,"2024-08-12 04:30:04"
13128,161433,spider,genus,Colonus,spider,0,0,2,0,https://www.inaturalist.org/observations/218139966,"2024-08-12 04:30:04"
13129,161432,spider,species,"Colonus sylvanus",spider,0,0,3,0,https://www.inaturalist.org/observations/218139109,"2024-08-12 04:30:04"
13130,161427,spider,genus,Philodromus,spider,0,0,2,0,https://www.inaturalist.org/observations/218138238,"2024-08-12 04:30:04"
13131,161372,spider,genus,Eustala,spider,0,0,3,0,https://www.inaturalist.org/observations/218123416,"2024-08-12 04:33:05"
13132,161365,spider,species,"Araniella displicata",spider,0,0,2,0,https://www.inaturalist.org/observations/218122675,"2024-08-12 04:33:05"
13133,161348,spider,genus,Hentzia,spider,0,0,2,0,https://www.inaturalist.org/observations/218118257,"2024-08-12 04:33:05"
13134,161336,spider,subfamily,Salticinae,spider,0,0,2,0,https://www.inaturalist.org/observations/218113628,"2024-08-12 04:33:05"
13135,161335,unidentified,species,"Chrysopa nigricornis",Neuroptera,0,0,2,0,https://www.inaturalist.org/observations/218112953,"2024-08-12 04:33:05"
13136,161320,truebugs,species,"Corythucha juglandis",truebugs,0,0,2,0,https://www.inaturalist.org/observations/218102080,"2024-08-12 04:33:05"
13137,161314,spider,tribe,Dendryphantini,spider,0,0,2,0,https://www.inaturalist.org/observations/218098656,"2024-08-12 04:33:05"
13138,161240,bee,subclass,Pterygota,bee,0,1,2,1,https://www.inaturalist.org/observations/217911017,"2024-08-12 04:33:05"
13139,161223,beetle,species,"Pseudocneorhinus bifasciatus",beetle,0,0,3,0,https://www.inaturalist.org/observations/217908121,"2024-08-12 04:33:05"
13140,161222,ant,species,"Camponotus pennsylvanicus",ant,0,0,3,0,https://www.inaturalist.org/observations/217907462,"2024-08-12 04:36:06"
13141,161216,other,phylum,Arthropoda,Isopoda,0,0,1,0,https://www.inaturalist.org/observations/217906796,"2024-08-12 04:36:06"
13142,161206,spider,species,"Wulfila albens",spider,0,0,2,0,https://www.inaturalist.org/observations/217905420,"2024-08-12 04:36:06"
13143,161187,spider,genus,Neoscona,spider,0,0,3,0,https://www.inaturalist.org/observations/217901914,"2024-08-12 04:36:06"
13144,161180,other,family,Philomycidae,Stylommatophora,0,0,1,0,https://www.inaturalist.org/observations/217899193,"2024-08-12 04:36:06"
13145,161174,caterpillar,family,Noctuidae,caterpillar,0,0,2,0,https://www.inaturalist.org/observations/217897376,"2024-08-12 04:36:06"
13146,161173,bee,superfamily,Chalcidoidea,bee,0,0,2,0,https://www.inaturalist.org/observations/217896828,"2024-08-12 04:36:06"
13147,161168,other,species,"Calopteryx maculata",Odonata,0,0,2,0,https://www.inaturalist.org/observations/217895013,"2024-08-12 04:36:06"
13148,161167,moths,complex,"Anisota virginiensis",moths,0,0,3,0,https://www.inaturalist.org/observations/217894237,"2024-08-12 04:36:06"
13149,161163,spider,species,"Leucauge venusta",spider,0,0,3,0,https://www.inaturalist.org/observations/217892906,"2024-08-12 04:36:06"
13150,161156,beetle,family,Mordellidae,beetle,0,0,2,0,https://www.inaturalist.org/observations/217891138,"2024-08-12 04:36:06"
13151,161146,leafhopper,genus,Thionia,leafhopper,0,0,2,0,https://www.inaturalist.org/observations/217888551,"2024-08-12 04:36:06"
13152,161143,other,subfamily,Culicinae,fly,0,0,2,0,https://www.inaturalist.org/observations/217887414,"2024-08-12 04:36:06"
13153,161131,truebugs,species,"Leptoglossus oppositus",truebugs,0,0,4,0,https://www.inaturalist.org/observations/217883468,"2024-08-12 04:36:06"
13154,161130,leafhopper,tribe,Gyponini,leafhopper,0,0,2,0,https://www.inaturalist.org/observations/217883012,"2024-08-12 04:36:06"
13155,161116,beetle,species,"Microtonus sericans",beetle,0,0,2,0,https://www.inaturalist.org/observations/217799640,"2024-08-12 04:39:06"
13156,161115,fly,family,Micropezidae,fly,0,0,2,0,https://www.inaturalist.org/observations/217799236,"2024-08-12 04:39:06"
13157,161104,spider,tribe,Misumenini,spider,0,0,3,0,https://www.inaturalist.org/observations/217795273,"2024-08-12 04:39:06"
13158,161092,truebugs,genus,Zelus,truebugs,0,0,2,0,https://www.inaturalist.org/observations/217794265,"2024-08-12 04:39:06"
13159,161089,caterpillar,subclass,Pterygota,bee,0,1,2,1,https://www.inaturalist.org/observations/217793705,"2024-08-12 04:39:06"
13160,161088,caterpillar,subclass,Pterygota,bee,0,1,2,1,https://www.inaturalist.org/observations/217793342,"2024-08-12 04:39:06"
13161,161085,caterpillar,subclass,Pterygota,bee,0,1,2,1,https://www.inaturalist.org/observations/217792927,"2024-08-12 04:39:06"
13162,161083,caterpillar,family,Geometridae,caterpillar,0,0,2,0,https://www.inaturalist.org/observations/217792068,"2024-08-12 04:39:06"
13163,161070,caterpillar,family,Geometridae,caterpillar,0,0,2,0,https://www.inaturalist.org/observations/217790066,"2024-08-12 04:39:06"
13164,161067,caterpillar,species,"Amphipyra pyramidoides",caterpillar,0,0,4,0,https://www.inaturalist.org/observations/217789009,"2024-08-12 04:39:06"
13165,161051,caterpillar,species,"Amphipyra pyramidoides",caterpillar,0,0,4,0,https://www.inaturalist.org/observations/217787812,"2024-08-12 04:39:06"
13166,161050,caterpillar,family,Noctuidae,caterpillar,0,0,3,0,https://www.inaturalist.org/observations/217787409,"2024-08-12 04:39:06"
13167,161048,caterpillar,family,Geometridae,caterpillar,0,0,2,0,https://www.inaturalist.org/observations/217786986,"2024-08-12 04:39:06"
13168,160916,spider,species,"Philodromus rufus",spider,0,0,3,0,https://www.inaturalist.org/observations/217739051,"2024-08-12 04:39:06"
13169,160913,beetle,suborder,Polyphaga,beetle,0,0,2,0,https://www.inaturalist.org/observations/217737287,"2024-08-12 04:39:06"
13170,160909,caterpillar,family,Geometridae,caterpillar,0,0,2,0,https://www.inaturalist.org/observations/217735184,"2024-08-12 04:39:06"
13171,160878,leafhopper,tribe,Thioniini,leafhopper,0,0,3,0,https://www.inaturalist.org/observations/217701395,"2024-08-12 04:39:06"
13172,160874,spider,species,"Lyssomanes viridis",spider,0,0,4,0,https://www.inaturalist.org/observations/217699673,"2024-08-12 04:39:06"
13173,160868,beetle,species,"Pseudoedophrys hilleri",beetle,0,0,2,0,https://www.inaturalist.org/observations/217698150,"2024-08-12 04:39:06"
13174,160865,beetle,family,Mordellidae,beetle,0,0,2,0,https://www.inaturalist.org/observations/217696820,"2024-08-12 04:39:06"
13175,160841,other,phylum,Arthropoda,Isopoda,0,0,1,0,https://www.inaturalist.org/observations/217692210,"2024-08-12 04:42:04"
13176,160772,spider,species,"Lupettiana mordax",spider,0,0,3,0,https://www.inaturalist.org/observations/217683916,"2024-08-12 04:42:04"
13177,160755,fly,order,Psocodea,Psocodea,0,0,3,1,https://www.inaturalist.org/observations/217682518,"2024-08-12 04:42:04"
13178,160718,spider,species,"Synema parvulum",spider,0,0,3,0,https://www.inaturalist.org/observations/217617585,"2024-08-12 04:42:04"
13179,160712,caterpillar,species,"Orgyia leucostigma",caterpillar,0,0,3,0,https://www.inaturalist.org/observations/217535227,"2024-08-12 04:42:04"
13180,160714,caterpillar,family,Drepanidae,caterpillar,0,0,2,0,https://www.inaturalist.org/observations/217534699,"2024-08-12 04:42:04"
13181,160683,caterpillar,superfamily,Noctuoidea,caterpillar,0,0,2,0,https://www.inaturalist.org/observations/217534157,"2024-08-12 04:42:04"
13182,160713,caterpillar,species,"Actias luna",caterpillar,0,0,4,0,https://www.inaturalist.org/observations/217529282,"2024-08-12 04:42:04"
13183,160625,leafhopper,genus,Thionia,leafhopper,0,0,2,0,https://www.inaturalist.org/observations/217528821,"2024-08-12 04:42:04"
13184,160620,caterpillar,order,Lepidoptera,caterpillar,0,0,2,0,https://www.inaturalist.org/observations/217528266,"2024-08-12 04:42:04"
13185,160550,leafhopper,species,"Flatormenis proxima",leafhopper,0,0,2,0,https://www.inaturalist.org/observations/217520174,"2024-08-12 04:45:05"
13186,160549,caterpillar,species,"Epimecis hortaria",caterpillar,0,0,3,0,https://www.inaturalist.org/observations/217519349,"2024-08-12 04:45:05"
13187,160548,caterpillar,species,"Epimecis hortaria",caterpillar,0,0,3,0,https://www.inaturalist.org/observations/217518723,"2024-08-12 04:45:05"
13188,160547,caterpillar,species,"Epimecis hortaria",caterpillar,0,0,3,0,https://www.inaturalist.org/observations/217518018,"2024-08-12 04:45:05"
13189,160537,leafhopper,species,"Flatormenis proxima",leafhopper,0,0,2,0,https://www.inaturalist.org/observations/217516230,"2024-08-12 04:45:05"
13190,160529,beetle,family,Elateridae,beetle,0,0,2,0,https://www.inaturalist.org/observations/217514420,"2024-08-12 04:45:05"
13191,160507,caterpillar,family,Geometridae,caterpillar,0,0,2,0,https://www.inaturalist.org/observations/217512053,"2024-08-12 04:45:05"
13192,160479,caterpillar,family,Geometridae,caterpillar,0,0,2,0,https://www.inaturalist.org/observations/217507420,"2024-08-12 04:45:05"
13193,160466,beetle,species,"Lechriops oculatus",beetle,0,0,2,0,https://www.inaturalist.org/observations/217505459,"2024-08-12 04:45:05"
13194,160465,fly,subclass,Pterygota,bee,0,0,2,1,https://www.inaturalist.org/observations/217504918,"2024-08-12 04:45:05"
13195,160448,leafhopper,genus,Thionia,leafhopper,0,0,2,0,https://www.inaturalist.org/observations/217502491,"2024-08-12 04:45:05"
13196,160441,leafhopper,species,"Oncometopia orbona",leafhopper,0,0,2,0,https://www.inaturalist.org/observations/217501939,"2024-08-12 04:45:05"
13197,160420,spider,genus,Ozyptila,spider,0,0,3,0,https://www.inaturalist.org/observations/217500315,"2024-08-12 04:45:05"
13198,160412,spider,genus,Sergiolus,spider,0,0,2,0,https://www.inaturalist.org/observations/217499249,"2024-08-12 04:45:05"
13199,160411,spider,genus,Wulfila,spider,0,0,2,0,https://www.inaturalist.org/observations/217498723,"2024-08-12 04:45:05"
13200,160402,spider,tribe,Misumenini,spider,0,0,2,0,https://www.inaturalist.org/observations/217495733,"2024-08-12 04:48:04"
13201,160386,caterpillar,species,"Morrisonia confusa",caterpillar,0,0,3,0,https://www.inaturalist.org/observations/217492266,"2024-08-12 04:48:04"
13202,160371,leafhopper,subfamily,Aphrophorinae,leafhopper,0,0,3,0,https://www.inaturalist.org/observations/217489558,"2024-08-12 04:48:04"
13203,160365,leafhopper,species,"Flatormenis proxima",leafhopper,0,0,2,0,https://www.inaturalist.org/observations/217489045,"2024-08-12 04:48:04"
13204,160354,fly,subfamily,Syrphinae,fly,0,0,2,0,https://www.inaturalist.org/observations/217487639,"2024-08-12 04:48:04"
13205,160275,ant,species,"Prenolepis imparis",ant,0,0,2,0,https://www.inaturalist.org/observations/217324208,"2024-08-12 04:48:04"
13206,160273,beetle,species,"Polydrusus formosus",beetle,0,0,3,0,https://www.inaturalist.org/observations/217323213,"2024-08-12 04:48:04"
13207,160265,caterpillar,family,Geometridae,caterpillar,0,0,2,0,https://www.inaturalist.org/observations/217319320,"2024-08-12 04:48:04"
13208,160247,caterpillar,species,"Misogada unicolor",caterpillar,0,0,4,0,https://www.inaturalist.org/observations/217318696,"2024-08-12 04:48:04"
13209,160234,leafhopper,genus,Magicicada,leafhopper,0,0,3,0,https://www.inaturalist.org/observations/217315445,"2024-08-12 04:48:04"
13210,160224,caterpillar,order,Lepidoptera,caterpillar,0,0,2,0,https://www.inaturalist.org/observations/217312720,"2024-08-12 04:48:04"
13211,160223,caterpillar,order,Lepidoptera,caterpillar,0,0,2,0,https://www.inaturalist.org/observations/217312145,"2024-08-12 04:48:04"
13212,160219,caterpillar,species,"Orgyia leucostigma",caterpillar,0,0,3,0,https://www.inaturalist.org/observations/217310822,"2024-08-12 04:48:04"
13213,160213,spider,family,Lycosidae,spider,0,0,2,0,https://www.inaturalist.org/observations/217309440,"2024-08-12 04:48:04"
13214,160212,beetle,species,"Ellychnia corrusca",beetle,0,0,2,0,https://www.inaturalist.org/observations/217308916,"2024-08-12 04:48:04"
13215,160211,spider,genus,Wulfila,spider,0,0,3,0,https://www.inaturalist.org/observations/217308392,"2024-08-12 04:48:04"
13216,160203,leafhopper,genus,Magicicada,leafhopper,0,0,3,0,https://www.inaturalist.org/observations/217306940,"2024-08-12 04:51:04"
13217,160202,leafhopper,species,"Oncopsis nigrinasi",leafhopper,0,0,3,0,https://www.inaturalist.org/observations/217306323,"2024-08-12 04:51:04"
13218,160153,spider,genus,Tetragnatha,spider,0,0,3,0,https://www.inaturalist.org/observations/217296476,"2024-08-12 04:51:04"
13219,160148,caterpillar,family,Geometridae,caterpillar,0,0,2,0,https://www.inaturalist.org/observations/217295433,"2024-08-12 04:51:04"
13220,160102,beetle,family,Elateridae,beetle,0,0,2,0,https://www.inaturalist.org/observations/217289232,"2024-08-12 04:51:04"
13221,160091,leafhopper,species,"Platycotis vittata",leafhopper,0,0,3,0,https://www.inaturalist.org/observations/217287811,"2024-08-12 04:51:04"
13222,160089,beetle,family,Mordellidae,beetle,0,0,2,0,https://www.inaturalist.org/observations/217286703,"2024-08-12 04:51:04"
13223,160088,leafhopper,species,"Platycotis vittata",leafhopper,0,0,3,0,https://www.inaturalist.org/observations/217286249,"2024-08-12 04:51:04"
13224,160084,caterpillar,species,"Morrisonia confusa",caterpillar,0,0,3,0,https://www.inaturalist.org/observations/217285200,"2024-08-12 04:51:04"
13225,160075,spider,species,"Leucauge venusta",spider,0,0,2,0,https://www.inaturalist.org/observations/217284173,"2024-08-12 04:51:04"
13226,160070,spider,species,"Phidippus clarus",spider,0,0,4,0,https://www.inaturalist.org/observations/217282760,"2024-08-12 04:51:04"
13227,160048,beetle,subphylum,Hexapoda,beetle,0,0,1,0,https://www.inaturalist.org/observations/217279803,"2024-08-12 04:54:05"
13228,160032,caterpillar,family,Geometridae,caterpillar,0,0,2,0,https://www.inaturalist.org/observations/217278923,"2024-08-12 04:54:05"
13229,159931,caterpillar,species,"Lymantria dispar",caterpillar,0,0,3,0,https://www.inaturalist.org/observations/217088907,"2024-08-12 04:54:05"
13230,159925,spider,species,"Hentzia mitrata",spider,0,0,4,0,https://www.inaturalist.org/observations/217081892,"2024-08-12 04:54:05"
13231,159924,beetle,species,"Harmonia axyridis",beetle,1,0,3,0,https://www.inaturalist.org/observations/217081189,"2024-08-12 04:54:05"
13232,159853,caterpillar,order,Lepidoptera,caterpillar,0,0,2,0,https://www.inaturalist.org/observations/217061931,"2024-08-12 04:54:05"
13233,159841,ant,species,"Camponotus subbarbatus",ant,0,0,2,0,https://www.inaturalist.org/observations/217059595,"2024-08-12 04:54:05"
13234,159837,leafhopper,genus,Magicicada,leafhopper,0,0,3,0,https://www.inaturalist.org/observations/217059063,"2024-08-12 04:54:05"
13235,159824,leafhopper,genus,Cedusa,leafhopper,0,0,3,0,https://www.inaturalist.org/observations/217056015,"2024-08-12 04:54:05"
13236,159802,spider,genus,Philodromus,spider,0,0,2,0,https://www.inaturalist.org/observations/217052725,"2024-08-12 04:57:05"
13237,159756,caterpillar,order,Lepidoptera,caterpillar,0,0,2,0,https://www.inaturalist.org/observations/217045299,"2024-08-12 04:57:05"
13238,159738,ant,subgenus,Crematogaster,ant,0,0,2,0,https://www.inaturalist.org/observations/216881563,"2024-08-12 04:57:05"
13239,159722,caterpillar,family,Geometridae,caterpillar,0,0,2,0,https://www.inaturalist.org/observations/216853518,"2024-08-12 04:57:05"
13240,159638,beetle,species,"Cyrtepistomus castaneus",beetle,0,0,2,0,https://www.inaturalist.org/observations/216833345,"2024-08-12 05:00:10"
13241,159621,beetle,species,"Cyrtepistomus castaneus",beetle,0,0,2,0,https://www.inaturalist.org/observations/216824552,"2024-08-12 05:00:10"
13242,159600,spider,family,Dictynidae,spider,0,0,2,0,https://www.inaturalist.org/observations/216815082,"2024-08-12 05:00:10"
13243,159586,grasshopper,species,"Pterophylla camellifolia",grasshopper,0,0,2,0,https://www.inaturalist.org/observations/216809368,"2024-08-12 05:00:10"
13244,159554,caterpillar,family,Erebidae,caterpillar,0,0,2,0,https://www.inaturalist.org/observations/216791258,"2024-08-12 05:03:06"
13245,159544,spider,subfamily,Salticinae,spider,0,0,2,0,https://www.inaturalist.org/observations/216785872,"2024-08-12 05:03:06"
13246,159093,spider,tribe,Misumenini,spider,0,0,2,0,https://www.inaturalist.org/observations/216114927,"2024-08-12 05:09:04"
13247,159082,spider,genus,Philodromus,spider,0,0,2,0,https://www.inaturalist.org/observations/216112516,"2024-08-12 05:12:04"
13248,158239,spider,subclass,Acari,Trombidiformes,0,0,2,1,https://www.inaturalist.org/observations/214803407,"2024-08-12 05:27:04"
13249,164242,unidentified,suborder,Heteroptera,truebugs,0,0,1,0,https://www.inaturalist.org/observations/220100079,"2024-08-12 03:54:04"
13250,164174,fly,order,Ephemeroptera,Ephemeroptera,0,0,3,1,https://www.inaturalist.org/observations/220037464,"2024-08-12 03:54:04"
13251,164173,spider,family,Tetragnathidae,spider,0,0,2,0,https://www.inaturalist.org/observations/220036616,"2024-08-12 03:54:04"
13252,164152,caterpillar,genus,Eupithecia,caterpillar,0,0,2,0,https://www.inaturalist.org/observations/219857254,"2024-08-12 03:54:04"
13253,164071,other,superfamily,Entomobryoidea,Entomobryomorpha,0,0,1,0,https://www.inaturalist.org/observations/219814317,"2024-08-12 03:54:04"
13254,163991,truebugs,species,"Coccobaphes frontifer",truebugs,0,0,2,0,https://www.inaturalist.org/observations/219762992,"2024-08-12 03:57:04"
13255,163986,ant,species,"Camponotus pennsylvanicus",ant,0,0,2,0,https://www.inaturalist.org/observations/219759395,"2024-08-12 03:57:04"
13256,163983,spider,tribe,Dendryphantini,spider,0,0,2,0,https://www.inaturalist.org/observations/219757357,"2024-08-12 03:57:04"
13257,163977,spider,tribe,Coriarachnini,spider,0,0,2,0,https://www.inaturalist.org/observations/219753511,"2024-08-12 03:57:04"
13258,163963,fly,genus,Rhagio,fly,0,0,2,0,https://www.inaturalist.org/observations/219745973,"2024-08-12 03:57:04"
13259,163279,spider,species,"Anelosimus studiosus",spider,0,0,2,0,https://www.inaturalist.org/observations/219635690,"2024-08-12 03:57:04"
13260,163289,unidentified,family,Eulophidae,bee,0,0,1,0,https://www.inaturalist.org/observations/219631519,"2024-08-12 03:57:04"
13261,163288,unidentified,suborder,Sternorrhyncha,aphid,0,0,1,0,https://www.inaturalist.org/observations/219631123,"2024-08-12 03:57:04"
13262,163914,ant,subgenus,Crematogaster,ant,0,0,2,0,https://www.inaturalist.org/observations/219604712,"2024-08-12 03:57:04"
13263,163911,beetle,genus,Contacyphon,beetle,0,0,2,0,https://www.inaturalist.org/observations/219602884,"2024-08-12 03:57:04"
13264,163664,caterpillar,species,"Lymantria dispar",caterpillar,0,0,3,0,https://www.inaturalist.org/observations/219566421,"2024-08-12 04:00:07"
13265,163657,beetle,superfamily,Pentatomoidea,truebugs,0,0,3,1,https://www.inaturalist.org/observations/219564855,"2024-08-12 04:00:07"
13266,163652,spider,family,Philodromidae,spider,0,0,2,0,https://www.inaturalist.org/observations/219563681,"2024-08-12 04:00:07"
13267,163651,caterpillar,species,"Malacosoma disstria",caterpillar,0,0,3,0,https://www.inaturalist.org/observations/219562994,"2024-08-12 04:00:07"
13269,163583,spider,genus,Tmarus,spider,0,0,2,0,https://www.inaturalist.org/observations/219558619,"2024-08-12 04:00:07"
13270,163529,ant,genus,Camponotus,ant,0,0,2,0,https://www.inaturalist.org/observations/219552627,"2024-08-12 04:00:07"
13271,163521,caterpillar,family,Geometridae,caterpillar,0,0,2,0,https://www.inaturalist.org/observations/219550884,"2024-08-12 04:00:07"
13272,163485,spider,species,"Misumessus oblongus",spider,0,0,4,0,https://www.inaturalist.org/observations/219545795,"2024-08-12 04:00:07"
13273,163483,spider,superfamily,Araneoidea,spider,0,0,2,0,https://www.inaturalist.org/observations/219544423,"2024-08-12 04:03:09"
13274,163455,spider,genus,Wulfila,spider,0,0,3,0,https://www.inaturalist.org/observations/219538590,"2024-08-12 04:03:09"
13275,163432,fly,family,Rhagionidae,fly,0,0,2,0,https://www.inaturalist.org/observations/219535738,"2024-08-12 04:03:09"
13276,163429,spider,superfamily,Araneoidea,spider,0,0,2,0,https://www.inaturalist.org/observations/219535140,"2024-08-12 04:03:09"
13277,163267,bee,order,Diptera,fly,0,0,4,1,https://www.inaturalist.org/observations/219532130,"2024-08-12 04:03:09"
13278,163413,spider,species,"Misumessus oblongus",spider,0,0,3,0,https://www.inaturalist.org/observations/219529530,"2024-08-12 04:03:09"
13279,163397,spider,genus,Leucauge,spider,0,0,2,0,https://www.inaturalist.org/observations/219525261,"2024-08-12 04:03:09"
13280,163382,spider,genus,Colonus,spider,0,0,2,0,https://www.inaturalist.org/observations/219524168,"2024-08-12 04:03:09"
13281,163378,caterpillar,family,Geometridae,caterpillar,0,0,2,0,https://www.inaturalist.org/observations/219523678,"2024-08-12 04:03:09"
13282,163308,spider,genus,Leucauge,spider,0,0,2,0,https://www.inaturalist.org/observations/219523141,"2024-08-12 04:03:09"
13283,163307,spider,species,"Leucauge venusta",spider,0,0,2,0,https://www.inaturalist.org/observations/219522292,"2024-08-12 04:03:09"
13284,163258,caterpillar,family,Geometridae,caterpillar,0,0,2,0,https://www.inaturalist.org/observations/219520991,"2024-08-12 04:03:09"
13285,163354,caterpillar,genus,Acronicta,caterpillar,0,0,3,0,https://www.inaturalist.org/observations/219519352,"2024-08-12 04:03:09"
13286,163340,spider,genus,Anyphaena,spider,0,0,3,0,https://www.inaturalist.org/observations/219518585,"2024-08-12 04:03:09"
13287,163255,truebugs,superfamily,Curculionoidea,beetle,0,0,4,1,https://www.inaturalist.org/observations/219428276,"2024-08-12 04:06:06"
13288,163254,other,family,Tettigoniidae,grasshopper,0,0,4,1,https://www.inaturalist.org/observations/219427706,"2024-08-12 04:06:06"
13289,163245,unidentified,suborder,Heteroptera,truebugs,0,0,1,0,https://www.inaturalist.org/observations/219424124,"2024-08-12 04:06:06"
13290,163243,beetle,species,"Polydrusus impressifrons",beetle,0,0,4,0,https://www.inaturalist.org/observations/219423068,"2024-08-12 04:06:06"
13291,163239,grasshopper,species,"Meconema thalassinum",grasshopper,0,0,2,0,https://www.inaturalist.org/observations/219411671,"2024-08-12 04:06:06"
13292,163231,caterpillar,family,Geometridae,caterpillar,0,0,2,0,https://www.inaturalist.org/observations/219407255,"2024-08-12 04:06:06"
13293,163223,fly,species,"Rhagio mystaceus",fly,0,0,3,0,https://www.inaturalist.org/observations/219400447,"2024-08-12 04:06:06"
13294,163206,caterpillar,family,Geometridae,caterpillar,0,0,2,0,https://www.inaturalist.org/observations/219392189,"2024-08-12 04:06:06"
13295,163127,fly,genus,Condylostylus,fly,0,0,2,0,https://www.inaturalist.org/observations/219350714,"2024-08-12 04:06:06"
13296,163126,ant,species,"Temnothorax curvispinosus",ant,0,0,3,0,https://www.inaturalist.org/observations/219349983,"2024-08-12 04:06:06"
13297,161834,caterpillar,species,"Ancylis platanana",caterpillar,0,0,2,0,https://www.inaturalist.org/observations/219348761,"2024-08-12 04:06:06"
13298,163117,bee,epifamily,Anthophila,bee,0,0,3,0,https://www.inaturalist.org/observations/219347662,"2024-08-12 04:06:06"
13299,163116,ant,subgenus,Crematogaster,ant,0,0,3,0,https://www.inaturalist.org/observations/219347118,"2024-08-12 04:06:06"
13300,163029,caterpillar,family,Noctuidae,caterpillar,0,0,2,0,https://www.inaturalist.org/observations/219331926,"2024-08-12 04:09:06"
13301,162995,beetle,species,"Harmonia axyridis",beetle,0,0,3,0,https://www.inaturalist.org/observations/219328210,"2024-08-12 04:09:06"
13302,162972,beetle,species,"Harmonia axyridis",beetle,0,0,3,0,https://www.inaturalist.org/observations/219324565,"2024-08-12 04:09:06"
13303,162953,spider,genus,Hentzia,spider,0,0,2,0,https://www.inaturalist.org/observations/219322948,"2024-08-12 04:09:06"
13304,162937,moths,subclass,Pterygota,moths,0,0,1,0,https://www.inaturalist.org/observations/219319020,"2024-08-12 04:09:06"
13305,162906,bee,family,Ichneumonidae,bee,0,0,2,0,https://www.inaturalist.org/observations/219314833,"2024-08-12 04:09:06"
13306,162874,beetle,species,"Psyllobora vigintimaculata",beetle,0,0,3,0,https://www.inaturalist.org/observations/219312652,"2024-08-12 04:09:06"
13307,162855,other,species,"Graphopsocus cruciatus",Psocodea,0,0,2,0,https://www.inaturalist.org/observations/219309055,"2024-08-12 04:09:06"
13308,162592,spider,genus,Cyclosa,spider,0,0,2,0,https://www.inaturalist.org/observations/219183944,"2024-08-12 04:12:06"
13309,162591,caterpillar,family,Noctuidae,caterpillar,0,0,3,0,https://www.inaturalist.org/observations/219183492,"2024-08-12 04:12:06"
13310,162588,spider,genus,Philodromus,spider,0,0,3,0,https://www.inaturalist.org/observations/219182486,"2024-08-12 04:12:06"
13311,162586,beetle,genus,Dichelonyx,beetle,0,0,2,0,https://www.inaturalist.org/observations/219182069,"2024-08-12 04:12:06"
13312,162582,caterpillar,family,Geometridae,caterpillar,0,0,2,0,https://www.inaturalist.org/observations/219180891,"2024-08-12 04:12:06"
13313,162576,caterpillar,family,Geometridae,caterpillar,0,0,2,0,https://www.inaturalist.org/observations/219178740,"2024-08-12 04:12:06"
13314,162574,caterpillar,family,Geometridae,caterpillar,0,0,2,0,https://www.inaturalist.org/observations/219178125,"2024-08-12 04:12:06"
13315,162563,caterpillar,family,Geometridae,caterpillar,0,0,2,0,https://www.inaturalist.org/observations/219177130,"2024-08-12 04:12:06"
13316,162546,spider,genus,Xysticus,spider,0,0,3,0,https://www.inaturalist.org/observations/219174904,"2024-08-12 04:12:06"
13317,162522,beetle,genus,Dichelotarsus,beetle,0,0,2,0,https://www.inaturalist.org/observations/219171953,"2024-08-12 04:12:06"
13318,162464,beetle,species,"Psyllobora vigintimaculata",beetle,0,0,3,0,https://www.inaturalist.org/observations/219168403,"2024-08-12 04:12:06"
13319,162433,beetle,species,"Harmonia axyridis",beetle,0,0,3,0,https://www.inaturalist.org/observations/219161865,"2024-08-12 04:12:06"
13320,162432,beetle,species,"Harmonia axyridis",beetle,0,0,3,0,https://www.inaturalist.org/observations/219161281,"2024-08-12 04:12:06"
13321,162418,other,complex,"Narceus americanus",Spirobolida,0,0,2,0,https://www.inaturalist.org/observations/219157329,"2024-08-12 04:15:05"
13322,162417,truebugs,species,"Leptoglossus oppositus",truebugs,0,0,3,0,https://www.inaturalist.org/observations/219156786,"2024-08-12 04:15:05"
13323,162409,spider,family,Araneidae,spider,0,0,2,0,https://www.inaturalist.org/observations/219154951,"2024-08-12 04:15:05"
13324,162399,spider,family,Araneidae,spider,0,0,2,0,https://www.inaturalist.org/observations/219151732,"2024-08-12 04:15:05"
13325,162395,caterpillar,superfamily,Noctuoidea,caterpillar,0,0,2,0,https://www.inaturalist.org/observations/219151160,"2024-08-12 04:15:05"
13326,162391,caterpillar,species,"Misogada unicolor",caterpillar,0,0,4,0,https://www.inaturalist.org/observations/219150579,"2024-08-12 04:15:05"
13327,162367,truebugs,species,"Acanthocephala terminalis",truebugs,0,0,3,0,https://www.inaturalist.org/observations/219146718,"2024-08-12 04:15:05"
13328,162360,beetle,species,"Ochyromera ligustri",beetle,0,0,2,0,https://www.inaturalist.org/observations/219146120,"2024-08-12 04:15:05"
13329,162357,truebugs,superfamily,Pentatomoidea,truebugs,0,0,2,0,https://www.inaturalist.org/observations/219144387,"2024-08-12 04:15:05"
13330,162356,ant,species,"Formica subsericea",ant,0,0,2,0,https://www.inaturalist.org/observations/219143899,"2024-08-12 04:15:05"
13331,162346,beetle,family,Coccinellidae,beetle,1,0,2,0,https://www.inaturalist.org/observations/219141589,"2024-08-12 04:15:05"
13332,162344,spider,genus,Wulfila,spider,0,0,2,0,https://www.inaturalist.org/observations/219140888,"2024-08-12 04:15:05"
13333,162342,beetle,family,Mordellidae,beetle,0,0,2,0,https://www.inaturalist.org/observations/219139449,"2024-08-12 04:15:05"
13334,162341,beetle,species,"Ochyromera ligustri",beetle,0,0,2,0,https://www.inaturalist.org/observations/219138778,"2024-08-12 04:15:05"
13335,162331,ant,genus,Camponotus,ant,0,0,2,0,https://www.inaturalist.org/observations/219137451,"2024-08-12 04:15:05"
13336,162330,spider,species,"Verrucosa arenata",spider,0,0,3,0,https://www.inaturalist.org/observations/219136779,"2024-08-12 04:15:05"
13337,162326,truebugs,subfamily,Emesinae,truebugs,0,0,2,0,https://www.inaturalist.org/observations/219136202,"2024-08-12 04:15:05"
13338,162325,spider,infraorder,Entelegynae,spider,0,0,4,0,https://www.inaturalist.org/observations/219135573,"2024-08-12 04:15:05"
13339,162304,spider,subfamily,Salticinae,spider,0,0,2,0,https://www.inaturalist.org/observations/219127293,"2024-08-12 04:18:05"
13340,162295,spider,family,Philodromidae,spider,0,0,2,0,https://www.inaturalist.org/observations/219124725,"2024-08-12 04:18:05"
13341,162294,caterpillar,species,"Acronicta impleta",caterpillar,0,0,4,0,https://www.inaturalist.org/observations/219124041,"2024-08-12 04:18:05"
13342,162286,caterpillar,family,Geometridae,caterpillar,0,0,2,0,https://www.inaturalist.org/observations/219120436,"2024-08-12 04:18:05"
13343,162266,spider,genus,Theridion,spider,0,0,2,0,https://www.inaturalist.org/observations/219115702,"2024-08-12 04:18:05"
13344,162262,truebugs,superfamily,Pentatomoidea,truebugs,0,0,2,0,https://www.inaturalist.org/observations/219113367,"2024-08-12 04:18:05"
13345,162241,truebugs,superfamily,Pentatomoidea,truebugs,0,0,2,0,https://www.inaturalist.org/observations/219108980,"2024-08-12 04:18:05"
13346,162240,caterpillar,species,"Actias luna",caterpillar,0,0,3,0,https://www.inaturalist.org/observations/219108442,"2024-08-12 04:18:05"
13347,162216,truebugs,superfamily,Pentatomoidea,truebugs,0,0,2,0,https://www.inaturalist.org/observations/219101637,"2024-08-12 04:18:05"
13348,162080,ant,genus,Myrmica,ant,0,0,2,0,https://www.inaturalist.org/observations/218934198,"2024-08-12 04:18:05"
13349,162049,beetle,species,"Harmonia axyridis",beetle,1,0,3,0,https://www.inaturalist.org/observations/218930235,"2024-08-12 04:21:04"
13350,161978,spider,superfamily,Araneoidea,spider,0,0,2,0,https://www.inaturalist.org/observations/218913471,"2024-08-12 04:21:04"
13351,161973,caterpillar,order,Lepidoptera,caterpillar,0,0,2,0,https://www.inaturalist.org/observations/218911768,"2024-08-12 04:21:04"
13352,161972,caterpillar,order,Lepidoptera,caterpillar,0,0,2,0,https://www.inaturalist.org/observations/218911135,"2024-08-12 04:21:04"
13353,161967,caterpillar,order,Lepidoptera,caterpillar,0,0,2,0,https://www.inaturalist.org/observations/218910455,"2024-08-12 04:21:04"
13354,161946,other,genus,Maccaffertium,Ephemeroptera,0,0,2,0,https://www.inaturalist.org/observations/218906522,"2024-08-12 04:21:04"
13355,161919,spider,tribe,Misumenini,spider,0,0,2,0,https://www.inaturalist.org/observations/218900422,"2024-08-12 04:21:04"
13356,161900,beetle,subfamily,Eumolpinae,beetle,0,0,2,0,https://www.inaturalist.org/observations/218898096,"2024-08-12 04:21:04"
13357,161891,leafhopper,species,"Oncopsis nigrinasi",leafhopper,0,0,2,0,https://www.inaturalist.org/observations/218896972,"2024-08-12 04:21:04"
13358,161879,leafhopper,genus,Magicicada,leafhopper,0,0,3,0,https://www.inaturalist.org/observations/218895898,"2024-08-12 04:21:04"
13359,161874,spider,family,Tetragnathidae,spider,0,0,2,0,https://www.inaturalist.org/observations/218895111,"2024-08-12 04:21:04"
13360,161869,spider,species,"Verrucosa arenata",spider,0,0,4,0,https://www.inaturalist.org/observations/218894475,"2024-08-12 04:21:04"
13361,161863,leafhopper,genus,Magicicada,leafhopper,0,0,3,0,https://www.inaturalist.org/observations/218892695,"2024-08-12 04:21:04"
13362,161857,caterpillar,family,Geometridae,caterpillar,0,0,2,0,https://www.inaturalist.org/observations/218892158,"2024-08-12 04:21:04"
13363,161856,other,class,Diplopoda,Spirobolida,0,0,1,0,https://www.inaturalist.org/observations/218891531,"2024-08-12 04:21:04"
13364,161849,leafhopper,species,"Oncopsis nigrinasi",leafhopper,0,0,2,0,https://www.inaturalist.org/observations/218889713,"2024-08-12 04:21:04"
13365,161817,spider,genus,Hentzia,spider,0,0,2,0,https://www.inaturalist.org/observations/218885278,"2024-08-12 04:24:04"
13366,161777,grasshopper,suborder,Heteroptera,truebugs,0,0,3,1,https://www.inaturalist.org/observations/218709866,"2024-08-12 04:24:04"
13367,161773,caterpillar,family,Geometridae,caterpillar,0,0,2,0,https://www.inaturalist.org/observations/218708408,"2024-08-12 04:24:04"
13368,161772,caterpillar,species,"Nematocampa resistaria",caterpillar,0,0,2,0,https://www.inaturalist.org/observations/218707409,"2024-08-12 04:24:04"
13369,161766,caterpillar,family,Geometridae,caterpillar,0,0,2,0,https://www.inaturalist.org/observations/218706491,"2024-08-12 04:24:04"
13370,161762,caterpillar,family,Geometridae,caterpillar,0,0,2,0,https://www.inaturalist.org/observations/218704825,"2024-08-12 04:24:04"
13371,161756,caterpillar,family,Geometridae,caterpillar,0,0,2,0,https://www.inaturalist.org/observations/218701723,"2024-08-12 04:24:04"
13372,161754,fly,genus,Stictochironomus,fly,0,0,3,0,https://www.inaturalist.org/observations/218700967,"2024-08-12 04:24:04"
13373,161753,caterpillar,family,Geometridae,caterpillar,0,0,2,0,https://www.inaturalist.org/observations/218700323,"2024-08-12 04:24:04"
13374,161741,caterpillar,family,Geometridae,caterpillar,0,0,2,0,https://www.inaturalist.org/observations/218695767,"2024-08-12 04:24:04"
13375,161735,caterpillar,family,Geometridae,caterpillar,0,0,2,0,https://www.inaturalist.org/observations/218692367,"2024-08-12 04:24:04"
13376,161732,caterpillar,family,Geometridae,caterpillar,0,0,2,0,https://www.inaturalist.org/observations/218690589,"2024-08-12 04:24:04"
13377,161730,caterpillar,family,Geometridae,caterpillar,0,0,2,0,https://www.inaturalist.org/observations/218689805,"2024-08-12 04:24:04"
13378,161716,caterpillar,family,Geometridae,caterpillar,0,0,2,0,https://www.inaturalist.org/observations/218688430,"2024-08-12 04:24:04"
13379,161708,ant,phylum,Arthropoda,ant,0,0,1,0,https://www.inaturalist.org/observations/218685441,"2024-08-12 04:24:04"
13380,161705,beetle,family,Elateridae,beetle,0,0,2,0,https://www.inaturalist.org/observations/218683879,"2024-08-12 04:24:04"
13381,161702,caterpillar,stateofmatter,Life,moths,0,0,1,0,https://www.inaturalist.org/observations/218683113,"2024-08-12 04:24:04"
13382,161683,caterpillar,subfamily,Erebinae,caterpillar,0,0,2,0,https://www.inaturalist.org/observations/218677790,"2024-08-12 04:24:04"
13383,161673,spider,genus,Mimetus,spider,0,0,2,0,https://www.inaturalist.org/observations/218674140,"2024-08-12 04:27:05"
13384,161667,truebugs,species,"Arilus cristatus",truebugs,0,0,4,0,https://www.inaturalist.org/observations/218664191,"2024-08-12 04:27:05"
13385,161666,truebugs,subclass,Pterygota,beetle,0,0,2,1,https://www.inaturalist.org/observations/218663484,"2024-08-12 04:27:05"
13386,161648,beetle,family,Mordellidae,beetle,0,0,2,0,https://www.inaturalist.org/observations/218644298,"2024-08-12 04:27:05"
13387,161643,leafhopper,genus,Magicicada,leafhopper,0,0,3,0,https://www.inaturalist.org/observations/218642988,"2024-08-12 04:27:05"
13388,161641,beetle,subphylum,Hexapoda,beetle,0,0,1,0,https://www.inaturalist.org/observations/218641640,"2024-08-12 04:27:05"
13389,161633,spider,genus,Anyphaena,spider,0,0,2,0,https://www.inaturalist.org/observations/218639110,"2024-08-12 04:27:05"
13390,161620,other,order,Polydesmida,Polydesmida,0,0,1,0,https://www.inaturalist.org/observations/218637113,"2024-08-12 04:27:05"
13391,161619,spider,family,Theridiidae,spider,0,0,2,0,https://www.inaturalist.org/observations/218636546,"2024-08-12 04:27:05"
13392,161616,beetle,subphylum,Hexapoda,beetle,0,0,1,0,https://www.inaturalist.org/observations/218635982,"2024-08-12 04:27:05"
13393,161613,spider,species,"Leucauge venusta",spider,0,0,3,0,https://www.inaturalist.org/observations/218634325,"2024-08-12 04:27:05"
13394,161612,leafhopper,species,"Magicicada tredecim",leafhopper,0,0,3,0,https://www.inaturalist.org/observations/218633671,"2024-08-12 04:27:05"
13395,161605,beetle,subphylum,Hexapoda,beetle,0,0,1,0,https://www.inaturalist.org/observations/218631417,"2024-08-12 04:27:05"
13396,161604,beetle,subphylum,Hexapoda,beetle,0,0,1,0,https://www.inaturalist.org/observations/218630921,"2024-08-12 04:27:05"
13397,161603,beetle,species,"Falsomordellistena bihamata",beetle,0,0,4,0,https://www.inaturalist.org/observations/218630439,"2024-08-12 04:27:05"
13398,161599,beetle,subphylum,Hexapoda,beetle,0,0,1,0,https://www.inaturalist.org/observations/218629919,"2024-08-12 04:27:05"
13399,161597,leafhopper,genus,Thionia,leafhopper,0,0,2,0,https://www.inaturalist.org/observations/218628959,"2024-08-12 04:27:05"
13400,161594,beetle,family,Mordellidae,beetle,0,0,2,0,https://www.inaturalist.org/observations/218628507,"2024-08-12 04:27:05"
13401,160937,ant,complex,"Formica pallidefulva",ant,0,0,2,0,https://www.inaturalist.org/observations/218241335,"2024-08-12 04:30:04"
13402,160931,ant,complex,"Temnothorax schaumii",ant,0,0,2,0,https://www.inaturalist.org/observations/218240127,"2024-08-12 04:30:04"
13403,161454,unidentified,species,"Campyloneura virgula",truebugs,0,0,1,0,https://www.inaturalist.org/observations/218142064,"2024-08-12 04:30:04"
13405,161315,beetle,species,"Phyllobius oblongus",beetle,0,0,3,0,https://www.inaturalist.org/observations/218099141,"2024-08-12 04:33:05"
13406,161265,other,genus,Acanthocephala,truebugs,0,0,2,0,https://www.inaturalist.org/observations/217913368,"2024-08-12 04:33:05"
13407,161261,beetle,species,"Harmonia axyridis",beetle,0,0,4,0,https://www.inaturalist.org/observations/217912067,"2024-08-12 04:33:05"
13408,161237,beetle,subclass,Pterygota,truebugs,0,0,2,1,https://www.inaturalist.org/observations/217910482,"2024-08-12 04:33:05"
13409,160501,spider,genus,Wulfila,spider,0,0,2,0,https://www.inaturalist.org/observations/217510774,"2024-08-12 04:45:05"
13410,160145,spider,genus,Mimetus,spider,0,0,2,0,https://www.inaturalist.org/observations/217294299,"2024-08-12 04:51:04"
13411,159745,spider,genus,Hentzia,spider,0,0,3,0,https://www.inaturalist.org/observations/216906541,"2024-08-12 04:57:05"
13412,159740,spider,family,Anyphaenidae,spider,0,0,2,0,https://www.inaturalist.org/observations/216883058,"2024-08-12 04:57:05"
13413,143889,beetle,species,"Cyrtepistomus castaneus",beetle,0,0,2,0,https://www.inaturalist.org/observations/168988808,"2024-08-12 09:30:05"
13414,166448,spider,tribe,Misumenini,spider,0,0,3,0,https://www.inaturalist.org/observations/221426024,"2024-08-12 03:30:04"
13415,166107,caterpillar,species,"Actias luna",caterpillar,0,0,3,0,https://www.inaturalist.org/observations/221220930,"2024-08-12 03:33:04"
13416,166139,spider,genus,Mecaphesa,spider,0,0,3,0,https://www.inaturalist.org/observations/221207412,"2024-08-12 03:33:04"
13417,166083,beetle,family,Pentatomidae,truebugs,0,0,3,1,https://www.inaturalist.org/observations/221196332,"2024-08-12 03:33:04"
13418,166048,beetle,family,Scarabaeidae,beetle,0,0,2,0,https://www.inaturalist.org/observations/221190759,"2024-08-12 03:33:04"
13419,165868,spider,genus,Mecaphesa,spider,0,0,2,0,https://www.inaturalist.org/observations/221186639,"2024-08-12 03:33:04"
13420,166259,spider,species,"Phidippus clarus",spider,0,0,3,0,https://www.inaturalist.org/observations/221138487,"2024-08-12 03:33:04"
13421,166254,beetle,family,Elateridae,beetle,0,0,3,0,https://www.inaturalist.org/observations/221136401,"2024-08-12 03:33:04"
13422,166253,beetle,family,Elateridae,beetle,0,0,3,0,https://www.inaturalist.org/observations/221135873,"2024-08-12 03:33:04"
13423,166244,beetle,family,Scarabaeidae,beetle,0,0,3,0,https://www.inaturalist.org/observations/221132050,"2024-08-12 03:36:05"
13424,166238,caterpillar,family,Noctuidae,caterpillar,0,0,2,0,https://www.inaturalist.org/observations/221130956,"2024-08-12 03:36:05"
13425,166201,truebugs,species,"Banasa dimidiata",truebugs,0,0,2,0,https://www.inaturalist.org/observations/221126633,"2024-08-12 03:36:05"
13426,166188,beetle,suborder,Polyphaga,beetle,0,0,2,0,https://www.inaturalist.org/observations/221125031,"2024-08-12 03:36:05"
13427,166148,beetle,family,Mordellidae,beetle,0,0,2,0,https://www.inaturalist.org/observations/221119063,"2024-08-12 03:36:05"
13428,166112,fly,superfamily,Oestroidea,fly,0,0,2,0,https://www.inaturalist.org/observations/221115263,"2024-08-12 03:36:05"
13429,166111,caterpillar,order,Lepidoptera,caterpillar,0,0,2,0,https://www.inaturalist.org/observations/221114731,"2024-08-12 03:36:05"
13430,166110,caterpillar,species,"Papilio glaucus",caterpillar,0,0,2,0,https://www.inaturalist.org/observations/221114309,"2024-08-12 03:36:05"
13431,166099,beetle,species,"Limonius quercinus",beetle,0,0,2,0,https://www.inaturalist.org/observations/221113312,"2024-08-12 03:36:05"
13432,166069,beetle,superfamily,Elateroidea,beetle,0,0,2,0,https://www.inaturalist.org/observations/221109237,"2024-08-12 03:36:05"
13433,166066,grasshopper,superfamily,Grylloidea,grasshopper,0,0,3,0,https://www.inaturalist.org/observations/221107292,"2024-08-12 03:36:05"
13434,166052,caterpillar,subgenus,Pterourus,caterpillar,0,0,3,0,https://www.inaturalist.org/observations/221104558,"2024-08-12 03:39:05"
13435,166005,grasshopper,species,"Meconema thalassinum",grasshopper,0,0,2,0,https://www.inaturalist.org/observations/221100037,"2024-08-12 03:39:05"
13436,166002,grasshopper,species,"Meconema thalassinum",grasshopper,0,0,4,0,https://www.inaturalist.org/observations/221098999,"2024-08-12 03:39:05"
13437,165972,caterpillar,family,Geometridae,caterpillar,0,0,2,0,https://www.inaturalist.org/observations/221095688,"2024-08-12 03:39:05"
13438,165958,bee,superfamily,Chalcidoidea,bee,0,0,2,0,https://www.inaturalist.org/observations/221094664,"2024-08-12 03:39:05"
13439,165957,caterpillar,family,Geometridae,caterpillar,0,0,2,0,https://www.inaturalist.org/observations/221094171,"2024-08-12 03:39:05"
13440,165937,caterpillar,family,Geometridae,caterpillar,0,0,2,0,https://www.inaturalist.org/observations/221089562,"2024-08-12 03:39:05"
13441,165920,grasshopper,species,"Phyllopalpus pulchellus",grasshopper,0,0,3,0,https://www.inaturalist.org/observations/221088148,"2024-08-12 03:39:05"
13442,165894,truebugs,family,Miridae,truebugs,0,0,2,0,https://www.inaturalist.org/observations/221084498,"2024-08-12 03:39:05"
13443,165563,beetle,superfamily,Curculionoidea,beetle,0,0,2,0,https://www.inaturalist.org/observations/220922885,"2024-08-12 03:39:05"
13444,165831,caterpillar,family,Geometridae,caterpillar,0,0,2,0,https://www.inaturalist.org/observations/220915583,"2024-08-12 03:42:05"
13445,165402,caterpillar,family,Geometridae,caterpillar,0,0,2,0,https://www.inaturalist.org/observations/220914530,"2024-08-12 03:42:05"
13446,165345,caterpillar,family,Geometridae,caterpillar,0,0,2,0,https://www.inaturalist.org/observations/220912735,"2024-08-12 03:42:05"
13447,165260,caterpillar,family,Geometridae,caterpillar,0,0,2,0,https://www.inaturalist.org/observations/220909388,"2024-08-12 03:42:05"
13448,165253,caterpillar,superfamily,Noctuoidea,caterpillar,0,0,2,0,https://www.inaturalist.org/observations/220908805,"2024-08-12 03:42:05"
13449,165251,caterpillar,species,"Acronicta americana",caterpillar,0,0,3,0,https://www.inaturalist.org/observations/220908176,"2024-08-12 03:42:05"
13450,165157,beetle,genus,Photuris,beetle,0,0,5,0,https://www.inaturalist.org/observations/220708561,"2024-08-12 03:42:05"
13451,165156,beetle,family,Lampyridae,beetle,0,0,4,0,https://www.inaturalist.org/observations/220707909,"2024-08-12 03:42:05"
13452,165135,caterpillar,family,Geometridae,caterpillar,0,0,2,0,https://www.inaturalist.org/observations/220703409,"2024-08-12 03:42:05"
13453,165124,caterpillar,family,Geometridae,caterpillar,0,0,2,0,https://www.inaturalist.org/observations/220701703,"2024-08-12 03:42:05"
13454,165122,beetle,family,Mordellidae,beetle,0,0,2,0,https://www.inaturalist.org/observations/220700570,"2024-08-12 03:42:05"
13455,165121,leafhopper,species,"Thionia bullata",leafhopper,0,0,3,0,https://www.inaturalist.org/observations/220699998,"2024-08-12 03:42:05"
13456,165095,beetle,family,Ptilodactylidae,beetle,0,0,2,0,https://www.inaturalist.org/observations/220693662,"2024-08-12 03:45:06"
13457,165091,daddylonglegs,genus,Mitostoma,daddylonglegs,0,0,2,0,https://www.inaturalist.org/observations/220692997,"2024-08-12 03:45:06"
13458,165082,caterpillar,family,Geometridae,caterpillar,0,0,2,0,https://www.inaturalist.org/observations/220690561,"2024-08-12 03:45:06"
13459,165071,caterpillar,species,"Morrisonia confusa",caterpillar,0,0,3,0,https://www.inaturalist.org/observations/220688618,"2024-08-12 03:45:06"
13460,165063,ant,subgenus,Crematogaster,ant,0,0,2,0,https://www.inaturalist.org/observations/220685335,"2024-08-12 03:45:06"
13461,165062,spider,species,"Phidippus putnami",spider,0,0,3,0,https://www.inaturalist.org/observations/220684707,"2024-08-12 03:45:06"
13462,165059,spider,superfamily,Araneoidea,spider,0,0,2,0,https://www.inaturalist.org/observations/220683598,"2024-08-12 03:45:06"
13463,165058,other,phylum,Arthropoda,Ixodida,0,0,1,0,https://www.inaturalist.org/observations/220683027,"2024-08-12 03:45:06"
13464,165041,spider,species,"Synema parvulum",spider,0,0,4,0,https://www.inaturalist.org/observations/220678677,"2024-08-12 03:45:06"
13465,165025,spider,species,"Misumessus oblongus",spider,0,0,2,0,https://www.inaturalist.org/observations/220673226,"2024-08-12 03:45:06"
13466,165021,beetle,species,"Harmonia axyridis",beetle,0,0,4,0,https://www.inaturalist.org/observations/220671733,"2024-08-12 03:45:06"
13467,165020,spider,species,"Synemosyna formica",spider,0,0,2,0,https://www.inaturalist.org/observations/220671264,"2024-08-12 03:45:06"
13468,164845,bee,species,"Morrisonia confusa",caterpillar,0,0,3,0,https://www.inaturalist.org/observations/220489316,"2024-08-12 03:48:04"
13469,164821,caterpillar,species,"Orgyia leucostigma",caterpillar,0,0,3,0,https://www.inaturalist.org/observations/220488224,"2024-08-12 03:48:04"
13470,164795,spider,genus,Wulfila,spider,0,0,2,0,https://www.inaturalist.org/observations/220481615,"2024-08-12 03:48:04"
13471,164777,spider,species,"Colonus sylvanus",spider,0,0,3,0,https://www.inaturalist.org/observations/220477149,"2024-08-12 03:48:04"
13472,164765,beetle,species,"Urgleptes signatus",beetle,0,0,3,0,https://www.inaturalist.org/observations/220476016,"2024-08-12 03:48:04"
13473,164761,spider,family,Araneidae,spider,0,0,2,0,https://www.inaturalist.org/observations/220474490,"2024-08-12 03:48:04"
13474,164749,bee,subfamily,Tiphiinae,bee,0,0,2,0,https://www.inaturalist.org/observations/220472933,"2024-08-12 03:48:04"
13475,164739,spider,species,"Misumessus oblongus",spider,0,0,4,0,https://www.inaturalist.org/observations/220470546,"2024-08-12 03:48:04"
13476,164735,spider,genus,Wulfila,spider,0,0,2,0,https://www.inaturalist.org/observations/220469931,"2024-08-12 03:48:04"
13477,164723,spider,genus,Wulfila,spider,0,0,2,0,https://www.inaturalist.org/observations/220466402,"2024-08-12 03:48:04"
13478,164555,moths,species,"Papilio glaucus",moths,0,0,3,0,https://www.inaturalist.org/observations/220345739,"2024-08-12 03:51:05"
13479,164529,beetle,family,Scirtidae,beetle,0,0,3,0,https://www.inaturalist.org/observations/220305722,"2024-08-12 03:51:05"
13480,164522,grasshopper,species,"Meconema thalassinum",grasshopper,0,0,3,0,https://www.inaturalist.org/observations/220302690,"2024-08-12 03:51:05"
13481,164471,moths,species,"Hypsopygia olinalis",moths,0,0,2,0,https://www.inaturalist.org/observations/220276640,"2024-08-12 03:51:05"
13482,164446,spider,tribe,Misumenini,spider,0,0,2,0,https://www.inaturalist.org/observations/220265366,"2024-08-12 03:51:05"
13483,164442,beetle,family,Elateridae,beetle,0,0,2,0,https://www.inaturalist.org/observations/220263569,"2024-08-12 03:51:05"
13484,164429,other,subphylum,Hexapoda,Psocodea,0,0,1,0,https://www.inaturalist.org/observations/220259874,"2024-08-12 03:51:05"
13485,164425,beetle,genus,Statira,beetle,0,0,2,0,https://www.inaturalist.org/observations/220258649,"2024-08-12 03:51:05"
13486,164407,beetle,family,Chrysomelidae,beetle,0,0,2,0,https://www.inaturalist.org/observations/220255052,"2024-08-12 03:54:04"
13487,164405,beetle,subfamily,Eumolpinae,beetle,0,0,2,0,https://www.inaturalist.org/observations/220253947,"2024-08-12 03:54:04"
13488,164403,caterpillar,species,"Acronicta morula",caterpillar,0,0,3,0,https://www.inaturalist.org/observations/220252810,"2024-08-12 03:54:04"
13489,164393,ant,species,"Camponotus snellingi",ant,0,0,3,0,https://www.inaturalist.org/observations/220251673,"2024-08-12 03:54:04"
13490,164386,other,subphylum,Hexapoda,Psocodea,0,0,1,0,https://www.inaturalist.org/observations/220249253,"2024-08-12 03:54:04"
13491,164385,ant,subgenus,Myrmentoma,ant,0,0,2,0,https://www.inaturalist.org/observations/220248730,"2024-08-12 03:54:04"
13492,164359,unidentified,superfamily,Tomoceroidea,Entomobryomorpha,0,0,1,0,https://www.inaturalist.org/observations/220245490,"2024-08-12 03:54:04"
13493,164343,spider,genus,Anyphaena,spider,0,0,2,0,https://www.inaturalist.org/observations/220243108,"2024-08-12 03:54:04"
13494,164327,spider,tribe,Dendryphantini,spider,0,0,2,0,https://www.inaturalist.org/observations/220242016,"2024-08-12 03:54:04"
13495,164322,spider,genus,Neoscona,spider,0,0,3,0,https://www.inaturalist.org/observations/220240533,"2024-08-12 03:54:04"
13496,164314,spider,species,"Synema parvulum",spider,0,0,3,0,https://www.inaturalist.org/observations/220238544,"2024-08-12 03:54:04"
13497,164096,truebugs,species,"Elasmostethus cruciatus",truebugs,0,0,2,0,https://www.inaturalist.org/observations/219822038,"2024-08-12 03:54:04"
13498,164065,beetle,species,"Otiorhynchus singularis",beetle,0,0,3,0,https://www.inaturalist.org/observations/219810540,"2024-08-12 03:54:04"
13499,163262,caterpillar,species,"Epimecis hortaria",caterpillar,0,0,2,0,https://www.inaturalist.org/observations/219785050,"2024-08-12 03:57:04"
13500,163988,beetle,family,Elateridae,beetle,0,0,2,0,https://www.inaturalist.org/observations/219760114,"2024-08-12 03:57:04"
13501,163976,beetle,family,Cantharidae,beetle,0,0,2,0,https://www.inaturalist.org/observations/219752810,"2024-08-12 03:57:04"
13502,163974,fly,genus,Rhagio,fly,0,0,2,0,https://www.inaturalist.org/observations/219752070,"2024-08-12 03:57:04"
13503,163971,truebugs,genus,Hoplistoscelis,truebugs,0,0,2,0,https://www.inaturalist.org/observations/219751267,"2024-08-12 03:57:04"
13504,163660,leafhopper,tribe,Ceresini,leafhopper,0,0,2,0,https://www.inaturalist.org/observations/219565929,"2024-08-12 04:00:07"
13505,163658,bee,subclass,Pterygota,fly,0,0,2,1,https://www.inaturalist.org/observations/219565399,"2024-08-12 04:00:07"
13506,163613,beetle,genus,Dichelonyx,beetle,0,0,2,0,https://www.inaturalist.org/observations/219561711,"2024-08-12 04:00:07"
13507,163596,beetle,genus,Psyllobora,beetle,0,0,2,0,https://www.inaturalist.org/observations/219559152,"2024-08-12 04:00:07"
13508,163519,leafhopper,species,"Ormenoides venusta",leafhopper,0,0,2,0,https://www.inaturalist.org/observations/219550406,"2024-08-12 04:00:07"
13509,163491,leafhopper,species,"Ormenoides venusta",leafhopper,0,0,2,0,https://www.inaturalist.org/observations/219548805,"2024-08-12 04:00:07"
13510,163478,leafhopper,subgenus,Graphocephala,leafhopper,0,0,3,0,https://www.inaturalist.org/observations/219543865,"2024-08-12 04:03:09"
13511,163477,leafhopper,tribe,Gyponini,leafhopper,0,0,2,0,https://www.inaturalist.org/observations/219543259,"2024-08-12 04:03:09"
13512,163435,leafhopper,species,"Flatormenis proxima",leafhopper,0,0,2,0,https://www.inaturalist.org/observations/219536876,"2024-08-12 04:03:09"
13513,163407,leafhopper,tribe,Nephesini,leafhopper,0,0,2,0,https://www.inaturalist.org/observations/219529050,"2024-08-12 04:03:09"
13514,163404,leafhopper,tribe,Nephesini,leafhopper,0,0,2,0,https://www.inaturalist.org/observations/219527281,"2024-08-12 04:03:09"
13515,163403,leafhopper,tribe,Gyponini,leafhopper,0,0,2,0,https://www.inaturalist.org/observations/219526807,"2024-08-12 04:03:09"
13516,163227,caterpillar,subclass,Pterygota,bee,0,1,2,1,https://www.inaturalist.org/observations/219405757,"2024-08-12 04:06:06"
13517,163122,beetle,family,Pentatomidae,truebugs,0,0,3,1,https://www.inaturalist.org/observations/219348195,"2024-08-12 04:06:06"
13518,163044,leafhopper,complex,"Enchenopa binotata",leafhopper,0,0,4,0,https://www.inaturalist.org/observations/219333241,"2024-08-12 04:09:06"
13519,162975,beetle,suborder,Polyphaga,beetle,0,0,2,0,https://www.inaturalist.org/observations/219326591,"2024-08-12 04:09:06"
13520,162945,leafhopper,species,"Flatormenis proxima",leafhopper,0,0,2,0,https://www.inaturalist.org/observations/219321461,"2024-08-12 04:09:06"
13521,162887,leafhopper,species,"Flatormenis proxima",leafhopper,0,0,2,0,https://www.inaturalist.org/observations/219313436,"2024-08-12 04:09:06"
13522,162858,leafhopper,tribe,Gyponini,leafhopper,0,0,2,0,https://www.inaturalist.org/observations/219310411,"2024-08-12 04:09:06"
13524,162570,leafhopper,species,"Platycotis vittata",leafhopper,0,0,2,0,https://www.inaturalist.org/observations/219177608,"2024-08-12 04:12:06"
13525,162562,leafhopper,species,"Oncopsis abietis",leafhopper,0,0,2,0,https://www.inaturalist.org/observations/219176571,"2024-08-12 04:12:06"
13526,162545,beetle,superfamily,Tenebrionoidea,beetle,0,0,2,0,https://www.inaturalist.org/observations/219174375,"2024-08-12 04:12:06"
13527,162454,moths,species,"Apantesis virgo",caterpillar,0,0,3,0,https://www.inaturalist.org/observations/219167264,"2024-08-12 04:12:06"
13528,162435,leafhopper,species,"Japananus hyalinus",leafhopper,0,0,2,0,https://www.inaturalist.org/observations/219162432,"2024-08-12 04:12:06"
13529,162423,leafhopper,species,"Flatormenis proxima",leafhopper,0,0,2,0,https://www.inaturalist.org/observations/219158594,"2024-08-12 04:12:06"
13530,162408,leafhopper,species,"Flatormenis proxima",leafhopper,0,0,2,0,https://www.inaturalist.org/observations/219154412,"2024-08-12 04:15:05"
13531,162407,leafhopper,species,"Thionia quinquata",leafhopper,0,0,2,0,https://www.inaturalist.org/observations/219153877,"2024-08-12 04:15:05"
13532,162401,leafhopper,species,"Thionia quinquata",leafhopper,0,0,2,0,https://www.inaturalist.org/observations/219152272,"2024-08-12 04:15:05"
13533,162307,leafhopper,genus,Thionia,leafhopper,0,0,2,0,https://www.inaturalist.org/observations/219128948,"2024-08-12 04:15:05"
13534,162291,fly,subclass,Pterygota,Psocodea,0,0,2,1,https://www.inaturalist.org/observations/219123451,"2024-08-12 04:18:05"
13535,162273,leafhopper,genus,Stictocephala,leafhopper,0,0,2,0,https://www.inaturalist.org/observations/219118608,"2024-08-12 04:18:05"
13536,162267,leafhopper,species,"Flatormenis proxima",leafhopper,0,0,2,0,https://www.inaturalist.org/observations/219116278,"2024-08-12 04:18:05"
13537,162261,leafhopper,species,"Oncometopia orbona",leafhopper,0,0,2,0,https://www.inaturalist.org/observations/219112800,"2024-08-12 04:18:05"
13538,162236,leafhopper,species,"Thionia quinquata",leafhopper,0,0,2,0,https://www.inaturalist.org/observations/219106211,"2024-08-12 04:18:05"
13539,162227,leafhopper,species,"Jikradia olitoria",leafhopper,0,0,2,0,https://www.inaturalist.org/observations/219103619,"2024-08-12 04:18:05"
13540,162226,leafhopper,genus,Thionia,leafhopper,0,0,2,0,https://www.inaturalist.org/observations/219103111,"2024-08-12 04:18:05"
13541,162212,leafhopper,species,"Flatormenis proxima",leafhopper,0,0,2,0,https://www.inaturalist.org/observations/219100808,"2024-08-12 04:18:05"
13542,159654,caterpillar,species,"Lymantria dispar",caterpillar,0,0,3,0,https://www.inaturalist.org/observations/216837758,"2024-08-12 04:57:05"
13543,159549,caterpillar,family,Geometridae,caterpillar,0,0,2,0,https://www.inaturalist.org/observations/216787347,"2024-08-12 05:03:06"
13544,159294,caterpillar,species,"Morrisonia confusa",caterpillar,0,0,2,0,https://www.inaturalist.org/observations/216307333,"2024-08-12 05:06:05"
13545,147286,other,species,"Mystacides sepulchralis",Trichoptera,0,0,2,0,https://www.inaturalist.org/observations/171387791,"2024-08-12 08:33:05"
13546,143057,beetle,family,Chrysomelidae,beetle,0,0,2,0,https://www.inaturalist.org/observations/168496148,"2024-08-12 09:45:04"
13547,168832,other,species,"Oxidus gracilis",Polydesmida,0,0,2,0,https://www.inaturalist.org/observations/222955536,"2024-08-12 02:51:04"
13548,168810,spider,species,"Misumenoides formosipes",spider,0,0,3,0,https://www.inaturalist.org/observations/222955018,"2024-08-12 02:54:05"
13549,168787,truebugs,superfamily,Pentatomoidea,truebugs,0,0,2,0,https://www.inaturalist.org/observations/222921959,"2024-08-12 02:54:05"
13550,168760,beetle,species,"Saperda candida",beetle,0,0,3,0,https://www.inaturalist.org/observations/222908355,"2024-08-12 02:54:05"
13551,168749,unidentified,genus,Scudderia,grasshopper,0,0,2,0,https://www.inaturalist.org/observations/222902771,"2024-08-12 02:54:05"
13552,168718,leafhopper,species,"Oncopsis abietis",leafhopper,0,0,2,0,https://www.inaturalist.org/observations/222893890,"2024-08-12 02:54:05"
13553,167830,spider,tribe,Misumenini,spider,0,0,2,0,https://www.inaturalist.org/observations/222686348,"2024-08-12 02:57:05"
13554,167828,spider,tribe,Misumenini,spider,0,0,3,0,https://www.inaturalist.org/observations/222685053,"2024-08-12 02:57:05"
13555,168469,caterpillar,superfamily,Noctuoidea,caterpillar,0,0,2,0,https://www.inaturalist.org/observations/222675680,"2024-08-12 02:57:05"
13556,168448,caterpillar,superfamily,Noctuoidea,caterpillar,0,0,2,0,https://www.inaturalist.org/observations/222675066,"2024-08-12 02:57:05"
13557,168437,leafhopper,tribe,Gyponini,leafhopper,0,0,2,0,https://www.inaturalist.org/observations/222673980,"2024-08-12 02:57:05"
13558,168436,moths,species,"Dyspteris abortivaria",moths,0,0,3,0,https://www.inaturalist.org/observations/222673466,"2024-08-12 02:57:05"
13559,168424,other,family,Hemerobiidae,Neuroptera,0,0,2,0,https://www.inaturalist.org/observations/222670793,"2024-08-12 02:57:05"
13560,168420,spider,subfamily,Salticinae,spider,0,0,2,0,https://www.inaturalist.org/observations/222669564,"2024-08-12 02:57:05"
13561,168418,caterpillar,family,Geometridae,caterpillar,0,0,2,0,https://www.inaturalist.org/observations/222668810,"2024-08-12 02:57:05"
13562,168411,spider,tribe,Misumenini,spider,0,0,2,0,https://www.inaturalist.org/observations/222666483,"2024-08-12 02:57:05"
13563,168406,bee,family,Argidae,bee,0,1,2,0,https://www.inaturalist.org/observations/222664677,"2024-08-12 03:00:05"
13564,168441,caterpillar,subfamily,Lymantriinae,caterpillar,0,0,2,0,https://www.inaturalist.org/observations/222662793,"2024-08-12 03:00:05"
13565,168401,leafhopper,genus,Acanalonia,leafhopper,0,0,2,0,https://www.inaturalist.org/observations/222662178,"2024-08-12 03:00:05"
13566,168388,leafhopper,genus,Acanalonia,leafhopper,0,0,2,0,https://www.inaturalist.org/observations/222658250,"2024-08-12 03:00:05"
13567,168383,aphid,superfamily,Psylloidea,aphid,0,0,2,0,https://www.inaturalist.org/observations/222655696,"2024-08-12 03:00:05"
13568,168377,beetle,genus,Agrilus,beetle,0,0,2,0,https://www.inaturalist.org/observations/222652851,"2024-08-12 03:00:05"
13569,168372,caterpillar,family,Notodontidae,caterpillar,0,0,2,0,https://www.inaturalist.org/observations/222651111,"2024-08-12 03:00:05"
13570,168364,spider,genus,Parasteatoda,spider,0,0,2,0,https://www.inaturalist.org/observations/222648715,"2024-08-12 03:00:05"
13571,168363,ant,complex,"Formica fusca",ant,0,0,2,0,https://www.inaturalist.org/observations/222648197,"2024-08-12 03:00:05"
13572,168357,beetle,superfamily,Elateroidea,beetle,0,0,2,0,https://www.inaturalist.org/observations/222646922,"2024-08-12 03:00:05"
13573,168303,leafhopper,species,"Flatormenis proxima",leafhopper,0,0,2,0,https://www.inaturalist.org/observations/222635726,"2024-08-12 03:03:05"
13574,168300,beetle,species,"Photinus pyralis",beetle,0,0,3,0,https://www.inaturalist.org/observations/222634213,"2024-08-12 03:03:05"
13575,168273,spider,family,Anyphaenidae,spider,0,0,2,0,https://www.inaturalist.org/observations/222548852,"2024-08-12 03:03:05"
13576,168265,beetle,family,Aderidae,beetle,0,0,2,0,https://www.inaturalist.org/observations/222501863,"2024-08-12 03:03:05"
13577,168044,spider,species,"Hentzia mitrata",spider,0,0,2,0,https://www.inaturalist.org/observations/222457570,"2024-08-12 03:03:05"
13578,168034,beetle,family,Mordellidae,beetle,0,0,2,0,https://www.inaturalist.org/observations/222455136,"2024-08-12 03:03:05"
13579,168025,fly,family,Dolichopodidae,fly,0,0,2,0,https://www.inaturalist.org/observations/222452898,"2024-08-12 03:03:05"
13580,168017,bee,genus,Caliroa,bee,0,1,2,0,https://www.inaturalist.org/observations/222450388,"2024-08-12 03:03:05"
13581,168016,bee,genus,Caliroa,bee,0,1,2,0,https://www.inaturalist.org/observations/222449811,"2024-08-12 03:06:06"
13582,168015,caterpillar,family,Geometridae,caterpillar,0,0,2,0,https://www.inaturalist.org/observations/222449250,"2024-08-12 03:06:07"
13583,168014,leafhopper,genus,Thionia,leafhopper,0,0,2,0,https://www.inaturalist.org/observations/222448712,"2024-08-12 03:06:09"
13584,168006,beetle,family,Elateridae,beetle,0,0,2,0,https://www.inaturalist.org/observations/222446632,"2024-08-12 03:06:10"
13585,168005,leafhopper,species,"Oncometopia orbona",leafhopper,0,0,2,0,https://www.inaturalist.org/observations/222446083,"2024-08-12 03:06:10"
13586,168000,ant,complex,"Formica pallidefulva",ant,0,0,2,0,https://www.inaturalist.org/observations/222444414,"2024-08-12 03:06:10"
13587,167993,fly,family,Dolichopodidae,fly,0,0,2,0,https://www.inaturalist.org/observations/222442939,"2024-08-12 03:06:10"
13588,167991,caterpillar,family,Geometridae,caterpillar,0,0,2,0,https://www.inaturalist.org/observations/222442481,"2024-08-12 03:06:10"
13589,167987,leafhopper,species,"Ponana quadralaba",leafhopper,0,0,3,0,https://www.inaturalist.org/observations/222441400,"2024-08-12 03:06:10"
13590,167986,leafhopper,species,"Flatormenis proxima",leafhopper,0,0,4,0,https://www.inaturalist.org/observations/222440869,"2024-08-12 03:06:10"
13591,167969,leafhopper,species,"Ormenoides venusta",leafhopper,0,0,2,0,https://www.inaturalist.org/observations/222437363,"2024-08-12 03:06:10"
13592,167944,leafhopper,genus,Magicicada,leafhopper,0,0,3,0,https://www.inaturalist.org/observations/222431176,"2024-08-12 03:06:10"
13593,167925,spider,tribe,Misumenini,spider,0,0,3,0,https://www.inaturalist.org/observations/222427648,"2024-08-12 03:06:10"
13594,167919,ant,species,"Tapinoma sessile",ant,0,0,2,0,https://www.inaturalist.org/observations/222427273,"2024-08-12 03:06:10"
13595,167918,beetle,genus,Macratria,beetle,0,0,2,0,https://www.inaturalist.org/observations/222426887,"2024-08-12 03:06:10"
13596,167915,beetle,genus,Macratria,beetle,0,0,2,0,https://www.inaturalist.org/observations/222426027,"2024-08-12 03:06:10"
13597,167914,spider,species,"Synema parvulum",spider,0,0,3,0,https://www.inaturalist.org/observations/222425580,"2024-08-12 03:06:10"
13598,167911,ant,species,"Prenolepis imparis",ant,0,0,2,0,https://www.inaturalist.org/observations/222424850,"2024-08-12 03:06:10"
13599,167908,ant,species,"Prenolepis imparis",ant,0,0,2,0,https://www.inaturalist.org/observations/222423786,"2024-08-12 03:09:04"
13600,167907,beetle,family,Mordellidae,beetle,0,0,2,0,https://www.inaturalist.org/observations/222423520,"2024-08-12 03:09:04"
13601,167905,caterpillar,family,Geometridae,caterpillar,0,0,2,0,https://www.inaturalist.org/observations/222422761,"2024-08-12 03:09:04"
13602,167886,unidentified,order,Hemiptera,truebugs,0,0,1,0,https://www.inaturalist.org/observations/222349973,"2024-08-12 03:09:04"
13603,167883,unidentified,order,Psocodea,Psocodea,0,0,1,0,https://www.inaturalist.org/observations/222348669,"2024-08-12 03:09:04"
13604,167861,unidentified,order,Diptera,fly,0,0,1,0,https://www.inaturalist.org/observations/222344971,"2024-08-12 03:09:04"
13605,167859,beetle,family,Coccinellidae,beetle,1,0,2,0,https://www.inaturalist.org/observations/222344461,"2024-08-12 03:09:04"
13606,167848,unidentified,family,Aphididae,aphid,0,0,1,0,https://www.inaturalist.org/observations/222342475,"2024-08-12 03:09:04"
13607,167800,caterpillar,order,Lepidoptera,caterpillar,0,0,2,0,https://www.inaturalist.org/observations/222319462,"2024-08-12 03:09:04"
13608,167786,caterpillar,family,Noctuidae,caterpillar,0,0,2,0,https://www.inaturalist.org/observations/222318882,"2024-08-12 03:09:04"
13609,167784,caterpillar,superfamily,Noctuoidea,caterpillar,0,0,2,0,https://www.inaturalist.org/observations/222318405,"2024-08-12 03:09:04"
13610,167773,caterpillar,species,"Orgyia leucostigma",caterpillar,0,0,3,0,https://www.inaturalist.org/observations/222317765,"2024-08-12 03:09:04"
13611,167760,ant,species,"Camponotus subbarbatus",ant,0,0,2,0,https://www.inaturalist.org/observations/222315477,"2024-08-12 03:09:04"
13612,167757,beetle,suborder,Heteroptera,truebugs,0,0,3,1,https://www.inaturalist.org/observations/222313799,"2024-08-12 03:09:04"
13613,167756,beetle,suborder,Auchenorrhyncha,leafhopper,0,0,3,1,https://www.inaturalist.org/observations/222313279,"2024-08-12 03:09:04"
13614,167745,ant,species,"Camponotus subbarbatus",ant,0,0,3,0,https://www.inaturalist.org/observations/222311019,"2024-08-12 03:09:04"
13615,167738,beetle,species,"Lycorma delicatula",leafhopper,0,0,3,1,https://www.inaturalist.org/observations/222310337,"2024-08-12 03:09:04"
13616,167690,spider,infraorder,Entelegynae,spider,0,0,2,0,https://www.inaturalist.org/observations/222303120,"2024-08-12 03:12:04"
13617,167689,beetle,genus,Paria,beetle,0,0,2,0,https://www.inaturalist.org/observations/222302293,"2024-08-12 03:12:04"
13618,167687,caterpillar,family,Geometridae,caterpillar,0,0,2,0,https://www.inaturalist.org/observations/222301766,"2024-08-12 03:12:04"
13619,167661,fly,genus,Macrocera,fly,0,0,2,0,https://www.inaturalist.org/observations/222296500,"2024-08-12 03:12:04"
13620,167655,beetle,species,"Pseudoedophrys hilleri",beetle,0,0,2,0,https://www.inaturalist.org/observations/222295285,"2024-08-12 03:12:04"
13621,167652,spider,species,"Eustala anastera",spider,0,0,2,0,https://www.inaturalist.org/observations/222294183,"2024-08-12 03:12:04"
13622,167648,leafhopper,species,"Japananus hyalinus",leafhopper,0,0,2,0,https://www.inaturalist.org/observations/222293558,"2024-08-12 03:12:04"
13623,167642,spider,species,"Wulfila albens",spider,0,0,2,0,https://www.inaturalist.org/observations/222291959,"2024-08-12 03:12:04"
13624,167641,spider,subfamily,Araneinae,spider,0,0,2,0,https://www.inaturalist.org/observations/222291431,"2024-08-12 03:12:04"
13625,167635,spider,species,"Verrucosa arenata",spider,0,0,4,0,https://www.inaturalist.org/observations/222290140,"2024-08-12 03:12:04"
13626,167634,leafhopper,genus,Thionia,leafhopper,0,0,2,0,https://www.inaturalist.org/observations/222289536,"2024-08-12 03:12:04"
13627,167623,leafhopper,species,"Ormenoides venusta",leafhopper,0,0,2,0,https://www.inaturalist.org/observations/222288840,"2024-08-12 03:12:04"
13628,167620,leafhopper,species,"Flatormenis proxima",leafhopper,0,0,2,0,https://www.inaturalist.org/observations/222287064,"2024-08-12 03:12:04"
13629,167617,leafhopper,species,"Graphocephala versuta",leafhopper,0,0,3,0,https://www.inaturalist.org/observations/222285619,"2024-08-12 03:12:04"
13630,167613,truebugs,superfamily,Pentatomoidea,truebugs,0,0,2,0,https://www.inaturalist.org/observations/222284954,"2024-08-12 03:12:04"
13631,167608,leafhopper,species,"Ormenoides venusta",leafhopper,0,0,2,0,https://www.inaturalist.org/observations/222283732,"2024-08-12 03:12:04"
13632,167603,spider,subfamily,Araneinae,spider,0,0,2,0,https://www.inaturalist.org/observations/222283130,"2024-08-12 03:12:04"
13633,167602,bee,species,"Vespula maculifrons",bee,0,0,4,0,https://www.inaturalist.org/observations/222282454,"2024-08-12 03:12:04"
13634,167592,leafhopper,species,"Thionia bullata",leafhopper,0,0,2,0,https://www.inaturalist.org/observations/222279433,"2024-08-12 03:12:04"
13635,167584,spider,species,"Paraphidippus aurantius",spider,0,0,2,0,https://www.inaturalist.org/observations/222278313,"2024-08-12 03:12:04"
13636,167578,leafhopper,species,"Jikradia olitoria",leafhopper,0,0,2,0,https://www.inaturalist.org/observations/222276981,"2024-08-12 03:12:04"
13637,167577,leafhopper,species,"Thionia bullata",leafhopper,0,0,2,0,https://www.inaturalist.org/observations/222276287,"2024-08-12 03:12:04"
13638,167567,leafhopper,species,"Flatormenis proxima",leafhopper,0,0,2,0,https://www.inaturalist.org/observations/222275211,"2024-08-12 03:12:04"
13639,167564,spider,species,"Metepeira labyrinthea",spider,0,0,2,0,https://www.inaturalist.org/observations/222274674,"2024-08-12 03:15:05"
13640,167558,leafhopper,species,"Acanalonia bivittata",leafhopper,0,0,2,0,https://www.inaturalist.org/observations/222273990,"2024-08-12 03:15:05"
13641,167554,caterpillar,species,"Malacosoma americana",caterpillar,0,0,3,0,https://www.inaturalist.org/observations/222272829,"2024-08-12 03:15:05"
13642,167549,moths,species,"Alsophila pometaria",moths,0,0,2,0,https://www.inaturalist.org/observations/222272237,"2024-08-12 03:15:05"
13643,167529,spider,zoosection,"Rta clade",spider,0,0,2,0,https://www.inaturalist.org/observations/222269076,"2024-08-12 03:15:05"
13644,167518,beetle,family,Scarabaeidae,beetle,0,0,2,0,https://www.inaturalist.org/observations/222267855,"2024-08-12 03:15:05"
13645,167515,leafhopper,species,"Ormenoides venusta",leafhopper,0,0,2,0,https://www.inaturalist.org/observations/222266740,"2024-08-12 03:15:05"
13646,167512,truebugs,family,Curculionidae,beetle,0,0,3,1,https://www.inaturalist.org/observations/222265553,"2024-08-12 03:15:05"
13647,167506,spider,tribe,Coriarachnini,spider,0,0,2,0,https://www.inaturalist.org/observations/222264287,"2024-08-12 03:15:05"
13648,167481,leafhopper,species,"Stictocephala militaris",leafhopper,0,0,2,0,https://www.inaturalist.org/observations/222260381,"2024-08-12 03:15:05"
13649,167465,truebugs,species,"Hyaliodes harti",truebugs,0,0,2,0,https://www.inaturalist.org/observations/222255353,"2024-08-12 03:15:05"
13650,167459,leafhopper,species,"Flatormenis proxima",leafhopper,0,0,2,0,https://www.inaturalist.org/observations/222254781,"2024-08-12 03:15:05"
13651,167458,leafhopper,species,"Stictocephala militaris",leafhopper,0,0,2,0,https://www.inaturalist.org/observations/222253948,"2024-08-12 03:15:05"
13652,167454,leafhopper,species,"Thionia bullata",leafhopper,0,0,2,0,https://www.inaturalist.org/observations/222252729,"2024-08-12 03:15:05"
13653,167453,leafhopper,tribe,Nephesini,leafhopper,0,0,2,0,https://www.inaturalist.org/observations/222252193,"2024-08-12 03:15:05"
13654,167434,leafhopper,species,"Flatormenis proxima",leafhopper,0,0,2,0,https://www.inaturalist.org/observations/222247740,"2024-08-12 03:15:05"
13655,167433,leafhopper,species,"Thionia bullata",leafhopper,0,0,2,0,https://www.inaturalist.org/observations/222247158,"2024-08-12 03:15:05"
13656,167431,leafhopper,species,"Ormenoides venusta",leafhopper,0,0,2,0,https://www.inaturalist.org/observations/222246065,"2024-08-12 03:15:05"
13657,167430,leafhopper,species,"Ormenoides venusta",leafhopper,0,0,2,0,https://www.inaturalist.org/observations/222245417,"2024-08-12 03:18:04"
13658,167415,leafhopper,species,"Flatormenis proxima",leafhopper,0,0,2,0,https://www.inaturalist.org/observations/222242555,"2024-08-12 03:18:04"
13659,167403,leafhopper,species,"Thionia bullata",leafhopper,0,0,2,0,https://www.inaturalist.org/observations/222241471,"2024-08-12 03:18:04"
13660,167402,leafhopper,species,"Prosapia bicincta",leafhopper,0,0,3,0,https://www.inaturalist.org/observations/222240939,"2024-08-12 03:18:04"
13661,167399,leafhopper,species,"Flatormenis proxima",leafhopper,0,0,2,0,https://www.inaturalist.org/observations/222239925,"2024-08-12 03:18:04"
13662,167398,leafhopper,species,"Flatormenis proxima",leafhopper,0,0,2,0,https://www.inaturalist.org/observations/222239474,"2024-08-12 03:18:04"
13663,167387,leafhopper,tribe,Thioniini,leafhopper,0,0,2,0,https://www.inaturalist.org/observations/222237672,"2024-08-12 03:18:04"
13664,167385,leafhopper,species,"Flatormenis proxima",leafhopper,0,0,2,0,https://www.inaturalist.org/observations/222237137,"2024-08-12 03:18:04"
13665,167379,leafhopper,species,"Flatormenis proxima",leafhopper,0,0,2,0,https://www.inaturalist.org/observations/222236108,"2024-08-12 03:18:04"
13666,167366,leafhopper,species,"Flatormenis proxima",leafhopper,0,0,2,0,https://www.inaturalist.org/observations/222233916,"2024-08-12 03:18:04"
13667,167356,leafhopper,species,"Flatormenis proxima",leafhopper,0,0,2,0,https://www.inaturalist.org/observations/222232877,"2024-08-12 03:18:04"
13668,167354,leafhopper,species,"Flatormenis proxima",leafhopper,0,0,2,0,https://www.inaturalist.org/observations/222232304,"2024-08-12 03:18:04"
13669,167351,leafhopper,species,"Flatormenis proxima",leafhopper,0,0,2,0,https://www.inaturalist.org/observations/222231734,"2024-08-12 03:18:04"
13670,167349,leafhopper,tribe,Nephesini,leafhopper,0,0,2,0,https://www.inaturalist.org/observations/222230723,"2024-08-12 03:18:04"
13671,167348,leafhopper,species,"Ormenoides venusta",leafhopper,0,0,2,0,https://www.inaturalist.org/observations/222230220,"2024-08-12 03:18:04"
13672,167273,fly,subfamily,Sciapodinae,fly,0,0,2,0,https://www.inaturalist.org/observations/222116499,"2024-08-12 03:18:04"
13673,167266,caterpillar,species,"Cecrita guttivitta",caterpillar,0,0,4,0,https://www.inaturalist.org/observations/222113363,"2024-08-12 03:18:04"
13674,167256,bee,family,Braconidae,bee,0,0,2,0,https://www.inaturalist.org/observations/222110725,"2024-08-12 03:18:04"
13675,167207,caterpillar,family,Geometridae,caterpillar,0,0,2,0,https://www.inaturalist.org/observations/222078890,"2024-08-12 03:21:05"
13676,167197,caterpillar,family,Geometridae,caterpillar,0,0,2,0,https://www.inaturalist.org/observations/222077843,"2024-08-12 03:21:05"
13677,167127,caterpillar,order,Lepidoptera,caterpillar,0,0,1,0,https://www.inaturalist.org/observations/222066220,"2024-08-12 03:21:05"
13678,167108,beetle,species,"Cyrtepistomus castaneus",beetle,0,0,2,0,https://www.inaturalist.org/observations/222065642,"2024-08-12 03:21:05"
13679,166994,beetle,family,Mordellidae,beetle,0,0,2,0,https://www.inaturalist.org/observations/222059010,"2024-08-12 03:21:05"
13680,166992,beetle,species,"Cyrtepistomus castaneus",beetle,0,0,2,0,https://www.inaturalist.org/observations/222057821,"2024-08-12 03:21:05"
13681,166981,leafhopper,tribe,Nephesini,leafhopper,0,0,2,0,https://www.inaturalist.org/observations/222053689,"2024-08-12 03:21:05"
13682,166970,beetle,species,"Cyrtepistomus castaneus",beetle,0,0,2,0,https://www.inaturalist.org/observations/222050590,"2024-08-12 03:21:05"
13683,166967,beetle,species,"Cyrtepistomus castaneus",beetle,0,0,2,0,https://www.inaturalist.org/observations/222050010,"2024-08-12 03:21:05"
13684,166945,leafhopper,genus,Acanalonia,leafhopper,0,0,2,0,https://www.inaturalist.org/observations/222045364,"2024-08-12 03:21:05"
13685,166922,spider,infraorder,Entelegynae,spider,0,0,3,0,https://www.inaturalist.org/observations/222038511,"2024-08-12 03:24:05"
13686,166913,ant,species,"Camponotus pennsylvanicus",ant,0,0,2,0,https://www.inaturalist.org/observations/222036422,"2024-08-12 03:24:05"
13687,166912,beetle,family,Elateridae,beetle,0,0,2,0,https://www.inaturalist.org/observations/222035882,"2024-08-12 03:24:05"
13688,166897,beetle,family,Elateridae,beetle,0,0,2,0,https://www.inaturalist.org/observations/222031870,"2024-08-12 03:24:05"
13689,166893,beetle,species,"Cyrtepistomus castaneus",beetle,0,0,2,0,https://www.inaturalist.org/observations/222029773,"2024-08-12 03:24:05"
13690,166890,other,genus,Acroneuria,Plecoptera,0,0,1,0,https://www.inaturalist.org/observations/222028668,"2024-08-12 03:24:05"
13691,166879,beetle,species,"Pseudoedophrys hilleri",beetle,0,0,2,0,https://www.inaturalist.org/observations/222026581,"2024-08-12 03:24:05"
13692,166878,beetle,species,"Pseudoedophrys hilleri",beetle,0,0,2,0,https://www.inaturalist.org/observations/222026094,"2024-08-12 03:24:05"
13693,166877,caterpillar,family,Geometridae,caterpillar,0,0,2,0,https://www.inaturalist.org/observations/222025618,"2024-08-12 03:24:05"
13694,166870,beetle,family,Mordellidae,beetle,0,0,2,0,https://www.inaturalist.org/observations/222024648,"2024-08-12 03:24:05"
13695,166867,caterpillar,family,Geometridae,caterpillar,0,0,2,0,https://www.inaturalist.org/observations/222024177,"2024-08-12 03:24:05"
13696,166792,moths,species,"Argyrotaenia quercifoliana",moths,0,0,3,0,https://www.inaturalist.org/observations/221877494,"2024-08-12 03:24:05"
13697,166791,beetle,species,"Psyllobora vigintimaculata",beetle,0,0,4,0,https://www.inaturalist.org/observations/221868787,"2024-08-12 03:24:05"
13698,166751,grasshopper,order,Mantodea,Mantodea,0,0,3,1,https://www.inaturalist.org/observations/221853678,"2024-08-12 03:24:05"
13699,166740,leafhopper,suborder,Hemerobiiformia,Neuroptera,0,0,4,1,https://www.inaturalist.org/observations/221852512,"2024-08-12 03:24:05"
13700,166737,bee,order,Psocodea,Psocodea,0,0,3,1,https://www.inaturalist.org/observations/221851891,"2024-08-12 03:24:05"
13701,166734,bee,epifamily,Anthophila,bee,0,0,2,0,https://www.inaturalist.org/observations/221850588,"2024-08-12 03:24:05"
13702,166729,moths,species,"Cydia pomonella",moths,0,0,3,0,https://www.inaturalist.org/observations/221850078,"2024-08-12 03:24:05"
13703,166713,caterpillar,family,Geometridae,caterpillar,0,0,2,0,https://www.inaturalist.org/observations/221846066,"2024-08-12 03:27:05"
13704,166701,bee,subclass,Pterygota,beetle,0,0,2,1,https://www.inaturalist.org/observations/221844515,"2024-08-12 03:27:05"
13705,166700,unidentified,suborder,Auchenorrhyncha,leafhopper,0,0,1,0,https://www.inaturalist.org/observations/221843972,"2024-08-12 03:27:05"
13706,166691,beetle,family,Mordellidae,beetle,0,0,2,0,https://www.inaturalist.org/observations/221839516,"2024-08-12 03:27:05"
13707,166690,spider,genus,Tmarus,spider,0,0,3,0,https://www.inaturalist.org/observations/221838912,"2024-08-12 03:27:05"
13708,166669,caterpillar,family,Noctuidae,caterpillar,0,0,2,0,https://www.inaturalist.org/observations/221835254,"2024-08-12 03:27:05"
13709,166662,caterpillar,order,Lepidoptera,caterpillar,0,0,1,0,https://www.inaturalist.org/observations/221833076,"2024-08-12 03:27:05"
13710,166660,beetle,superfamily,Elateroidea,beetle,0,0,2,0,https://www.inaturalist.org/observations/221831967,"2024-08-12 03:27:05"
13711,166656,leafhopper,genus,Magicicada,leafhopper,0,0,3,0,https://www.inaturalist.org/observations/221830086,"2024-08-12 03:27:05"
13712,166645,spider,species,"Verrucosa arenata",spider,0,0,3,0,https://www.inaturalist.org/observations/221827140,"2024-08-12 03:27:05"
13713,166623,spider,species,"Wulfila albens",spider,0,0,3,0,https://www.inaturalist.org/observations/221821919,"2024-08-12 03:27:05"
13714,166617,truebugs,genus,Acanthocephala,truebugs,0,0,2,0,https://www.inaturalist.org/observations/221819495,"2024-08-12 03:27:05"
13715,166611,grasshopper,species,"Phyllopalpus pulchellus",grasshopper,0,0,3,0,https://www.inaturalist.org/observations/221818921,"2024-08-12 03:27:05"
13716,166593,other,order,Entomobryomorpha,Entomobryomorpha,0,0,1,0,https://www.inaturalist.org/observations/221815330,"2024-08-12 03:30:04"
13717,166592,other,order,Entomobryomorpha,Entomobryomorpha,0,0,1,0,https://www.inaturalist.org/observations/221814719,"2024-08-12 03:30:04"
13718,166591,other,species,"Valenzuela flavidus",Psocodea,0,0,2,0,https://www.inaturalist.org/observations/221814136,"2024-08-12 03:30:04"
13719,166585,aphid,family,Aphididae,aphid,0,0,2,0,https://www.inaturalist.org/observations/221813568,"2024-08-12 03:30:04"
13720,166556,other,superfamily,Tomoceroidea,Entomobryomorpha,0,0,1,0,https://www.inaturalist.org/observations/221812672,"2024-08-12 03:30:04"
13721,166554,moths,species,"Platycotis vittata",leafhopper,0,0,4,1,https://www.inaturalist.org/observations/221812121,"2024-08-12 03:30:04"
13722,166535,other,order,Entomobryomorpha,Entomobryomorpha,0,0,1,0,https://www.inaturalist.org/observations/221808354,"2024-08-12 03:30:04"
13723,166531,caterpillar,species,"Morrisonia confusa",caterpillar,0,0,3,0,https://www.inaturalist.org/observations/221806719,"2024-08-12 03:30:04"
13724,166528,spider,genus,Wulfila,spider,0,0,2,0,https://www.inaturalist.org/observations/221805247,"2024-08-12 03:30:04"
13725,166522,leafhopper,species,"Platycotis vittata",leafhopper,0,0,2,0,https://www.inaturalist.org/observations/221803862,"2024-08-12 03:30:04"
13726,166457,beetle,species,"Popillia japonica",beetle,0,0,3,0,https://www.inaturalist.org/observations/221681578,"2024-08-12 03:30:04"
13727,166437,spider,subfamily,Salticinae,spider,0,0,2,0,https://www.inaturalist.org/observations/221422025,"2024-08-12 03:30:04"
13728,166363,fly,genus,Anotia,leafhopper,0,0,3,1,https://www.inaturalist.org/observations/221375514,"2024-08-12 03:30:04"
13729,166105,aphid,subfamily,Coccinae,aphid,0,0,2,0,https://www.inaturalist.org/observations/221220599,"2024-08-12 03:33:04"
13730,166044,beetle,genus,Pyractomena,beetle,0,0,3,0,https://www.inaturalist.org/observations/221189413,"2024-08-12 03:33:04"
13731,166228,leafhopper,genus,Oncopsis,leafhopper,0,0,2,0,https://www.inaturalist.org/observations/221129775,"2024-08-12 03:36:05"
13732,166216,leafhopper,species,"Oncopsis abietis",leafhopper,0,0,2,0,https://www.inaturalist.org/observations/221129278,"2024-08-12 03:36:05"
13733,166068,leafhopper,tribe,Nephesini,leafhopper,0,0,2,0,https://www.inaturalist.org/observations/221108507,"2024-08-12 03:36:05"
13734,166056,moths,superfamily,Gelechioidea,moths,0,0,2,0,https://www.inaturalist.org/observations/221105656,"2024-08-12 03:39:05"
13735,166018,leafhopper,subgenus,Gyponana,leafhopper,0,0,2,0,https://www.inaturalist.org/observations/221101741,"2024-08-12 03:39:05"
13736,165910,leafhopper,subgenus,Gyponana,leafhopper,0,0,2,0,https://www.inaturalist.org/observations/221087297,"2024-08-12 03:39:05"
13737,165909,leafhopper,tribe,Thioniini,leafhopper,0,0,2,0,https://www.inaturalist.org/observations/221086825,"2024-08-12 03:39:05"
13738,165898,leafhopper,species,"Ormenoides venusta",leafhopper,0,0,2,0,https://www.inaturalist.org/observations/221084985,"2024-08-12 03:39:05"
13739,165568,aphid,family,Aphididae,aphid,0,0,2,0,https://www.inaturalist.org/observations/220925257,"2024-08-12 03:39:05"
13740,165591,leafhopper,species,"Aplos simplex",leafhopper,0,0,2,0,https://www.inaturalist.org/observations/220915084,"2024-08-12 03:42:05"
13741,165164,leafhopper,tribe,Nephesini,leafhopper,0,0,2,0,https://www.inaturalist.org/observations/220710407,"2024-08-12 03:42:05"
13742,165163,leafhopper,species,"Ormenoides venusta",leafhopper,0,0,2,0,https://www.inaturalist.org/observations/220709802,"2024-08-12 03:42:05"
13743,165162,leafhopper,species,"Orientus ishidae",leafhopper,0,0,2,0,https://www.inaturalist.org/observations/220709209,"2024-08-12 03:42:05"
13744,165144,leafhopper,species,"Metcalfa pruinosa",leafhopper,0,0,2,0,https://www.inaturalist.org/observations/220706181,"2024-08-12 03:42:05"
13745,165131,leafhopper,species,"Metcalfa pruinosa",leafhopper,0,0,2,0,https://www.inaturalist.org/observations/220702872,"2024-08-12 03:42:05"
13746,165125,leafhopper,species,"Ormenoides venusta",leafhopper,0,0,2,0,https://www.inaturalist.org/observations/220702336,"2024-08-12 03:42:05"
13747,165107,leafhopper,tribe,Nephesini,leafhopper,0,0,2,0,https://www.inaturalist.org/observations/220696753,"2024-08-12 03:42:05"
13748,165106,leafhopper,tribe,Nephesini,leafhopper,0,0,2,0,https://www.inaturalist.org/observations/220696099,"2024-08-12 03:42:05"
13749,165090,leafhopper,species,"Acanalonia bivittata",leafhopper,0,0,2,0,https://www.inaturalist.org/observations/220692413,"2024-08-12 03:45:06"
13750,165080,leafhopper,genus,Haplaxius,leafhopper,0,0,2,0,https://www.inaturalist.org/observations/220689595,"2024-08-12 03:45:06"
13751,165032,leafhopper,species,"Stictocephala militaris",leafhopper,0,0,2,0,https://www.inaturalist.org/observations/220676045,"2024-08-12 03:45:06"
13752,165026,aphid,superfamily,Psylloidea,aphid,0,0,2,0,https://www.inaturalist.org/observations/220673702,"2024-08-12 03:45:06"
13753,165023,leafhopper,species,"Flatormenis proxima",leafhopper,0,0,2,0,https://www.inaturalist.org/observations/220672634,"2024-08-12 03:45:06"
13754,165009,leafhopper,species,"Japananus hyalinus",leafhopper,0,0,2,0,https://www.inaturalist.org/observations/220670348,"2024-08-12 03:45:06"
13755,164852,aphid,family,Aphididae,aphid,0,0,3,0,https://www.inaturalist.org/observations/220492657,"2024-08-12 03:45:06"
13756,164779,leafhopper,tribe,Gyponini,leafhopper,0,0,2,0,https://www.inaturalist.org/observations/220478240,"2024-08-12 03:48:04"
13757,164684,leafhopper,genus,Cedusa,leafhopper,0,0,3,0,https://www.inaturalist.org/observations/220462401,"2024-08-12 03:51:05"
13758,164241,unidentified,family,Mordellidae,beetle,0,0,2,0,https://www.inaturalist.org/observations/220099495,"2024-08-12 03:54:04"
13759,163248,aphid,family,Aphididae,aphid,0,0,2,0,https://www.inaturalist.org/observations/219425198,"2024-08-12 04:06:06"
13760,162973,spider,species,"Anelosimus studiosus",spider,0,0,2,0,https://www.inaturalist.org/observations/219325273,"2024-08-12 04:09:06"
13761,162452,other,genus,Porcellio,Isopoda,0,0,3,0,https://www.inaturalist.org/observations/219166756,"2024-08-12 04:12:06"
13762,162312,spider,genus,Wulfila,spider,0,0,2,0,https://www.inaturalist.org/observations/219130195,"2024-08-12 04:15:05"
13763,157627,beetle,species,"Psyllobora vigintimaculata",beetle,0,0,3,0,https://www.inaturalist.org/observations/214028602,"2024-08-12 05:39:05"
13764,156096,aphid,superfamily,Aleyrodoidea,aphid,0,0,2,0,https://www.inaturalist.org/observations/179990419,"2024-08-12 06:00:05"
13765,153503,unidentified,genus,Pilophorus,truebugs,0,0,1,0,https://www.inaturalist.org/observations/176156823,"2024-08-12 06:27:04"
13766,151244,other,stateofmatter,Life,moths,0,0,1,0,https://www.inaturalist.org/observations/174088368,"2024-08-12 07:12:06"
13767,149074,aphid,species,"Shivaphis celti",aphid,0,0,3,0,https://www.inaturalist.org/observations/172569721,"2024-08-12 07:57:06"
13768,141557,aphid,species,"Shivaphis celti",aphid,0,0,3,0,https://www.inaturalist.org/observations/167379585,"2024-08-05 09:57:05"
13769,140808,daddylonglegs,order,Opiliones,daddylonglegs,0,0,2,0,https://www.inaturalist.org/observations/167076636,"2024-07-22 09:36:06"
13770,137193,aphid,superfamily,Psylloidea,aphid,0,0,2,0,https://www.inaturalist.org/observations/164551498,"2024-07-01 09:42:06"
13771,135085,unidentified,family,Aphididae,aphid,0,0,1,0,https://www.inaturalist.org/observations/162210541,"2024-06-17 09:39:07"
13772,171334,unidentified,species,"Chironomus crassicaudatus",fly,0,0,2,0,https://www.inaturalist.org/observations/224677554,"2024-08-12 02:15:05"
13773,171333,other,species,"Arilus cristatus",truebugs,0,0,3,0,https://www.inaturalist.org/observations/224676841,"2024-08-12 02:15:05"
13774,171288,beetle,species,"Popillia japonica",beetle,0,0,3,0,https://www.inaturalist.org/observations/224635724,"2024-08-12 02:18:04"
13775,171252,beetle,species,"Mulsantina picta",beetle,0,0,3,0,https://www.inaturalist.org/observations/224477120,"2024-08-12 02:18:04"
13776,171187,spider,tribe,Misumenini,spider,0,0,2,0,https://www.inaturalist.org/observations/224455371,"2024-08-12 02:18:04"
13777,171182,beetle,family,Scirtidae,beetle,0,0,2,0,https://www.inaturalist.org/observations/224454034,"2024-08-12 02:18:04"
13778,171148,spider,complex,"Philodromus rufus",spider,0,0,2,0,https://www.inaturalist.org/observations/224432437,"2024-08-12 02:21:05"
13779,171147,ant,species,"Prenolepis imparis",ant,0,0,2,0,https://www.inaturalist.org/observations/224431805,"2024-08-12 02:21:05"
13780,171134,aphid,family,Tingidae,truebugs,0,0,3,1,https://www.inaturalist.org/observations/224422976,"2024-08-12 02:21:05"
13781,171131,bee,species,"Bombus impatiens",bee,0,0,4,0,https://www.inaturalist.org/observations/224421051,"2024-08-12 02:21:05"
13782,171130,caterpillar,family,Noctuidae,caterpillar,0,0,2,0,https://www.inaturalist.org/observations/224420390,"2024-08-12 02:21:05"
13783,171126,grasshopper,species,"Cyrtoxipha columbiana",grasshopper,0,0,2,0,https://www.inaturalist.org/observations/224417332,"2024-08-12 02:21:05"
13784,171115,grasshopper,suborder,Auchenorrhyncha,leafhopper,0,0,3,1,https://www.inaturalist.org/observations/224409542,"2024-08-12 02:21:05"
13785,171113,truebugs,subclass,Pterygota,Psocodea,0,0,2,1,https://www.inaturalist.org/observations/224408375,"2024-08-12 02:21:05"
13786,171102,beetle,family,Elateridae,beetle,0,0,3,0,https://www.inaturalist.org/observations/224246541,"2024-08-12 02:21:05"
13787,171100,ant,complex,"Formica fusca",ant,0,0,2,0,https://www.inaturalist.org/observations/224245526,"2024-08-12 02:21:05"
13788,171099,beetle,genus,Calligrapha,beetle,0,0,2,0,https://www.inaturalist.org/observations/224245045,"2024-08-12 02:21:05"
13789,171098,caterpillar,family,Geometridae,caterpillar,0,0,2,0,https://www.inaturalist.org/observations/224244607,"2024-08-12 02:21:05"
13790,171096,spider,family,Theridiidae,spider,0,0,4,0,https://www.inaturalist.org/observations/224243539,"2024-08-12 02:21:05"
13791,171095,beetle,family,Elateridae,beetle,0,0,3,0,https://www.inaturalist.org/observations/224243012,"2024-08-12 02:21:05"
13792,171090,caterpillar,family,Noctuidae,caterpillar,0,0,2,0,https://www.inaturalist.org/observations/224239247,"2024-08-12 02:21:05"
13793,171089,beetle,family,Elateridae,beetle,0,0,2,0,https://www.inaturalist.org/observations/224238635,"2024-08-12 02:21:05"
13794,171084,beetle,family,Elateridae,beetle,0,0,2,0,https://www.inaturalist.org/observations/224236448,"2024-08-12 02:24:05"
13795,171082,beetle,order,Dermaptera,Dermaptera,0,0,3,1,https://www.inaturalist.org/observations/224234807,"2024-08-12 02:24:05"
13796,171078,caterpillar,family,Geometridae,caterpillar,0,0,2,0,https://www.inaturalist.org/observations/224233738,"2024-08-12 02:24:05"
13797,171076,unidentified,species,"Argyresthia oreasella",moths,0,0,1,0,https://www.inaturalist.org/observations/224233184,"2024-08-12 02:24:05"
13798,171074,beetle,genus,Photinus,beetle,0,0,5,0,https://www.inaturalist.org/observations/224232084,"2024-08-12 02:24:05"
13799,171071,leafhopper,species,"Platycotis vittata",leafhopper,0,0,2,0,https://www.inaturalist.org/observations/224230442,"2024-08-12 02:24:05"
13800,171070,caterpillar,family,Geometridae,caterpillar,0,0,2,0,https://www.inaturalist.org/observations/224229927,"2024-08-12 02:24:05"
13801,171068,caterpillar,family,Geometridae,caterpillar,0,0,2,0,https://www.inaturalist.org/observations/224228789,"2024-08-12 02:24:05"
13802,171033,beetle,species,"Pseudoedophrys hilleri",beetle,0,0,3,0,https://www.inaturalist.org/observations/224208745,"2024-08-12 02:24:05"
13803,171025,truebugs,species,"Hyaliodes harti",truebugs,0,0,2,0,https://www.inaturalist.org/observations/224207060,"2024-08-12 02:24:05"
13804,171024,leafhopper,genus,Acanalonia,leafhopper,0,0,3,0,https://www.inaturalist.org/observations/224206505,"2024-08-12 02:24:05"
13805,170998,bee,suborder,Apocrita,bee,0,0,2,0,https://www.inaturalist.org/observations/224201705,"2024-08-12 02:24:05"
13806,170994,caterpillar,species,"Cecrita biundata",caterpillar,0,0,5,0,https://www.inaturalist.org/observations/224200618,"2024-08-12 02:24:05"
13807,170989,grasshopper,genus,Oecanthus,grasshopper,0,0,4,0,https://www.inaturalist.org/observations/224198677,"2024-08-12 02:24:05"
13808,170957,grasshopper,species,"Meconema thalassinum",grasshopper,0,0,3,0,https://www.inaturalist.org/observations/224196320,"2024-08-12 02:24:05"
13809,170952,spider,family,Dictynidae,spider,0,0,2,0,https://www.inaturalist.org/observations/224193744,"2024-08-12 02:24:05"
13810,170950,caterpillar,species,"Papilio glaucus",caterpillar,0,0,3,0,https://www.inaturalist.org/observations/224193204,"2024-08-12 02:24:05"
13811,170925,fly,family,Dolichopodidae,fly,0,0,2,0,https://www.inaturalist.org/observations/224190651,"2024-08-12 02:24:05"
13812,170923,leafhopper,genus,Acanalonia,leafhopper,0,0,2,0,https://www.inaturalist.org/observations/224189656,"2024-08-12 02:24:05"
13813,170958,leafhopper,tribe,Gyponini,leafhopper,0,0,2,0,https://www.inaturalist.org/observations/224186645,"2024-08-12 02:27:04"
13814,170911,caterpillar,species,"Antaeotricha schlaegeri",caterpillar,0,0,2,0,https://www.inaturalist.org/observations/224186113,"2024-08-12 02:27:04"
13815,170909,caterpillar,family,Geometridae,caterpillar,0,0,2,0,https://www.inaturalist.org/observations/224185702,"2024-08-12 02:27:04"
13816,170903,spider,tribe,Coriarachnini,spider,0,0,2,0,https://www.inaturalist.org/observations/224185258,"2024-08-12 02:27:04"
13817,170901,caterpillar,species,"Arogalea cristifasciella",caterpillar,0,0,3,0,https://www.inaturalist.org/observations/224184256,"2024-08-12 02:27:04"
13818,170893,caterpillar,genus,Antaeotricha,caterpillar,0,0,2,0,https://www.inaturalist.org/observations/224182602,"2024-08-12 02:27:04"
13819,170864,leafhopper,species,"Ormenoides venusta",leafhopper,0,0,2,0,https://www.inaturalist.org/observations/224178528,"2024-08-12 02:27:04"
13820,170863,truebugs,genus,Hyaliodes,truebugs,0,0,2,0,https://www.inaturalist.org/observations/224178135,"2024-08-12 02:27:04"
13821,170862,spider,family,Dictynidae,spider,0,0,3,0,https://www.inaturalist.org/observations/224177681,"2024-08-12 02:27:04"
13822,170859,bee,genus,Caliroa,bee,0,1,2,0,https://www.inaturalist.org/observations/224176293,"2024-08-12 02:27:04"
13823,170858,caterpillar,species,"Machimia tentoriferella",caterpillar,0,0,2,0,https://www.inaturalist.org/observations/224175770,"2024-08-12 02:27:04"
13824,170854,caterpillar,family,Geometridae,caterpillar,0,0,2,0,https://www.inaturalist.org/observations/224175371,"2024-08-12 02:27:04"
13825,170846,spider,species,"Wulfila albens",spider,0,0,2,0,https://www.inaturalist.org/observations/224174571,"2024-08-12 02:27:04"
13826,170676,beetle,species,"Popillia japonica",beetle,0,0,3,0,https://www.inaturalist.org/observations/224170062,"2024-08-12 02:27:04"
13827,170653,spider,order,Opiliones,daddylonglegs,0,0,4,1,https://www.inaturalist.org/observations/224168176,"2024-08-12 02:27:04"
13828,170632,caterpillar,species,"Archips cerasivorana",caterpillar,0,0,2,0,https://www.inaturalist.org/observations/224167368,"2024-08-12 02:27:04"
13829,170631,unidentified,genus,Acanthocephala,truebugs,0,0,2,0,https://www.inaturalist.org/observations/224167037,"2024-08-12 02:27:04"
13830,170798,truebugs,genus,Euschistus,truebugs,0,0,2,0,https://www.inaturalist.org/observations/224073382,"2024-08-12 02:30:05"
13831,170794,spider,phylum,Arthropoda,moths,0,0,2,1,https://www.inaturalist.org/observations/224072933,"2024-08-12 02:30:05"
13832,170777,leafhopper,species,"Ormenoides venusta",leafhopper,0,0,2,0,https://www.inaturalist.org/observations/224072348,"2024-08-12 02:30:05"
13833,170754,caterpillar,superfamily,Noctuoidea,caterpillar,0,0,3,0,https://www.inaturalist.org/observations/224071384,"2024-08-12 02:30:05"
13834,170534,caterpillar,species,"Morrisonia confusa",caterpillar,0,0,3,0,https://www.inaturalist.org/observations/224071055,"2024-08-12 02:30:05"
13835,170775,fly,genus,Condylostylus,fly,0,0,2,0,https://www.inaturalist.org/observations/224070623,"2024-08-12 02:30:05"
13836,170770,leafhopper,family,Flatidae,leafhopper,0,0,2,0,https://www.inaturalist.org/observations/224070074,"2024-08-12 02:30:05"
13837,170774,truebugs,genus,Brochymena,truebugs,0,0,2,0,https://www.inaturalist.org/observations/224069582,"2024-08-12 02:30:05"
13838,170524,leafhopper,tribe,Nephesini,leafhopper,0,0,2,0,https://www.inaturalist.org/observations/223986507,"2024-08-12 02:30:05"
13839,170520,spider,species,"Metepeira labyrinthea",spider,0,0,3,0,https://www.inaturalist.org/observations/223984864,"2024-08-12 02:30:05"
13840,170513,beetle,species,"Pseudoedophrys hilleri",beetle,0,0,2,0,https://www.inaturalist.org/observations/223983735,"2024-08-12 02:30:05"
13841,170505,other,subclass,Pterygota,truebugs,0,0,2,1,https://www.inaturalist.org/observations/223982666,"2024-08-12 02:30:05"
13842,170502,truebugs,subfamily,Emesinae,truebugs,0,0,3,0,https://www.inaturalist.org/observations/223981905,"2024-08-12 02:30:05"
13843,170499,leafhopper,species,"Thionia bullata",leafhopper,0,0,2,0,https://www.inaturalist.org/observations/223981307,"2024-08-12 02:30:05"
13844,170492,ant,subgenus,Crematogaster,ant,0,0,2,0,https://www.inaturalist.org/observations/223980608,"2024-08-12 02:30:05"
13845,170489,truebugs,species,"Zelus luridus",truebugs,0,0,2,0,https://www.inaturalist.org/observations/223979443,"2024-08-12 02:30:05"
13846,170466,truebugs,superfamily,Pentatomoidea,truebugs,0,0,2,0,https://www.inaturalist.org/observations/223977878,"2024-08-12 02:30:05"
13847,170462,leafhopper,subgenus,Gyponana,leafhopper,0,0,2,0,https://www.inaturalist.org/observations/223976840,"2024-08-12 02:30:05"
13848,170461,truebugs,family,Tingidae,truebugs,0,0,2,0,https://www.inaturalist.org/observations/223976247,"2024-08-12 02:30:05"
13849,170446,beetle,species,"Pseudoedophrys hilleri",beetle,0,0,2,0,https://www.inaturalist.org/observations/223975282,"2024-08-12 02:30:05"
13850,170437,leafhopper,species,"Flatormenis proxima",leafhopper,0,0,3,0,https://www.inaturalist.org/observations/223973390,"2024-08-12 02:30:05"
13851,170434,leafhopper,species,"Metcalfa pruinosa",leafhopper,0,0,3,0,https://www.inaturalist.org/observations/223971648,"2024-08-12 02:30:05"
13852,170432,beetle,tribe,Chalepini,beetle,0,0,2,0,https://www.inaturalist.org/observations/223971011,"2024-08-12 02:30:05"
13853,170431,other,family,Tingidae,truebugs,0,0,3,1,https://www.inaturalist.org/observations/223970356,"2024-08-12 02:30:05"
13854,170427,truebugs,species,"Zelus luridus",truebugs,0,0,2,0,https://www.inaturalist.org/observations/223969755,"2024-08-12 02:30:05"
13855,170425,spider,species,"Hentzia mitrata",spider,0,0,2,0,https://www.inaturalist.org/observations/223969191,"2024-08-12 02:30:05"
13856,170421,beetle,species,"Pandeleteius hilaris",beetle,0,0,3,0,https://www.inaturalist.org/observations/223968754,"2024-08-12 02:30:05"
13857,170420,fly,subclass,Pterygota,Psocodea,0,0,2,1,https://www.inaturalist.org/observations/223968287,"2024-08-12 02:30:05"
13858,170402,beetle,species,"Pseudoedophrys hilleri",beetle,0,0,2,0,https://www.inaturalist.org/observations/223966294,"2024-08-12 02:33:05"
13859,170401,caterpillar,species,"Morrisonia confusa",caterpillar,0,0,3,0,https://www.inaturalist.org/observations/223965851,"2024-08-12 02:33:05"
13860,170398,spider,family,Philodromidae,spider,0,0,2,0,https://www.inaturalist.org/observations/223965404,"2024-08-12 02:33:05"
13861,170374,caterpillar,genus,Acronicta,caterpillar,0,0,3,0,https://www.inaturalist.org/observations/223961703,"2024-08-12 02:33:05"
13862,170367,moths,genus,Bucculatrix,moths,0,0,2,0,https://www.inaturalist.org/observations/223960167,"2024-08-12 02:33:05"
13863,170325,spider,tribe,Misumenini,spider,0,0,2,0,https://www.inaturalist.org/observations/223871910,"2024-08-12 02:33:05"
13864,170323,caterpillar,genus,Elaphria,caterpillar,0,0,2,0,https://www.inaturalist.org/observations/223871470,"2024-08-12 02:33:05"
13865,170210,unidentified,order,Ixodida,Ixodida,0,0,1,0,https://www.inaturalist.org/observations/223857107,"2024-08-12 02:33:05"
13866,170198,spider,species,"Leucauge venusta",spider,0,0,2,0,https://www.inaturalist.org/observations/223839593,"2024-08-12 02:33:05"
13867,170088,leafhopper,tribe,Nephesini,leafhopper,0,0,2,0,https://www.inaturalist.org/observations/223806434,"2024-08-12 02:33:05"
13868,170080,truebugs,family,Tingidae,truebugs,0,0,2,0,https://www.inaturalist.org/observations/223804564,"2024-08-12 02:33:05"
13869,170079,leafhopper,species,"Ormenoides venusta",leafhopper,0,0,2,0,https://www.inaturalist.org/observations/223804056,"2024-08-12 02:33:05"
13870,170071,beetle,subfamily,Ceutorhynchinae,beetle,0,0,2,0,https://www.inaturalist.org/observations/223802265,"2024-08-12 02:33:05"
13871,170070,leafhopper,species,"Ormenoides venusta",leafhopper,0,0,2,0,https://www.inaturalist.org/observations/223801606,"2024-08-12 02:36:04"
13872,170056,beetle,family,Mordellidae,beetle,0,0,2,0,https://www.inaturalist.org/observations/223799864,"2024-08-12 02:36:04"
13873,170048,leafhopper,species,"Flatormenis proxima",leafhopper,0,0,2,0,https://www.inaturalist.org/observations/223797605,"2024-08-12 02:36:04"
13874,170047,caterpillar,order,Lepidoptera,caterpillar,0,0,2,0,https://www.inaturalist.org/observations/223797075,"2024-08-12 02:36:04"
13875,170044,caterpillar,family,Geometridae,caterpillar,0,0,2,0,https://www.inaturalist.org/observations/223796529,"2024-08-12 02:36:04"
13876,170042,beetle,family,Mordellidae,beetle,0,0,2,0,https://www.inaturalist.org/observations/223795973,"2024-08-12 02:36:04"
13877,170032,caterpillar,species,"Epimecis hortaria",caterpillar,0,0,2,0,https://www.inaturalist.org/observations/223793542,"2024-08-12 02:36:04"
13878,170029,spider,species,"Araneus marmoreus",spider,0,0,4,0,https://www.inaturalist.org/observations/223792992,"2024-08-12 02:36:04"
13879,170027,other,suborder,Hemerobiiformia,Neuroptera,0,0,2,0,https://www.inaturalist.org/observations/223792377,"2024-08-12 02:36:04"
13880,170026,beetle,superfamily,Elateroidea,beetle,0,0,2,0,https://www.inaturalist.org/observations/223791742,"2024-08-12 02:36:04"
13881,170024,beetle,family,Mordellidae,beetle,0,0,2,0,https://www.inaturalist.org/observations/223790782,"2024-08-12 02:36:04"
13882,170019,spider,tribe,Misumenini,spider,0,0,2,0,https://www.inaturalist.org/observations/223788344,"2024-08-12 02:36:04"
13883,170007,caterpillar,species,"Acronicta americana",caterpillar,0,0,3,0,https://www.inaturalist.org/observations/223784515,"2024-08-12 02:36:04"
13884,170004,caterpillar,species,"Acronicta americana",caterpillar,0,0,3,0,https://www.inaturalist.org/observations/223783939,"2024-08-12 02:36:04"
13885,170002,leafhopper,genus,Acanalonia,leafhopper,0,0,2,0,https://www.inaturalist.org/observations/223783358,"2024-08-12 02:36:04"
13886,170001,beetle,family,Mordellidae,beetle,0,0,2,0,https://www.inaturalist.org/observations/223782745,"2024-08-12 02:36:04"
13887,169995,leafhopper,species,"Thionia bullata",leafhopper,0,0,2,0,https://www.inaturalist.org/observations/223780848,"2024-08-12 02:36:04"
13888,169990,spider,subfamily,Salticinae,spider,0,0,3,0,https://www.inaturalist.org/observations/223778994,"2024-08-12 02:36:04"
13889,169988,leafhopper,tribe,Nephesini,leafhopper,0,0,2,0,https://www.inaturalist.org/observations/223777811,"2024-08-12 02:36:04"
13890,169978,truebugs,subfamily,Emesinae,truebugs,0,0,2,0,https://www.inaturalist.org/observations/223775457,"2024-08-12 02:36:04"
13891,169964,other,family,Hemerobiidae,Neuroptera,0,0,2,0,https://www.inaturalist.org/observations/223772240,"2024-08-12 02:36:04"
13892,169959,leafhopper,species,"Thionia bullata",leafhopper,0,0,2,0,https://www.inaturalist.org/observations/223769882,"2024-08-12 02:39:04"
13893,169949,fly,subclass,Pterygota,truebugs,0,0,2,1,https://www.inaturalist.org/observations/223767180,"2024-08-12 02:39:04"
13894,169941,beetle,species,"Dicerca obscura",beetle,0,0,3,0,https://www.inaturalist.org/observations/223765334,"2024-08-12 02:39:04"
13895,169933,caterpillar,family,Geometridae,caterpillar,0,0,2,0,https://www.inaturalist.org/observations/223763692,"2024-08-12 02:39:04"
13896,169932,caterpillar,family,Geometridae,caterpillar,0,0,2,0,https://www.inaturalist.org/observations/223763143,"2024-08-12 02:39:04"
13897,169931,caterpillar,family,Geometridae,caterpillar,0,0,2,0,https://www.inaturalist.org/observations/223762610,"2024-08-12 02:39:04"
13898,169914,spider,species,"Leucauge venusta",spider,0,0,2,0,https://www.inaturalist.org/observations/223759617,"2024-08-12 02:39:04"
13899,169905,leafhopper,species,"Flatormenis proxima",leafhopper,0,0,2,0,https://www.inaturalist.org/observations/223758353,"2024-08-12 02:39:04"
13900,169893,beetle,species,"Harmonia axyridis",beetle,0,0,4,0,https://www.inaturalist.org/observations/223753580,"2024-08-12 02:39:04"
13901,169880,beetle,species,"Cyrtepistomus castaneus",beetle,0,0,2,0,https://www.inaturalist.org/observations/223750423,"2024-08-12 02:39:04"
13902,169868,bee,subclass,Pterygota,fly,0,0,2,1,https://www.inaturalist.org/observations/223747838,"2024-08-12 02:39:04"
13903,169862,fly,genus,Homoneura,fly,0,0,2,0,https://www.inaturalist.org/observations/223747240,"2024-08-12 02:39:04"
13904,169729,spider,complex,"Enoplognatha ovata",spider,0,0,2,0,https://www.inaturalist.org/observations/223650170,"2024-08-12 02:39:04"
13905,169728,beetle,species,"Mulsantina picta",beetle,0,0,3,0,https://www.inaturalist.org/observations/223649235,"2024-08-12 02:39:04"
13906,169719,caterpillar,family,Geometridae,caterpillar,0,0,2,0,https://www.inaturalist.org/observations/223635503,"2024-08-12 02:39:04"
13907,169601,caterpillar,species,"Cecrita biundata",caterpillar,0,0,3,0,https://www.inaturalist.org/observations/223633148,"2024-08-12 02:39:04"
13908,169630,caterpillar,species,"Orgyia leucostigma",caterpillar,0,0,3,0,https://www.inaturalist.org/observations/223629583,"2024-08-12 02:39:04"
13909,169603,caterpillar,family,Geometridae,caterpillar,0,0,2,0,https://www.inaturalist.org/observations/223629098,"2024-08-12 02:39:04"
13910,169370,caterpillar,species,"Machimia tentoriferella",caterpillar,0,0,2,0,https://www.inaturalist.org/observations/223626389,"2024-08-12 02:42:05"
13911,169337,caterpillar,species,"Cecrita guttivitta",moths,0,0,2,0,https://www.inaturalist.org/observations/223625873,"2024-08-12 02:42:05"
13912,169689,beetle,superfamily,Pentatomoidea,truebugs,0,0,3,1,https://www.inaturalist.org/observations/223621468,"2024-08-12 02:42:05"
13913,169043,caterpillar,family,Notodontidae,caterpillar,0,0,2,0,https://www.inaturalist.org/observations/223620929,"2024-08-12 02:42:05"
13914,169676,other,superfamily,Entomobryoidea,Entomobryomorpha,0,0,1,0,https://www.inaturalist.org/observations/223617120,"2024-08-12 02:42:05"
13915,169675,other,order,Entomobryomorpha,Entomobryomorpha,0,0,1,0,https://www.inaturalist.org/observations/223616524,"2024-08-12 02:42:05"
13916,169664,unidentified,suborder,Heteroptera,truebugs,0,0,1,0,https://www.inaturalist.org/observations/223597441,"2024-08-12 02:42:05"
13917,169596,fly,family,Chloropidae,fly,0,0,2,0,https://www.inaturalist.org/observations/223574825,"2024-08-12 02:42:05"
13918,169584,leafhopper,species,"Graphocephala versuta",leafhopper,0,0,4,0,https://www.inaturalist.org/observations/223573250,"2024-08-12 02:42:05"
13919,169579,fly,species,"Ocyptamus fuscipennis",fly,0,0,3,0,https://www.inaturalist.org/observations/223570644,"2024-08-12 02:42:05"
13920,169577,caterpillar,family,Geometridae,caterpillar,0,0,2,0,https://www.inaturalist.org/observations/223570061,"2024-08-12 02:42:05"
13921,169575,caterpillar,family,Geometridae,caterpillar,0,0,2,0,https://www.inaturalist.org/observations/223568892,"2024-08-12 02:42:05"
13922,169553,truebugs,species,"Hyaliodes harti",truebugs,0,0,2,0,https://www.inaturalist.org/observations/223567760,"2024-08-12 02:42:05"
13923,169549,other,order,Ephemeroptera,Ephemeroptera,0,0,3,1,https://www.inaturalist.org/observations/223565979,"2024-08-12 02:42:05"
13924,169536,caterpillar,species,"Hyphantria cunea",caterpillar,0,0,3,0,https://www.inaturalist.org/observations/223565383,"2024-08-12 02:42:05"
13925,169532,caterpillar,family,Geometridae,caterpillar,0,0,2,0,https://www.inaturalist.org/observations/223564813,"2024-08-12 02:42:05"
13926,169502,leafhopper,genus,Magicicada,leafhopper,0,0,3,0,https://www.inaturalist.org/observations/223561878,"2024-08-12 02:42:05"
13927,169498,leafhopper,genus,Magicicada,leafhopper,0,0,3,0,https://www.inaturalist.org/observations/223561215,"2024-08-12 02:42:05"
13928,169494,spider,complex,"Enoplognatha ovata",spider,0,0,2,0,https://www.inaturalist.org/observations/223559874,"2024-08-12 02:42:05"
13929,169469,leafhopper,subgenus,Gyponana,leafhopper,0,0,2,0,https://www.inaturalist.org/observations/223555289,"2024-08-12 02:45:05"
13930,169466,caterpillar,subfamily,Geometrinae,caterpillar,0,0,2,0,https://www.inaturalist.org/observations/223554195,"2024-08-12 02:45:05"
13931,169453,other,species,"Cerastipsocus venosus",Psocodea,0,0,2,0,https://www.inaturalist.org/observations/223550840,"2024-08-12 02:45:05"
13932,169445,fly,species,"Taracticus octopunctatus",fly,0,0,3,0,https://www.inaturalist.org/observations/223550348,"2024-08-12 02:45:05"
13933,169419,spider,genus,Tmarus,spider,0,0,2,0,https://www.inaturalist.org/observations/223545854,"2024-08-12 02:45:05"
13934,169410,caterpillar,family,Geometridae,caterpillar,0,0,2,0,https://www.inaturalist.org/observations/223544881,"2024-08-12 02:45:05"
13935,169401,beetle,species,"Cyrtepistomus castaneus",beetle,0,0,2,0,https://www.inaturalist.org/observations/223542993,"2024-08-12 02:45:05"
13936,169356,beetle,species,"Macrodactylus subspinosus",beetle,0,0,2,0,https://www.inaturalist.org/observations/223539352,"2024-08-12 02:45:05"
13937,169278,caterpillar,family,Geometridae,caterpillar,0,0,2,0,https://www.inaturalist.org/observations/223529256,"2024-08-12 02:45:05"
13938,169266,spider,family,Anyphaenidae,spider,0,0,2,0,https://www.inaturalist.org/observations/223454960,"2024-08-12 02:45:05"
13939,169265,spider,species,"Leucauge venusta",spider,0,0,2,0,https://www.inaturalist.org/observations/223454124,"2024-08-12 02:45:05"
13940,169220,caterpillar,species,"Morrisonia confusa",caterpillar,0,0,3,0,https://www.inaturalist.org/observations/223371115,"2024-08-12 02:45:05"
13941,169216,caterpillar,order,Lepidoptera,caterpillar,0,0,2,0,https://www.inaturalist.org/observations/223370444,"2024-08-12 02:48:06"
13942,169187,grasshopper,species,"Meconema thalassinum",grasshopper,0,0,3,0,https://www.inaturalist.org/observations/223368178,"2024-08-12 02:48:06"
13943,169112,beetle,superfamily,Elateroidea,beetle,0,0,2,0,https://www.inaturalist.org/observations/223349732,"2024-08-12 02:48:06"
13944,169099,truebugs,genus,Sinea,truebugs,0,0,2,0,https://www.inaturalist.org/observations/223345630,"2024-08-12 02:48:06"
13945,169095,spider,species,"Micrathena sagittata",spider,0,0,3,0,https://www.inaturalist.org/observations/223343844,"2024-08-12 02:48:06"
13946,169094,ant,species,"Camponotus subbarbatus",ant,0,0,2,0,https://www.inaturalist.org/observations/223343335,"2024-08-12 02:48:06"
13947,169070,spider,species,"Verrucosa arenata",spider,0,0,3,0,https://www.inaturalist.org/observations/223340529,"2024-08-12 02:51:04"
13948,169068,fly,suborder,Nematocera,fly,0,0,3,0,https://www.inaturalist.org/observations/223340075,"2024-08-12 02:51:04"
13949,169027,spider,species,"Verrucosa arenata",spider,0,0,3,0,https://www.inaturalist.org/observations/223334315,"2024-08-12 02:51:04"
13950,168801,beetle,species,"Harmonia axyridis",beetle,1,0,3,0,https://www.inaturalist.org/observations/222932735,"2024-08-12 02:54:05"
13951,168794,leafhopper,species,"Platycotis vittata",leafhopper,0,0,2,0,https://www.inaturalist.org/observations/222928053,"2024-08-12 02:54:05"
13952,168788,caterpillar,family,Geometridae,caterpillar,0,0,2,0,https://www.inaturalist.org/observations/222922848,"2024-08-12 02:54:05"
13953,168769,caterpillar,family,Geometridae,caterpillar,0,0,2,0,https://www.inaturalist.org/observations/222913938,"2024-08-12 02:54:05"
13954,168768,spider,order,Opiliones,daddylonglegs,0,0,3,1,https://www.inaturalist.org/observations/222913257,"2024-08-12 02:54:05"
13955,168732,caterpillar,species,"Orgyia leucostigma",caterpillar,0,0,3,0,https://www.inaturalist.org/observations/222898886,"2024-08-12 02:54:05"
13956,168721,caterpillar,species,"Morrisonia confusa",caterpillar,0,0,3,0,https://www.inaturalist.org/observations/222894451,"2024-08-12 02:54:05"
13957,168690,spider,species,"Leucauge venusta",spider,0,0,2,0,https://www.inaturalist.org/observations/222889893,"2024-08-12 02:57:05"
13958,168665,caterpillar,species,"Orgyia leucostigma",caterpillar,0,0,3,0,https://www.inaturalist.org/observations/222885561,"2024-08-12 02:57:05"
13959,168655,caterpillar,species,"Cecrita guttivitta",caterpillar,0,0,3,0,https://www.inaturalist.org/observations/222883579,"2024-08-12 02:57:05"
13960,168654,caterpillar,genus,Zale,caterpillar,0,0,2,0,https://www.inaturalist.org/observations/222882973,"2024-08-12 02:57:05"
13961,168595,spider,genus,Leucauge,spider,0,0,2,0,https://www.inaturalist.org/observations/222857119,"2024-08-12 02:57:05"
13962,168592,spider,genus,Mimetus,spider,0,0,2,0,https://www.inaturalist.org/observations/222855745,"2024-08-12 02:57:05"
13963,168274,grasshopper,genus,Meconema,grasshopper,0,0,2,0,https://www.inaturalist.org/observations/222549642,"2024-08-12 03:03:05"
13964,168271,spider,species,"Uloborus glomosus",spider,0,0,2,0,https://www.inaturalist.org/observations/222548499,"2024-08-12 03:03:05"
13965,168076,truebugs,order,Coleoptera,beetle,0,0,4,1,https://www.inaturalist.org/observations/222462231,"2024-08-12 03:03:05"
13966,167909,fly,genus,Neogriphoneura,fly,0,0,2,0,https://www.inaturalist.org/observations/222424169,"2024-08-12 03:09:04"
13967,166958,spider,species,"Mangora placida",spider,0,0,3,0,https://www.inaturalist.org/observations/222048851,"2024-08-12 03:21:05"
13968,166894,spider,tribe,Misumenini,spider,0,0,2,0,https://www.inaturalist.org/observations/222030282,"2024-08-12 03:24:05"
13969,166716,caterpillar,order,Lepidoptera,caterpillar,0,0,2,0,https://www.inaturalist.org/observations/221847823,"2024-08-12 03:24:05"
13970,166325,beetle,genus,Rhagonycha,beetle,0,0,2,0,https://www.inaturalist.org/observations/221182096,"2024-08-12 03:33:04"
13971,166257,leafhopper,species,"Lycorma delicatula",leafhopper,0,0,3,0,https://www.inaturalist.org/observations/221137432,"2024-08-12 03:33:04"
13972,162492,spider,complex,"Enoplognatha ovata",spider,0,0,2,0,https://www.inaturalist.org/observations/219169491,"2024-08-12 04:12:06"
13973,161542,aphid,subclass,Pterygota,Psocodea,0,0,2,1,https://www.inaturalist.org/observations/218367566,"2024-08-12 04:27:05"
13974,161118,beetle,genus,Limonius,beetle,0,0,2,0,https://www.inaturalist.org/observations/217800519,"2024-08-12 04:36:06"
13975,160805,caterpillar,family,Geometridae,caterpillar,0,0,2,0,https://www.inaturalist.org/observations/217687058,"2024-08-12 04:42:04"
13976,159531,ant,species,"Camponotus chromaiodes",ant,0,0,2,0,https://www.inaturalist.org/observations/216781366,"2024-08-12 05:03:06"
13977,150374,caterpillar,order,Lepidoptera,caterpillar,0,0,2,0,https://www.inaturalist.org/observations/173601001,"2024-08-12 07:27:06"
13978,147828,moths,subfamily,Crambinae,moths,0,0,2,0,https://www.inaturalist.org/observations/171593783,"2024-08-12 08:21:05"
13979,173615,beetle,species,"Pseudoedophrys hilleri",beetle,0,0,4,0,https://www.inaturalist.org/observations/226297417,"2024-08-12 01:48:05"
13980,173613,beetle,species,"Pseudoedophrys hilleri",beetle,0,0,3,0,https://www.inaturalist.org/observations/226292579,"2024-08-12 01:48:05"
13981,173606,truebugs,superfamily,Pentatomoidea,truebugs,0,0,2,0,https://www.inaturalist.org/observations/226243398,"2024-08-12 01:48:05"
13983,173504,spider,species,"Neottiura bimaculata",spider,0,0,2,0,https://www.inaturalist.org/observations/226003205,"2024-08-12 01:48:05"
13984,173437,caterpillar,species,"Dryocampa rubicunda",caterpillar,0,0,3,0,https://www.inaturalist.org/observations/225946743,"2024-08-12 01:48:05"
13985,173427,caterpillar,species,"Morrisonia confusa",caterpillar,0,0,3,0,https://www.inaturalist.org/observations/225941140,"2024-08-12 01:48:05"
13986,173402,ant,species,"Camponotus castaneus",ant,0,0,2,0,https://www.inaturalist.org/observations/225905083,"2024-08-12 01:51:04"
13987,173399,ant,subgenus,Camponotus,ant,0,0,2,0,https://www.inaturalist.org/observations/225901024,"2024-08-12 01:51:04"
13988,173277,ant,subgenus,Myrmentoma,ant,0,0,2,0,https://www.inaturalist.org/observations/225743046,"2024-08-12 01:51:04"
13989,173263,spider,tribe,Misumenini,spider,0,0,2,0,https://www.inaturalist.org/observations/225741281,"2024-08-12 01:51:04"
13990,173252,caterpillar,family,Geometridae,caterpillar,0,0,2,0,https://www.inaturalist.org/observations/225737999,"2024-08-12 01:51:04"
13991,173251,beetle,family,Mordellidae,beetle,0,0,2,0,https://www.inaturalist.org/observations/225737513,"2024-08-12 01:51:04"
13992,173248,spider,family,Salticidae,spider,0,0,2,0,https://www.inaturalist.org/observations/225737010,"2024-08-12 01:51:04"
13993,173234,beetle,order,Neuroptera,Neuroptera,0,0,3,1,https://www.inaturalist.org/observations/225735307,"2024-08-12 01:51:04"
13994,173225,beetle,species,"Exomala orientalis",beetle,0,0,2,0,https://www.inaturalist.org/observations/225733275,"2024-08-12 01:51:04"
13995,173213,beetle,species,"Harmonia axyridis",beetle,0,0,3,0,https://www.inaturalist.org/observations/225730666,"2024-08-12 01:51:04"
13996,173209,spider,genus,Philodromus,spider,0,0,2,0,https://www.inaturalist.org/observations/225729638,"2024-08-12 01:51:04"
13997,173205,spider,genus,Xysticus,spider,0,0,2,0,https://www.inaturalist.org/observations/225728514,"2024-08-12 01:51:04"
13998,173199,spider,tribe,Dendryphantini,spider,0,0,2,0,https://www.inaturalist.org/observations/225726971,"2024-08-12 01:51:04"
13999,173180,caterpillar,genus,Acronicta,caterpillar,0,0,2,0,https://www.inaturalist.org/observations/225722506,"2024-08-12 01:51:04"
14000,173171,beetle,species,"Psyllobora vigintimaculata",beetle,0,0,3,0,https://www.inaturalist.org/observations/225720461,"2024-08-12 01:54:05"
14001,173167,caterpillar,species,"Cecrita guttivitta",caterpillar,0,0,4,0,https://www.inaturalist.org/observations/225719503,"2024-08-12 01:54:05"
14002,173156,caterpillar,family,Depressariidae,caterpillar,0,0,2,0,https://www.inaturalist.org/observations/225717853,"2024-08-12 01:54:05"
14003,173148,beetle,species,"Popillia japonica",beetle,0,0,3,0,https://www.inaturalist.org/observations/225716550,"2024-08-12 01:54:05"
14004,173143,caterpillar,species,"Nadata gibbosa",caterpillar,0,0,3,0,https://www.inaturalist.org/observations/225715522,"2024-08-12 01:54:05"
14005,173137,spider,family,Salticidae,spider,0,0,3,0,https://www.inaturalist.org/observations/225714101,"2024-08-12 01:54:05"
14006,173136,beetle,species,"Harmonia axyridis",beetle,0,0,4,0,https://www.inaturalist.org/observations/225713606,"2024-08-12 01:54:05"
14007,173106,fly,genus,Condylostylus,fly,0,0,2,0,https://www.inaturalist.org/observations/225708567,"2024-08-12 01:54:05"
14008,173080,fly,species,"Delphinia picta",fly,0,0,3,0,https://www.inaturalist.org/observations/225704189,"2024-08-12 01:54:05"
14009,173077,spider,family,Salticidae,spider,0,0,2,0,https://www.inaturalist.org/observations/225703785,"2024-08-12 01:54:05"
14010,172942,caterpillar,family,Notodontidae,caterpillar,0,0,2,0,https://www.inaturalist.org/observations/225576902,"2024-08-12 01:54:05"
14011,172941,caterpillar,species,"Cecrita guttivitta",caterpillar,0,0,3,0,https://www.inaturalist.org/observations/225576338,"2024-08-12 01:54:05"
14012,172912,caterpillar,family,Geometridae,caterpillar,0,0,2,0,https://www.inaturalist.org/observations/225575819,"2024-08-12 01:54:05"
14013,172725,caterpillar,species,"Morrisonia confusa",caterpillar,0,0,3,0,https://www.inaturalist.org/observations/225574710,"2024-08-12 01:54:05"
14014,172891,beetle,tribe,Coccinellini,beetle,1,0,3,0,https://www.inaturalist.org/observations/225518980,"2024-08-12 01:57:04"
14015,172890,spider,species,"Maevia inclemens",spider,0,0,3,0,https://www.inaturalist.org/observations/225518519,"2024-08-12 01:57:04"
14016,172887,fly,family,Dolichopodidae,fly,0,0,2,0,https://www.inaturalist.org/observations/225516844,"2024-08-12 01:57:04"
14017,172880,caterpillar,family,Geometridae,caterpillar,0,0,2,0,https://www.inaturalist.org/observations/225513754,"2024-08-12 01:57:04"
14018,172879,caterpillar,genus,Bucculatrix,caterpillar,0,0,2,0,https://www.inaturalist.org/observations/225513139,"2024-08-12 01:57:04"
14019,172875,spider,species,"Leucauge venusta",spider,0,0,2,0,https://www.inaturalist.org/observations/225512122,"2024-08-12 01:57:04"
14020,172866,other,genus,Oecanthus,grasshopper,0,0,3,0,https://www.inaturalist.org/observations/225510732,"2024-08-12 01:57:04"
14021,172860,caterpillar,species,"Pococera expandens",caterpillar,0,0,3,0,https://www.inaturalist.org/observations/225510258,"2024-08-12 01:57:04"
14022,172858,fly,family,Dolichopodidae,fly,0,0,2,0,https://www.inaturalist.org/observations/225509288,"2024-08-12 01:57:04"
14023,172857,fly,family,Dolichopodidae,fly,0,0,2,0,https://www.inaturalist.org/observations/225508805,"2024-08-12 01:57:04"
14024,172850,caterpillar,family,Notodontidae,caterpillar,0,0,2,0,https://www.inaturalist.org/observations/225508327,"2024-08-12 01:57:04"
14025,172838,caterpillar,species,"Pococera expandens",caterpillar,0,0,2,0,https://www.inaturalist.org/observations/225506402,"2024-08-12 01:57:04"
14026,172836,fly,family,Dolichopodidae,fly,0,0,2,0,https://www.inaturalist.org/observations/225505519,"2024-08-12 01:57:04"
14027,172821,caterpillar,superfamily,Noctuoidea,caterpillar,0,0,2,0,https://www.inaturalist.org/observations/225503397,"2024-08-12 01:57:04"
14028,172803,fly,genus,Condylostylus,fly,0,0,2,0,https://www.inaturalist.org/observations/225502407,"2024-08-12 01:57:04"
14029,172764,grasshopper,species,"Neoxabea bipunctata",grasshopper,0,0,3,0,https://www.inaturalist.org/observations/225496720,"2024-08-12 01:57:04"
14030,172736,spider,family,Philodromidae,spider,0,0,2,0,https://www.inaturalist.org/observations/225494023,"2024-08-12 01:57:04"
14031,172588,caterpillar,species,"Cecrita guttivitta",caterpillar,0,0,3,0,https://www.inaturalist.org/observations/225425980,"2024-08-12 02:00:06"
14032,172582,caterpillar,species,"Morrisonia confusa",caterpillar,0,0,3,0,https://www.inaturalist.org/observations/225425603,"2024-08-12 02:00:06"
14033,172576,caterpillar,species,"Acronicta retardata",caterpillar,0,0,3,0,https://www.inaturalist.org/observations/225424743,"2024-08-12 02:00:06"
14034,172574,caterpillar,species,"Cecrita guttivitta",caterpillar,0,0,4,0,https://www.inaturalist.org/observations/225424383,"2024-08-12 02:00:06"
14035,172564,caterpillar,family,Geometridae,caterpillar,0,0,2,0,https://www.inaturalist.org/observations/225423999,"2024-08-12 02:00:06"
14036,172563,caterpillar,subfamily,Heterocampinae,caterpillar,0,0,3,0,https://www.inaturalist.org/observations/225423525,"2024-08-12 02:00:06"
14037,172127,caterpillar,species,"Cecrita guttivitta",caterpillar,0,0,4,0,https://www.inaturalist.org/observations/225421878,"2024-08-12 02:00:06"
14038,172084,caterpillar,species,"Morrisonia confusa",caterpillar,0,0,3,0,https://www.inaturalist.org/observations/225421480,"2024-08-12 02:00:06"
14039,172584,ant,complex,"Formica fusca",ant,0,0,2,0,https://www.inaturalist.org/observations/225357747,"2024-08-12 02:00:06"
14040,172374,truebugs,subfamily,Emesinae,truebugs,0,0,2,0,https://www.inaturalist.org/observations/225342124,"2024-08-12 02:00:06"
14041,172372,caterpillar,family,Geometridae,caterpillar,0,0,2,0,https://www.inaturalist.org/observations/225340700,"2024-08-12 02:00:06"
14042,172351,caterpillar,genus,Paectes,caterpillar,0,0,2,0,https://www.inaturalist.org/observations/225338457,"2024-08-12 02:03:04"
14043,172335,caterpillar,species,"Morrisonia confusa",caterpillar,0,0,3,0,https://www.inaturalist.org/observations/225336016,"2024-08-12 02:03:04"
14044,172329,caterpillar,superfamily,Noctuoidea,caterpillar,0,0,2,0,https://www.inaturalist.org/observations/225333479,"2024-08-12 02:03:04"
14045,172320,spider,family,Salticidae,spider,0,0,2,0,https://www.inaturalist.org/observations/225330856,"2024-08-12 02:03:04"
14046,172303,caterpillar,family,Noctuidae,caterpillar,0,0,2,0,https://www.inaturalist.org/observations/225329061,"2024-08-12 02:03:04"
14047,172289,caterpillar,family,Pyralidae,caterpillar,0,0,2,0,https://www.inaturalist.org/observations/225326886,"2024-08-12 02:03:04"
14048,172281,spider,genus,Wulfila,spider,0,0,2,0,https://www.inaturalist.org/observations/225324955,"2024-08-12 02:03:04"
14049,172280,beetle,species,"Harmonia axyridis",beetle,0,0,4,0,https://www.inaturalist.org/observations/225324435,"2024-08-12 02:03:04"
14050,172278,caterpillar,family,Geometridae,caterpillar,0,0,2,0,https://www.inaturalist.org/observations/225323786,"2024-08-12 02:03:04"
14051,172275,caterpillar,family,Geometridae,caterpillar,0,0,2,0,https://www.inaturalist.org/observations/225321968,"2024-08-12 02:03:04"
14052,172261,caterpillar,species,"Acronicta americana",caterpillar,0,0,3,0,https://www.inaturalist.org/observations/225320474,"2024-08-12 02:03:04"
14053,172252,spider,subfamily,Salticinae,spider,0,0,2,0,https://www.inaturalist.org/observations/225318015,"2024-08-12 02:03:04"
14054,172244,grasshopper,genus,Meconema,grasshopper,0,0,2,0,https://www.inaturalist.org/observations/225313845,"2024-08-12 02:03:04"
14055,172207,caterpillar,genus,Paectes,caterpillar,0,0,2,0,https://www.inaturalist.org/observations/225307497,"2024-08-12 02:06:05"
14056,172186,bee,genus,Caliroa,bee,0,1,2,0,https://www.inaturalist.org/observations/225305915,"2024-08-12 02:06:05"
14057,172181,spider,genus,Neoscona,spider,0,0,2,0,https://www.inaturalist.org/observations/225305329,"2024-08-12 02:06:05"
14058,172173,spider,species,"Lyssomanes viridis",spider,0,0,4,0,https://www.inaturalist.org/observations/225303230,"2024-08-12 02:06:05"
14059,172140,caterpillar,species,"Cecrita guttivitta",caterpillar,0,0,3,0,https://www.inaturalist.org/observations/225299243,"2024-08-12 02:06:05"
14060,172136,truebugs,superfamily,Pentatomoidea,truebugs,0,0,2,0,https://www.inaturalist.org/observations/225297814,"2024-08-12 02:06:05"
14061,171844,caterpillar,species,"Morrisonia confusa",caterpillar,0,0,3,0,https://www.inaturalist.org/observations/225205236,"2024-08-12 02:06:05"
14062,171990,beetle,species,"Proludius pyrros",beetle,0,0,2,0,https://www.inaturalist.org/observations/225141332,"2024-08-12 02:06:05"
14063,171889,beetle,species,"Cyrtepistomus castaneus",beetle,0,0,2,0,https://www.inaturalist.org/observations/225131334,"2024-08-12 02:06:05"
14064,171881,beetle,species,"Cyrtepistomus castaneus",beetle,0,0,2,0,https://www.inaturalist.org/observations/225129213,"2024-08-12 02:06:05"
14065,171876,beetle,species,"Pseudoedophrys hilleri",beetle,0,0,2,0,https://www.inaturalist.org/observations/225127724,"2024-08-12 02:06:05"
14066,171861,caterpillar,species,"Acronicta americana",caterpillar,0,0,2,0,https://www.inaturalist.org/observations/225121957,"2024-08-12 02:09:04"
14067,171860,spider,tribe,Misumenini,spider,0,0,2,0,https://www.inaturalist.org/observations/225121318,"2024-08-12 02:09:04"
14068,171855,spider,species,"Verrucosa arenata",spider,0,0,3,0,https://www.inaturalist.org/observations/225120219,"2024-08-12 02:09:04"
14069,171854,spider,genus,Wulfila,spider,0,0,2,0,https://www.inaturalist.org/observations/225119677,"2024-08-12 02:09:04"
14070,171787,beetle,species,"Macrodactylus subspinosus",beetle,0,0,3,0,https://www.inaturalist.org/observations/225104730,"2024-08-12 02:09:04"
14071,171785,caterpillar,genus,Colocasia,caterpillar,0,0,2,0,https://www.inaturalist.org/observations/225104199,"2024-08-12 02:09:04"
14072,171733,spider,genus,Tutelina,spider,0,0,4,0,https://www.inaturalist.org/observations/225087175,"2024-08-12 02:09:04"
14073,171728,caterpillar,species,"Halysidota harrisii",caterpillar,0,0,2,0,https://www.inaturalist.org/observations/225085937,"2024-08-12 02:09:04"
14074,171712,fly,species,"Condylostylus comatus",fly,0,0,2,0,https://www.inaturalist.org/observations/225083626,"2024-08-12 02:09:04"
14075,171377,caterpillar,species,"Morrisonia confusa",caterpillar,0,0,3,0,https://www.inaturalist.org/observations/224993899,"2024-08-12 02:09:04"
14076,171642,grasshopper,genus,Oecanthus,grasshopper,0,0,3,0,https://www.inaturalist.org/observations/224929106,"2024-08-12 02:09:04"
14077,171639,fly,genus,Condylostylus,fly,0,0,5,0,https://www.inaturalist.org/observations/224927972,"2024-08-12 02:09:04"
14078,171633,grasshopper,species,"Meconema thalassinum",grasshopper,0,0,2,0,https://www.inaturalist.org/observations/224926765,"2024-08-12 02:12:05"
14079,171632,grasshopper,genus,Oecanthus,grasshopper,0,0,3,0,https://www.inaturalist.org/observations/224926193,"2024-08-12 02:12:05"
14080,171631,spider,tribe,Misumenini,spider,0,0,2,0,https://www.inaturalist.org/observations/224925543,"2024-08-12 02:12:05"
14081,171615,unidentified,species,"Anthonomus quadrigibbus",beetle,0,0,3,0,https://www.inaturalist.org/observations/224910355,"2024-08-12 02:12:05"
14082,171601,spider,family,Araneidae,spider,0,0,2,0,https://www.inaturalist.org/observations/224909700,"2024-08-12 02:12:05"
14083,171600,fly,genus,Condylostylus,fly,0,0,2,0,https://www.inaturalist.org/observations/224909126,"2024-08-12 02:12:05"
14084,171544,caterpillar,family,Geometridae,caterpillar,0,0,2,0,https://www.inaturalist.org/observations/224903834,"2024-08-12 02:12:05"
14085,171543,beetle,species,"Cyrtepistomus castaneus",beetle,0,0,2,0,https://www.inaturalist.org/observations/224903197,"2024-08-12 02:12:05"
14086,171542,caterpillar,family,Geometridae,caterpillar,0,0,2,0,https://www.inaturalist.org/observations/224902555,"2024-08-12 02:12:05"
14087,171540,caterpillar,subfamily,Limacodinae,caterpillar,0,0,3,0,https://www.inaturalist.org/observations/224901218,"2024-08-12 02:12:05"
14088,171530,caterpillar,family,Geometridae,caterpillar,0,0,2,0,https://www.inaturalist.org/observations/224898581,"2024-08-12 02:12:05"
14089,171525,caterpillar,family,Geometridae,caterpillar,0,0,2,0,https://www.inaturalist.org/observations/224897998,"2024-08-12 02:12:05"
14090,171485,caterpillar,family,Notodontidae,caterpillar,0,0,3,0,https://www.inaturalist.org/observations/224892406,"2024-08-12 02:12:05"
14091,171484,beetle,species,"Cyrtepistomus castaneus",beetle,0,0,2,0,https://www.inaturalist.org/observations/224891886,"2024-08-12 02:12:05"
14092,168244,fly,subclass,Pterygota,leafhopper,0,0,2,1,https://www.inaturalist.org/observations/224890696,"2024-08-12 02:12:05"
14093,168225,beetle,suborder,Heteroptera,truebugs,0,0,3,1,https://www.inaturalist.org/observations/224888328,"2024-08-12 02:12:05"
14094,168196,spider,species,"Lyssomanes viridis",spider,0,0,4,0,https://www.inaturalist.org/observations/224887525,"2024-08-12 02:12:05"
14095,168208,beetle,family,Lampyridae,beetle,0,0,2,0,https://www.inaturalist.org/observations/224886252,"2024-08-12 02:12:05"
14096,168224,beetle,species,"Cyrtepistomus castaneus",beetle,0,0,2,0,https://www.inaturalist.org/observations/224884602,"2024-08-12 02:12:05"
14097,171470,ant,species,"Camponotus subbarbatus",ant,0,0,2,0,https://www.inaturalist.org/observations/224878955,"2024-08-12 02:15:05"
14098,171460,aphid,species,"Grylloprociphilus imbricator",aphid,0,0,3,0,https://www.inaturalist.org/observations/224877198,"2024-08-12 02:15:05"
14099,171413,aphid,superfamily,Psylloidea,aphid,0,0,2,0,https://www.inaturalist.org/observations/224872646,"2024-08-12 02:15:05"
14100,171410,unidentified,family,Staphylinidae,beetle,0,0,1,0,https://www.inaturalist.org/observations/224872132,"2024-08-12 02:15:05"
14101,171401,beetle,family,Mordellidae,beetle,0,0,2,0,https://www.inaturalist.org/observations/224870831,"2024-08-12 02:15:05"
14102,171395,aphid,species,"Grylloprociphilus imbricator",aphid,0,0,3,0,https://www.inaturalist.org/observations/224868846,"2024-08-12 02:15:05"
14103,171390,caterpillar,species,"Morrisonia confusa",caterpillar,0,0,3,0,https://www.inaturalist.org/observations/224866865,"2024-08-12 02:15:05"
14104,171359,fly,genus,Condylostylus,fly,0,0,2,0,https://www.inaturalist.org/observations/224766216,"2024-08-12 02:15:05"
14105,171319,aphid,stateofmatter,Life,aphid,0,0,1,0,https://www.inaturalist.org/observations/224646508,"2024-08-12 02:15:05"
14106,171177,spider,infraorder,Entelegynae,spider,0,0,2,0,https://www.inaturalist.org/observations/224450984,"2024-08-12 02:18:04"
14107,171122,spider,species,"Yunohamella lyrica",spider,0,0,3,0,https://www.inaturalist.org/observations/224413640,"2024-08-12 02:21:05"
14108,170350,unidentified,order,Psocodea,Psocodea,0,0,2,0,https://www.inaturalist.org/observations/223876744,"2024-08-12 02:33:05"
14109,170342,unidentified,order,Psocodea,Psocodea,0,0,2,0,https://www.inaturalist.org/observations/223875052,"2024-08-12 02:33:05"
14110,168852,beetle,family,Elateridae,beetle,0,0,2,0,https://www.inaturalist.org/observations/222954457,"2024-08-12 02:54:05"
14111,166624,spider,genus,Wulfila,spider,0,0,2,0,https://www.inaturalist.org/observations/221822545,"2024-08-12 03:27:05"
14112,166202,spider,subfamily,Salticinae,spider,0,0,2,0,https://www.inaturalist.org/observations/221127106,"2024-08-12 03:36:05"
14113,163744,aphid,order,Hemiptera,truebugs,0,0,2,1,https://www.inaturalist.org/observations/219568334,"2024-08-12 04:00:07"
14114,163241,aphid,order,Hemiptera,truebugs,0,0,2,1,https://www.inaturalist.org/observations/219422077,"2024-08-12 04:06:06"
14115,157304,beetle,family,Curculionidae,beetle,0,0,2,0,https://www.inaturalist.org/observations/210352737,"2024-08-12 05:45:05"
14116,175607,aphid,family,Aphididae,aphid,0,0,2,0,https://www.inaturalist.org/observations/227528348,"2024-08-12 01:24:06"
14117,175314,fly,superfamily,Muscoidea,fly,0,0,2,0,https://www.inaturalist.org/observations/227418188,"2024-08-12 01:24:06"
14118,175322,leafhopper,species,"Graphocephala versuta",leafhopper,0,0,4,0,https://www.inaturalist.org/observations/227416798,"2024-08-12 01:24:06"
14119,175319,truebugs,family,Reduviidae,truebugs,0,0,2,0,https://www.inaturalist.org/observations/227416386,"2024-08-12 01:24:06"
14120,175527,truebugs,genus,Chinavia,truebugs,0,0,2,0,https://www.inaturalist.org/observations/227411689,"2024-08-12 01:27:10"
14121,175526,caterpillar,family,Geometridae,caterpillar,0,0,2,0,https://www.inaturalist.org/observations/227410480,"2024-08-12 01:27:10"
14122,175499,bee,family,Crabronidae,bee,0,0,2,0,https://www.inaturalist.org/observations/227408030,"2024-08-12 01:27:10"
14123,175501,caterpillar,species,"Halysidota tessellaris",caterpillar,0,0,3,0,https://www.inaturalist.org/observations/227407347,"2024-08-12 01:27:10"
14124,175525,beetle,superfamily,Elateroidea,beetle,0,0,2,0,https://www.inaturalist.org/observations/227404474,"2024-08-12 01:27:10"
14125,175528,beetle,family,Lampyridae,beetle,0,0,2,0,https://www.inaturalist.org/observations/227404033,"2024-08-12 01:27:10"
14126,175543,beetle,family,Elateridae,beetle,0,0,2,0,https://www.inaturalist.org/observations/227403087,"2024-08-12 01:27:10"
14127,175367,caterpillar,genus,Acronicta,caterpillar,0,0,2,0,https://www.inaturalist.org/observations/227327591,"2024-08-12 01:27:10"
14128,175357,caterpillar,species,"Caloptilia paradoxum",caterpillar,0,0,2,0,https://www.inaturalist.org/observations/227320033,"2024-08-12 01:27:10"
14129,175351,caterpillar,genus,Acronicta,caterpillar,0,0,2,0,https://www.inaturalist.org/observations/227318890,"2024-08-12 01:27:10"
14130,175350,spider,genus,Philodromus,spider,0,0,2,0,https://www.inaturalist.org/observations/227318205,"2024-08-12 01:27:10"
14131,175289,ant,species,"Temnothorax curvispinosus",ant,0,0,4,0,https://www.inaturalist.org/observations/227307409,"2024-08-12 01:27:10"
14132,175288,fly,order,Diptera,fly,0,0,2,0,https://www.inaturalist.org/observations/227306911,"2024-08-12 01:27:10"
14133,175275,leafhopper,suborder,Auchenorrhyncha,leafhopper,0,0,2,0,https://www.inaturalist.org/observations/227304775,"2024-08-12 01:30:06"
14134,175274,ant,subgenus,Crematogaster,ant,0,0,2,0,https://www.inaturalist.org/observations/227304193,"2024-08-12 01:30:06"
14135,175259,spider,species,"Paraphidippus aurantius",spider,0,0,2,0,https://www.inaturalist.org/observations/227300970,"2024-08-12 01:30:08"
14136,175228,aphid,subphylum,Hexapoda,aphid,0,0,1,0,https://www.inaturalist.org/observations/227295365,"2024-08-12 01:30:08"
14137,174805,caterpillar,subfamily,Erebinae,caterpillar,0,0,2,0,https://www.inaturalist.org/observations/227200168,"2024-08-12 01:30:08"
14138,175133,caterpillar,family,Notodontidae,caterpillar,0,0,2,0,https://www.inaturalist.org/observations/227190675,"2024-08-12 01:30:08"
14139,175123,caterpillar,species,"Morrisonia confusa",caterpillar,0,0,3,0,https://www.inaturalist.org/observations/227189291,"2024-08-12 01:30:08"
14140,175067,spider,species,"Misumessus oblongus",spider,0,0,3,0,https://www.inaturalist.org/observations/227116888,"2024-08-12 01:33:06"
14141,175015,beetle,superfamily,Chrysomeloidea,beetle,0,0,2,0,https://www.inaturalist.org/observations/227109738,"2024-08-12 01:33:06"
14142,174997,beetle,species,"Psyllobora vigintimaculata",beetle,0,0,3,0,https://www.inaturalist.org/observations/227104493,"2024-08-12 01:33:06"
14143,174982,other,species,"Pachydiplax longipennis",Odonata,0,0,2,0,https://www.inaturalist.org/observations/227096861,"2024-08-12 01:33:06"
14144,174973,spider,species,"Neoscona arabesca",spider,0,0,3,0,https://www.inaturalist.org/observations/227090106,"2024-08-12 01:33:06"
14145,174970,beetle,genus,Eugnamptus,beetle,0,0,2,0,https://www.inaturalist.org/observations/227086565,"2024-08-12 01:33:06"
14146,174961,truebugs,species,"Zelus luridus",truebugs,0,0,2,0,https://www.inaturalist.org/observations/227084249,"2024-08-12 01:33:06"
14147,174960,beetle,species,"Cyrtepistomus castaneus",beetle,0,0,2,0,https://www.inaturalist.org/observations/227083879,"2024-08-12 01:33:06"
14148,174946,truebugs,genus,Brochymena,truebugs,0,0,3,0,https://www.inaturalist.org/observations/227078574,"2024-08-12 01:33:06"
14149,174941,beetle,superfamily,Elateroidea,beetle,0,0,2,0,https://www.inaturalist.org/observations/227078183,"2024-08-12 01:33:06"
14150,174938,beetle,species,"Pseudoedophrys hilleri",beetle,0,0,2,0,https://www.inaturalist.org/observations/227076884,"2024-08-12 01:33:06"
14151,174932,caterpillar,subclass,Pterygota,moths,0,0,1,0,https://www.inaturalist.org/observations/227076102,"2024-08-12 01:33:06"
14152,174929,truebugs,species,"Halyomorpha halys",truebugs,0,0,3,0,https://www.inaturalist.org/observations/227075494,"2024-08-12 01:33:06"
14153,174893,caterpillar,family,Geometridae,caterpillar,0,0,2,0,https://www.inaturalist.org/observations/227025845,"2024-08-12 01:33:06"
14154,174734,caterpillar,family,Geometridae,caterpillar,0,0,2,0,https://www.inaturalist.org/observations/227021140,"2024-08-12 01:36:05"
14155,174672,caterpillar,genus,Acronicta,caterpillar,0,0,2,0,https://www.inaturalist.org/observations/227020396,"2024-08-12 01:36:05"
14156,174547,caterpillar,family,Geometridae,caterpillar,0,0,3,0,https://www.inaturalist.org/observations/227019915,"2024-08-12 01:36:05"
14157,174542,caterpillar,species,"Acronicta retardata",caterpillar,0,0,3,0,https://www.inaturalist.org/observations/227019369,"2024-08-12 01:36:05"
14158,174800,caterpillar,family,Geometridae,caterpillar,0,0,3,0,https://www.inaturalist.org/observations/226950540,"2024-08-12 01:36:05"
14159,174789,caterpillar,family,Geometridae,caterpillar,0,0,3,0,https://www.inaturalist.org/observations/226948416,"2024-08-12 01:36:05"
14160,174787,caterpillar,family,Geometridae,caterpillar,0,0,3,0,https://www.inaturalist.org/observations/226947786,"2024-08-12 01:36:05"
14161,174776,caterpillar,family,Noctuidae,caterpillar,0,0,2,0,https://www.inaturalist.org/observations/226943975,"2024-08-12 01:36:05"
14162,174746,caterpillar,order,Lepidoptera,caterpillar,0,0,2,0,https://www.inaturalist.org/observations/226936890,"2024-08-12 01:36:05"
14163,174719,caterpillar,species,"Cecrita guttivitta",caterpillar,0,0,3,0,https://www.inaturalist.org/observations/226931658,"2024-08-12 01:36:05"
14164,174702,caterpillar,species,"Cecrita guttivitta",caterpillar,0,0,3,0,https://www.inaturalist.org/observations/226929852,"2024-08-12 01:36:05"
14165,174699,caterpillar,species,"Cecrita guttivitta",caterpillar,0,0,4,0,https://www.inaturalist.org/observations/226929395,"2024-08-12 01:36:05"
14166,174533,leafhopper,species,"Flatormenis proxima",leafhopper,0,0,2,0,https://www.inaturalist.org/observations/226910235,"2024-08-12 01:36:05"
14167,174532,leafhopper,species,"Metcalfa pruinosa",leafhopper,0,0,2,0,https://www.inaturalist.org/observations/226909659,"2024-08-12 01:36:05"
14168,174529,beetle,superfamily,Chrysomeloidea,beetle,0,0,2,0,https://www.inaturalist.org/observations/226908977,"2024-08-12 01:36:05"
14169,174502,spider,tribe,Misumenini,spider,0,0,2,0,https://www.inaturalist.org/observations/226904513,"2024-08-12 01:36:05"
14170,174498,caterpillar,family,Geometridae,caterpillar,0,0,2,0,https://www.inaturalist.org/observations/226903822,"2024-08-12 01:36:05"
14171,174489,truebugs,species,"Chinavia hilaris",truebugs,0,0,3,0,https://www.inaturalist.org/observations/226901974,"2024-08-12 01:36:05"
14172,174487,caterpillar,superfamily,Noctuoidea,caterpillar,0,0,2,0,https://www.inaturalist.org/observations/226901412,"2024-08-12 01:36:05"
14173,174486,caterpillar,superfamily,Noctuoidea,caterpillar,0,0,2,0,https://www.inaturalist.org/observations/226900789,"2024-08-12 01:36:05"
14174,174485,bee,species,"Apis mellifera",bee,0,0,3,0,https://www.inaturalist.org/observations/226900299,"2024-08-12 01:36:05"
14175,174472,beetle,superfamily,Elateroidea,beetle,0,0,2,0,https://www.inaturalist.org/observations/226897959,"2024-08-12 01:36:05"
14176,174449,beetle,species,"Polydrusus impressifrons",beetle,0,0,3,0,https://www.inaturalist.org/observations/226895909,"2024-08-12 01:36:05"
14177,174436,caterpillar,superfamily,Noctuoidea,caterpillar,0,0,2,0,https://www.inaturalist.org/observations/226894922,"2024-08-12 01:36:05"
14178,174435,truebugs,superfamily,Pentatomoidea,truebugs,0,0,2,0,https://www.inaturalist.org/observations/226894462,"2024-08-12 01:36:05"
14179,174432,caterpillar,genus,Paectes,caterpillar,0,0,2,0,https://www.inaturalist.org/observations/226893823,"2024-08-12 01:36:05"
14180,174430,spider,genus,Tmarus,spider,0,0,2,0,https://www.inaturalist.org/observations/226893129,"2024-08-12 01:36:05"
14181,174414,caterpillar,subfamily,Limacodinae,caterpillar,0,0,2,0,https://www.inaturalist.org/observations/226890848,"2024-08-12 01:36:05"
14182,174410,truebugs,species,"Zelus luridus",truebugs,0,0,2,0,https://www.inaturalist.org/observations/226890311,"2024-08-12 01:36:05"
14183,174388,leafhopper,species,"Ormenoides venusta",leafhopper,0,0,2,0,https://www.inaturalist.org/observations/226888401,"2024-08-12 01:36:05"
14184,174347,caterpillar,tribe,Orgyiini,caterpillar,0,0,2,0,https://www.inaturalist.org/observations/226886648,"2024-08-12 01:36:05"
14185,174276,bee,superfamily,Chalcidoidea,bee,0,0,2,0,https://www.inaturalist.org/observations/226881687,"2024-08-12 01:39:04"
14186,174270,caterpillar,family,Psychidae,caterpillar,0,0,2,0,https://www.inaturalist.org/observations/226881269,"2024-08-12 01:39:04"
14187,174208,spider,genus,Philodromus,spider,0,0,2,0,https://www.inaturalist.org/observations/226802722,"2024-08-12 01:39:04"
14188,174206,grasshopper,species,"Meconema thalassinum",grasshopper,0,0,2,0,https://www.inaturalist.org/observations/226801735,"2024-08-12 01:39:04"
14189,174204,truebugs,genus,Hyaliodes,truebugs,0,0,2,0,https://www.inaturalist.org/observations/226800642,"2024-08-12 01:39:04"
14190,174122,caterpillar,species,"Dryocampa rubicunda",caterpillar,0,0,3,0,https://www.inaturalist.org/observations/226800234,"2024-08-12 01:39:04"
14191,174120,caterpillar,family,Geometridae,caterpillar,0,0,2,0,https://www.inaturalist.org/observations/226799776,"2024-08-12 01:39:04"
14192,174112,caterpillar,species,"Acronicta retardata",caterpillar,0,0,3,0,https://www.inaturalist.org/observations/226799186,"2024-08-12 01:39:04"
14193,174008,caterpillar,family,Notodontidae,caterpillar,0,0,2,0,https://www.inaturalist.org/observations/226797510,"2024-08-12 01:39:04"
14194,174202,beetle,superfamily,Elateroidea,beetle,0,0,2,0,https://www.inaturalist.org/observations/226794831,"2024-08-12 01:39:04"
14195,174201,spider,genus,Philodromus,spider,0,0,2,0,https://www.inaturalist.org/observations/226794372,"2024-08-12 01:39:04"
14196,173986,caterpillar,species,"Morrisonia confusa",caterpillar,0,0,3,0,https://www.inaturalist.org/observations/226792001,"2024-08-12 01:39:04"
14197,174070,caterpillar,species,"Dryocampa rubicunda",caterpillar,0,0,3,0,https://www.inaturalist.org/observations/226791150,"2024-08-12 01:39:04"
14198,174055,beetle,genus,Neolema,beetle,0,0,2,0,https://www.inaturalist.org/observations/226745304,"2024-08-12 01:39:04"
14199,174047,beetle,species,"Cyrtepistomus castaneus",beetle,0,0,3,0,https://www.inaturalist.org/observations/226741324,"2024-08-12 01:39:04"
14200,174045,beetle,species,"Odontopus calceatus",beetle,0,0,3,0,https://www.inaturalist.org/observations/226740776,"2024-08-12 01:39:04"
14201,174039,beetle,superfamily,Chrysomeloidea,beetle,0,0,2,0,https://www.inaturalist.org/observations/226738989,"2024-08-12 01:39:04"
14202,174032,other,species,"Cerastipsocus venosus",Psocodea,0,0,3,0,https://www.inaturalist.org/observations/226735458,"2024-08-12 01:39:04"
14203,173023,bee,subclass,Pterygota,bee,0,1,1,0,https://www.inaturalist.org/observations/226723349,"2024-08-12 01:39:04"
14204,173011,caterpillar,species,"Cecrita guttivitta",caterpillar,0,0,3,0,https://www.inaturalist.org/observations/226720585,"2024-08-12 01:39:04"
14205,172999,beetle,family,Scarabaeidae,beetle,0,0,2,0,https://www.inaturalist.org/observations/226717476,"2024-08-12 01:42:05"
14206,172997,caterpillar,tribe,Arctiini,caterpillar,0,0,2,0,https://www.inaturalist.org/observations/226716330,"2024-08-12 01:42:05"
14207,172995,caterpillar,species,"Rifargia subrotata",caterpillar,0,0,3,0,https://www.inaturalist.org/observations/226715654,"2024-08-12 01:42:05"
14208,172979,caterpillar,species,"Orgyia leucostigma",caterpillar,0,0,3,0,https://www.inaturalist.org/observations/226712171,"2024-08-12 01:42:05"
14209,172975,caterpillar,species,"Cecrita guttivitta",caterpillar,0,0,4,0,https://www.inaturalist.org/observations/226711056,"2024-08-12 01:42:05"
14210,172974,caterpillar,genus,Orgyia,caterpillar,0,0,2,0,https://www.inaturalist.org/observations/226710403,"2024-08-12 01:42:05"
14211,172970,beetle,species,"Popillia japonica",beetle,0,0,4,0,https://www.inaturalist.org/observations/226709148,"2024-08-12 01:42:05"
14212,172967,caterpillar,genus,Orgyia,caterpillar,0,0,2,0,https://www.inaturalist.org/observations/226708140,"2024-08-12 01:42:05"
14213,172962,fly,genus,Condylostylus,fly,0,0,2,0,https://www.inaturalist.org/observations/226705870,"2024-08-12 01:42:05"
14214,173939,caterpillar,species,"Acronicta americana",caterpillar,0,0,3,0,https://www.inaturalist.org/observations/226691517,"2024-08-12 01:42:05"
14215,173917,leafhopper,tribe,Gyponini,leafhopper,0,0,2,0,https://www.inaturalist.org/observations/226688455,"2024-08-12 01:42:05"
14216,173908,caterpillar,superfamily,Noctuoidea,caterpillar,0,0,2,0,https://www.inaturalist.org/observations/226686322,"2024-08-12 01:42:05"
14217,173897,caterpillar,family,Geometridae,caterpillar,0,0,2,0,https://www.inaturalist.org/observations/226684194,"2024-08-12 01:42:05"
14218,173895,beetle,species,"Cyrtepistomus castaneus",beetle,0,0,3,0,https://www.inaturalist.org/observations/226683617,"2024-08-12 01:42:05"
14219,173890,caterpillar,subfamily,Limacodinae,caterpillar,0,0,2,0,https://www.inaturalist.org/observations/226681017,"2024-08-12 01:42:05"
14220,173873,caterpillar,species,"Acronicta americana",caterpillar,0,0,3,0,https://www.inaturalist.org/observations/226678537,"2024-08-12 01:45:05"
14221,173870,leafhopper,species,"Metcalfa pruinosa",leafhopper,0,0,2,0,https://www.inaturalist.org/observations/226677521,"2024-08-12 01:45:05"
14222,173851,caterpillar,superfamily,Noctuoidea,caterpillar,0,0,2,0,https://www.inaturalist.org/observations/226676958,"2024-08-12 01:45:05"
14223,173786,spider,order,Araneae,spider,0,0,2,0,https://www.inaturalist.org/observations/226492644,"2024-08-12 01:45:05"
14224,173717,leafhopper,tribe,Nephesini,leafhopper,0,0,2,0,https://www.inaturalist.org/observations/226442552,"2024-08-12 01:45:05"
14225,173716,spider,species,"Araneus marmoreus",spider,0,0,4,0,https://www.inaturalist.org/observations/226441971,"2024-08-12 01:45:05"
14226,173715,spider,genus,Tetragnatha,spider,0,0,2,0,https://www.inaturalist.org/observations/226441252,"2024-08-12 01:45:05"
14227,173709,caterpillar,species,"Papilio troilus",caterpillar,0,0,3,0,https://www.inaturalist.org/observations/226438781,"2024-08-12 01:45:05"
14228,173691,caterpillar,genus,Colocasia,caterpillar,0,0,2,0,https://www.inaturalist.org/observations/226436628,"2024-08-12 01:45:05"
14229,173684,leafhopper,species,"Flatormenis proxima",leafhopper,0,0,2,0,https://www.inaturalist.org/observations/226435305,"2024-08-12 01:48:05"
14230,173670,beetle,species,"Popillia japonica",beetle,0,0,3,0,https://www.inaturalist.org/observations/226431327,"2024-08-12 01:48:05"
14231,173651,caterpillar,family,Geometridae,caterpillar,0,0,2,0,https://www.inaturalist.org/observations/226428034,"2024-08-12 01:48:05"
14232,173612,spider,family,Philodromidae,spider,0,0,3,0,https://www.inaturalist.org/observations/226290306,"2024-08-12 01:48:05"
14233,173602,leafhopper,species,"Philaenus spumarius",leafhopper,0,0,2,0,https://www.inaturalist.org/observations/226241058,"2024-08-12 01:48:05"
14234,173595,spider,family,Clubionidae,spider,0,0,2,0,https://www.inaturalist.org/observations/226231246,"2024-08-12 01:48:05"
14235,173548,caterpillar,order,Lepidoptera,caterpillar,0,0,1,0,https://www.inaturalist.org/observations/226047682,"2024-08-12 01:48:05"
14236,173462,beetle,subclass,Pterygota,leafhopper,0,0,2,1,https://www.inaturalist.org/observations/225981586,"2024-08-12 01:48:05"
14237,173447,grasshopper,genus,Oecanthus,grasshopper,0,0,3,0,https://www.inaturalist.org/observations/225955821,"2024-08-12 01:48:05"
14238,172883,beetle,superfamily,Pentatomoidea,truebugs,0,0,3,1,https://www.inaturalist.org/observations/225515059,"2024-08-12 01:57:04"
14239,172873,beetle,superfamily,Pentatomoidea,truebugs,0,0,3,1,https://www.inaturalist.org/observations/225511603,"2024-08-12 01:57:04"
14240,172773,beetle,species,"Photinus pyralis",beetle,0,0,3,0,https://www.inaturalist.org/observations/225499167,"2024-08-12 01:57:04"
14241,172772,leafhopper,species,"Acanalonia conica",leafhopper,0,0,2,0,https://www.inaturalist.org/observations/225498781,"2024-08-12 01:57:04"
14242,172583,leafhopper,genus,Oncopsis,leafhopper,0,0,2,0,https://www.inaturalist.org/observations/225357097,"2024-08-12 02:00:06"
14243,172395,leafhopper,tribe,Gyponini,leafhopper,0,0,2,0,https://www.inaturalist.org/observations/225344153,"2024-08-12 02:00:06"
14244,172373,leafhopper,species,"Flatormenis proxima",leafhopper,0,0,2,0,https://www.inaturalist.org/observations/225341505,"2024-08-12 02:00:06"
14245,172353,beetle,superfamily,Chrysomeloidea,beetle,0,0,2,0,https://www.inaturalist.org/observations/225338919,"2024-08-12 02:00:06"
14246,172348,beetle,species,"Cyrtepistomus castaneus",beetle,0,0,3,0,https://www.inaturalist.org/observations/225337917,"2024-08-12 02:03:04"
14247,172334,leafhopper,tribe,Gyponini,leafhopper,0,0,2,0,https://www.inaturalist.org/observations/225335443,"2024-08-12 02:03:04"
14248,172322,leafhopper,species,"Ormenoides venusta",leafhopper,0,0,2,0,https://www.inaturalist.org/observations/225332117,"2024-08-12 02:03:04"
14249,172321,leafhopper,species,"Ormenoides venusta",leafhopper,0,0,2,0,https://www.inaturalist.org/observations/225331411,"2024-08-12 02:03:04"
14250,172304,leafhopper,subtribe,Agalliina,leafhopper,0,0,2,0,https://www.inaturalist.org/observations/225329693,"2024-08-12 02:03:04"
14251,172301,beetle,superfamily,Chrysomeloidea,beetle,0,0,2,0,https://www.inaturalist.org/observations/225328537,"2024-08-12 02:03:04"
14252,172287,leafhopper,species,"Thionia bullata",leafhopper,0,0,2,0,https://www.inaturalist.org/observations/225325852,"2024-08-12 02:03:04"
14253,172253,truebugs,family,Reduviidae,truebugs,0,0,2,0,https://www.inaturalist.org/observations/225318634,"2024-08-12 02:03:04"
14254,172251,leafhopper,species,"Ormenoides venusta",leafhopper,0,0,2,0,https://www.inaturalist.org/observations/225317473,"2024-08-12 02:03:04"
14255,172249,leafhopper,tribe,Nephesini,leafhopper,0,0,2,0,https://www.inaturalist.org/observations/225316214,"2024-08-12 02:03:04"
14256,172240,leafhopper,genus,Acanalonia,leafhopper,0,0,2,0,https://www.inaturalist.org/observations/225313362,"2024-08-12 02:03:04"
14257,172219,leafhopper,tribe,Nephesini,leafhopper,0,0,2,0,https://www.inaturalist.org/observations/225310196,"2024-08-12 02:03:04"
14258,172213,leafhopper,species,"Flatormenis proxima",leafhopper,0,0,2,0,https://www.inaturalist.org/observations/225309166,"2024-08-12 02:06:05"
14259,172211,beetle,family,Mordellidae,beetle,0,0,2,0,https://www.inaturalist.org/observations/225308659,"2024-08-12 02:06:05"
14260,172180,leafhopper,species,"Thionia bullata",leafhopper,0,0,2,0,https://www.inaturalist.org/observations/225304849,"2024-08-12 02:06:05"
14261,172157,leafhopper,species,"Ormenoides venusta",leafhopper,0,0,2,0,https://www.inaturalist.org/observations/225301621,"2024-08-12 02:06:05"
14262,172153,leafhopper,tribe,Nephesini,leafhopper,0,0,2,0,https://www.inaturalist.org/observations/225301109,"2024-08-12 02:06:05"
14263,172147,leafhopper,species,"Flatormenis proxima",leafhopper,0,0,2,0,https://www.inaturalist.org/observations/225300652,"2024-08-12 02:06:05"
14264,172146,leafhopper,species,"Flatormenis proxima",leafhopper,0,0,2,0,https://www.inaturalist.org/observations/225300182,"2024-08-12 02:06:05"
14265,172139,beetle,family,Lampyridae,beetle,0,0,2,0,https://www.inaturalist.org/observations/225298777,"2024-08-12 02:06:05"
14266,172115,beetle,species,"Cyrtepistomus castaneus",beetle,0,0,3,0,https://www.inaturalist.org/observations/225295882,"2024-08-12 02:06:05"
14267,171898,beetle,family,Mordellidae,beetle,0,0,2,0,https://www.inaturalist.org/observations/225134353,"2024-08-12 02:06:05"
14268,171887,leafhopper,tribe,Nephesini,leafhopper,0,0,2,0,https://www.inaturalist.org/observations/225130720,"2024-08-12 02:06:05"
14269,171864,leafhopper,tribe,Nephesini,leafhopper,0,0,2,0,https://www.inaturalist.org/observations/225123876,"2024-08-12 02:09:04"
14270,171848,leafhopper,species,"Flatormenis proxima",leafhopper,0,0,2,0,https://www.inaturalist.org/observations/225117942,"2024-08-12 02:09:04"
14271,171846,leafhopper,tribe,Nephesini,leafhopper,0,0,2,0,https://www.inaturalist.org/observations/225117319,"2024-08-12 02:09:04"
14272,171551,leafhopper,species,"Flatormenis proxima",leafhopper,0,0,2,0,https://www.inaturalist.org/observations/224905276,"2024-08-12 02:12:05"
14273,170866,beetle,family,Mordellidae,beetle,0,0,2,0,https://www.inaturalist.org/observations/224179432,"2024-08-12 02:27:04"
14274,169967,spider,subfamily,Salticinae,spider,0,0,2,0,https://www.inaturalist.org/observations/223773493,"2024-08-12 02:36:04"
14275,169961,beetle,superfamily,Chrysomeloidea,beetle,0,0,2,0,https://www.inaturalist.org/observations/223771057,"2024-08-12 02:39:04"
14276,169930,beetle,family,Mordellidae,beetle,0,0,2,0,https://www.inaturalist.org/observations/223761975,"2024-08-12 02:39:04"
14277,169895,beetle,superfamily,Chrysomeloidea,beetle,0,0,2,0,https://www.inaturalist.org/observations/223754733,"2024-08-12 02:39:04"
14278,169551,beetle,family,Elateridae,beetle,0,0,2,0,https://www.inaturalist.org/observations/223567195,"2024-08-12 02:42:05"
14279,169444,beetle,family,Mordellidae,beetle,0,0,2,0,https://www.inaturalist.org/observations/223549798,"2024-08-12 02:45:05"
14280,169428,beetle,superfamily,Chrysomeloidea,beetle,0,0,2,0,https://www.inaturalist.org/observations/223546739,"2024-08-12 02:45:05"
14281,168790,leafhopper,species,"Platycotis vittata",leafhopper,0,0,3,0,https://www.inaturalist.org/observations/222926749,"2024-08-12 02:54:05"
14282,168386,beetle,family,Mordellidae,beetle,0,0,2,0,https://www.inaturalist.org/observations/222657120,"2024-08-12 03:00:05"
14283,168373,beetle,family,Mordellidae,beetle,0,0,2,0,https://www.inaturalist.org/observations/222651626,"2024-08-12 03:00:05"
14284,168349,beetle,species,"Cyrtepistomus castaneus",beetle,0,0,3,0,https://www.inaturalist.org/observations/222645342,"2024-08-12 03:00:05"
14285,168313,beetle,family,Elateridae,beetle,0,0,2,0,https://www.inaturalist.org/observations/222638280,"2024-08-12 03:00:05"
14286,168294,beetle,species,"Pseudoedophrys hilleri",beetle,0,0,2,0,https://www.inaturalist.org/observations/222633648,"2024-08-12 03:03:05"
14287,168291,beetle,family,Elateridae,beetle,0,0,2,0,https://www.inaturalist.org/observations/222632723,"2024-08-12 03:03:05"
14288,168033,beetle,tribe,Cyphicerini,beetle,0,0,2,0,https://www.inaturalist.org/observations/222454520,"2024-08-12 03:03:05"
14289,168020,beetle,tribe,Cyphicerini,beetle,0,0,2,0,https://www.inaturalist.org/observations/222451633,"2024-08-12 03:03:05"
14290,168009,beetle,family,Curculionidae,beetle,0,0,2,0,https://www.inaturalist.org/observations/222448084,"2024-08-12 03:06:09"
14291,167927,bee,family,Braconidae,bee,0,0,2,0,https://www.inaturalist.org/observations/222427979,"2024-08-12 03:06:10"
14292,167673,beetle,species,"Harmonia axyridis",beetle,0,0,3,0,https://www.inaturalist.org/observations/222298214,"2024-08-12 03:12:04"
14293,167672,beetle,family,Mordellidae,beetle,0,0,2,0,https://www.inaturalist.org/observations/222297657,"2024-08-12 03:12:04"
14294,167646,beetle,family,Mordellidae,beetle,0,0,2,0,https://www.inaturalist.org/observations/222292455,"2024-08-12 03:12:04"
14295,167540,beetle,family,Mordellidae,beetle,0,0,2,0,https://www.inaturalist.org/observations/222270911,"2024-08-12 03:15:05"
14296,167495,beetle,family,Mordellidae,beetle,0,0,2,0,https://www.inaturalist.org/observations/222263666,"2024-08-12 03:15:05"
14297,167451,beetle,family,Mordellidae,beetle,0,0,2,0,https://www.inaturalist.org/observations/222251059,"2024-08-12 03:15:05"
14298,167397,beetle,family,Mordellidae,beetle,0,0,2,0,https://www.inaturalist.org/observations/222238848,"2024-08-12 03:18:04"
14299,167105,beetle,family,Mordellidae,beetle,0,0,2,0,https://www.inaturalist.org/observations/222064230,"2024-08-12 03:21:05"
14300,166947,beetle,species,"Urgleptes signatus",beetle,0,0,3,0,https://www.inaturalist.org/observations/222045871,"2024-08-12 03:21:05"
14301,166918,beetle,superfamily,Curculionoidea,beetle,0,0,2,0,https://www.inaturalist.org/observations/222037460,"2024-08-12 03:24:05"
14302,166154,beetle,family,Mordellidae,beetle,0,0,2,0,https://www.inaturalist.org/observations/221119568,"2024-08-12 03:36:05"
14303,166080,beetle,species,"Cyrtepistomus castaneus",beetle,0,0,3,0,https://www.inaturalist.org/observations/221111034,"2024-08-12 03:36:05"
14304,166033,beetle,species,"Cyrtepistomus castaneus",beetle,0,0,3,0,https://www.inaturalist.org/observations/221103423,"2024-08-12 03:39:05"
14305,165718,beetle,species,"Psyllobora vigintimaculata",beetle,0,0,4,0,https://www.inaturalist.org/observations/220916883,"2024-08-12 03:42:05"
14306,165246,beetle,family,Elateridae,beetle,0,0,2,0,https://www.inaturalist.org/observations/220907623,"2024-08-12 03:42:05"
14307,164806,beetle,species,"Pseudoedophrys hilleri",beetle,0,0,3,0,https://www.inaturalist.org/observations/220483342,"2024-08-12 03:48:04"
14308,164369,beetle,family,Mordellidae,beetle,0,0,2,0,https://www.inaturalist.org/observations/220246547,"2024-08-12 03:54:04"
14309,164347,beetle,species,"Odontopus calceatus",beetle,0,0,3,0,https://www.inaturalist.org/observations/220244008,"2024-08-12 03:54:04"
14310,163332,beetle,species,"Pseudocneorhinus bifasciatus",beetle,0,0,3,0,https://www.inaturalist.org/observations/219517797,"2024-08-12 04:06:06"
14311,162954,beetle,species,"Ochyromera ligustri",beetle,0,0,3,0,https://www.inaturalist.org/observations/219323488,"2024-08-12 04:09:06"
14312,162928,beetle,species,"Pseudoedophrys hilleri",beetle,0,0,3,0,https://www.inaturalist.org/observations/219316893,"2024-08-12 04:09:06"
14313,162919,beetle,species,"Pseudoedophrys hilleri",beetle,0,0,3,0,https://www.inaturalist.org/observations/219315386,"2024-08-12 04:09:06"
14314,162857,beetle,species,"Psyllobora vigintimaculata",beetle,0,0,4,0,https://www.inaturalist.org/observations/219310026,"2024-08-12 04:09:06"
14315,162850,beetle,species,"Cyrtepistomus castaneus",beetle,0,0,3,0,https://www.inaturalist.org/observations/219308632,"2024-08-12 04:09:06"
14316,162305,beetle,family,Elateridae,beetle,0,0,2,0,https://www.inaturalist.org/observations/219127870,"2024-08-12 04:18:05"
14317,161171,beetle,superfamily,Chrysomeloidea,beetle,0,0,2,0,https://www.inaturalist.org/observations/217896368,"2024-08-12 04:36:06"
14318,161164,beetle,superfamily,Chrysomeloidea,beetle,0,0,2,0,https://www.inaturalist.org/observations/217893588,"2024-08-12 04:36:06"
14319,161147,beetle,family,Mordellidae,beetle,0,0,2,0,https://www.inaturalist.org/observations/217889140,"2024-08-12 04:36:06"
14320,161123,beetle,subphylum,Hexapoda,beetle,0,0,1,0,https://www.inaturalist.org/observations/217882169,"2024-08-12 04:36:06"
14321,160428,beetle,species,"Harmonia axyridis",beetle,0,0,3,0,https://www.inaturalist.org/observations/217501419,"2024-08-12 04:45:05"
14322,160349,leafhopper,genus,Magicicada,leafhopper,0,0,2,0,https://www.inaturalist.org/observations/217486087,"2024-08-12 04:48:04"
14323,160117,leafhopper,genus,Magicicada,leafhopper,0,0,2,0,https://www.inaturalist.org/observations/217290847,"2024-08-12 04:51:04"
14324,160082,leafhopper,genus,Magicicada,leafhopper,0,0,2,0,https://www.inaturalist.org/observations/217284653,"2024-08-12 04:51:04"
14325,159869,beetle,family,Mordellidae,beetle,0,0,2,0,https://www.inaturalist.org/observations/217065035,"2024-08-12 04:54:05"
14326,159836,leafhopper,genus,Magicicada,leafhopper,0,0,2,0,https://www.inaturalist.org/observations/217058506,"2024-08-12 04:54:05"
14327,159290,beetle,family,Elateridae,beetle,0,0,2,0,https://www.inaturalist.org/observations/216306781,"2024-08-12 05:06:05"
14328,159134,leafhopper,genus,Magicicada,leafhopper,0,0,2,0,https://www.inaturalist.org/observations/216134716,"2024-08-12 05:09:04"
14329,159086,leafhopper,genus,Magicicada,leafhopper,0,0,2,0,https://www.inaturalist.org/observations/216114055,"2024-08-12 05:09:04"
14330,158908,beetle,superfamily,Curculionoidea,beetle,0,0,2,0,https://www.inaturalist.org/observations/215920651,"2024-08-12 05:15:05"
14331,158821,beetle,family,Elateridae,beetle,0,0,2,0,https://www.inaturalist.org/observations/215907276,"2024-08-12 05:15:05"
14332,158798,beetle,family,Mordellidae,beetle,0,0,2,0,https://www.inaturalist.org/observations/215902672,"2024-08-12 05:15:05"
14333,158787,beetle,subtribe,Diabroticina,beetle,0,0,2,0,https://www.inaturalist.org/observations/215900601,"2024-08-12 05:15:05"
14334,158473,beetle,subphylum,Hexapoda,beetle,0,0,1,0,https://www.inaturalist.org/observations/215484833,"2024-08-12 05:21:04"
14335,158178,beetle,family,Elateridae,beetle,0,0,2,0,https://www.inaturalist.org/observations/214791525,"2024-08-12 05:27:05"
14336,158077,leafhopper,genus,Magicicada,leafhopper,0,0,2,0,https://www.inaturalist.org/observations/214583859,"2024-08-12 05:30:07"
14337,158028,beetle,species,"Harmonia axyridis",beetle,0,0,3,0,https://www.inaturalist.org/observations/214575244,"2024-08-12 05:30:07"
14338,157978,leafhopper,genus,Magicicada,leafhopper,0,0,2,0,https://www.inaturalist.org/observations/214406704,"2024-08-12 05:30:07"
14339,157962,leafhopper,genus,Magicicada,leafhopper,0,0,2,0,https://www.inaturalist.org/observations/214405630,"2024-08-12 05:33:05"
14340,157579,leafhopper,genus,Magicicada,leafhopper,0,0,2,0,https://www.inaturalist.org/observations/213994859,"2024-08-12 05:39:05"
14341,157509,leafhopper,genus,Magicicada,leafhopper,0,0,2,0,https://www.inaturalist.org/observations/213985091,"2024-08-12 05:39:05"
14342,176473,spider,genus,Theridion,spider,0,0,2,0,https://www.inaturalist.org/observations/229059992,"2024-08-12 01:12:05"
14343,176471,spider,order,Opiliones,daddylonglegs,0,0,3,1,https://www.inaturalist.org/observations/228899764,"2024-08-12 01:12:05"
14344,176443,beetle,species,"Popillia japonica",beetle,0,0,4,0,https://www.inaturalist.org/observations/228854142,"2024-08-12 01:12:05"
14345,176442,unidentified,suborder,Heteroptera,truebugs,0,0,1,0,https://www.inaturalist.org/observations/228853589,"2024-08-12 01:12:05"
14346,176439,spider,subfamily,Araneinae,spider,0,0,2,0,https://www.inaturalist.org/observations/228850611,"2024-08-12 01:12:05"
14347,176412,spider,family,Thomisidae,spider,0,0,2,0,https://www.inaturalist.org/observations/228839481,"2024-08-12 01:12:05"
14348,176397,unidentified,genus,Acanalonia,leafhopper,0,0,1,0,https://www.inaturalist.org/observations/228830881,"2024-08-12 01:12:05"
14349,176394,truebugs,species,"Zelus luridus",truebugs,0,0,2,0,https://www.inaturalist.org/observations/228829779,"2024-08-12 01:12:05"
14350,176393,truebugs,species,"Dendrocoris humeralis",truebugs,0,0,3,0,https://www.inaturalist.org/observations/228829240,"2024-08-12 01:12:05"
14351,176381,beetle,infraorder,Cicadomorpha,leafhopper,0,0,4,1,https://www.inaturalist.org/observations/228825850,"2024-08-12 01:12:05"
14352,176377,ant,species,"Camponotus nearcticus",ant,0,0,2,0,https://www.inaturalist.org/observations/228824467,"2024-08-12 01:12:05"
14353,176372,ant,species,"Camponotus chromaiodes",ant,0,0,2,0,https://www.inaturalist.org/observations/228821895,"2024-08-12 01:12:05"
14354,176355,fly,order,Lepidoptera,moths,0,0,4,1,https://www.inaturalist.org/observations/228816769,"2024-08-12 01:12:05"
14355,176339,spider,genus,Araneus,spider,0,0,2,0,https://www.inaturalist.org/observations/228721878,"2024-08-12 01:15:06"
14356,176337,bee,family,Ichneumonidae,bee,0,0,2,0,https://www.inaturalist.org/observations/228719890,"2024-08-12 01:15:06"
14357,176184,caterpillar,species,"Halysidota harrisii",moths,0,0,3,0,https://www.inaturalist.org/observations/228651768,"2024-08-12 01:15:06"
14358,176183,fly,family,Dolichopodidae,fly,0,0,2,0,https://www.inaturalist.org/observations/228651245,"2024-08-12 01:15:06"
14359,176178,bee,epifamily,Anthophila,bee,0,0,2,0,https://www.inaturalist.org/observations/228650746,"2024-08-12 01:15:06"
14360,176279,fly,species,"Efferia aestuans",fly,0,0,5,0,https://www.inaturalist.org/observations/228624043,"2024-08-12 01:15:06"
14361,176270,leafhopper,species,"Ormenoides venusta",leafhopper,0,0,3,0,https://www.inaturalist.org/observations/228622555,"2024-08-12 01:15:06"
14362,176241,ant,subgenus,Lasius,ant,0,0,2,0,https://www.inaturalist.org/observations/228618391,"2024-08-12 01:15:06"
14363,176219,beetle,species,"Cyrtepistomus castaneus",beetle,0,0,3,0,https://www.inaturalist.org/observations/228613568,"2024-08-12 01:15:06"
14364,176206,beetle,family,Elateridae,beetle,0,0,2,0,https://www.inaturalist.org/observations/228611105,"2024-08-12 01:15:06"
14365,176195,unidentified,infraorder,Fulgoromorpha,leafhopper,0,0,1,0,https://www.inaturalist.org/observations/228518807,"2024-08-12 01:15:06"
14366,176194,fly,order,Ephemeroptera,Ephemeroptera,0,0,3,1,https://www.inaturalist.org/observations/228518277,"2024-08-12 01:15:06"
14367,176181,truebugs,order,Dermaptera,Dermaptera,0,0,3,1,https://www.inaturalist.org/observations/228506317,"2024-08-12 01:15:06"
14368,176177,ant,subfamily,Formicinae,ant,0,0,2,0,https://www.inaturalist.org/observations/228504564,"2024-08-12 01:15:06"
14369,176176,ant,complex,"Formica fusca",ant,0,0,2,0,https://www.inaturalist.org/observations/228503976,"2024-08-12 01:15:06"
14370,176169,beetle,family,Elateridae,beetle,0,0,3,0,https://www.inaturalist.org/observations/228499580,"2024-08-12 01:15:06"
14371,176168,beetle,infraorder,Cucujiformia,beetle,0,0,2,0,https://www.inaturalist.org/observations/228499003,"2024-08-12 01:15:06"
14372,176167,spider,order,Opiliones,daddylonglegs,0,0,3,1,https://www.inaturalist.org/observations/228497924,"2024-08-12 01:15:06"
14373,176163,ant,subfamily,Formicinae,ant,0,0,2,0,https://www.inaturalist.org/observations/228490908,"2024-08-12 01:18:06"
14374,176161,spider,species,"Arilus cristatus",truebugs,0,0,3,1,https://www.inaturalist.org/observations/228469493,"2024-08-12 01:18:06"
14375,176160,beetle,family,Scarabaeidae,beetle,0,0,2,0,https://www.inaturalist.org/observations/228468967,"2024-08-12 01:18:06"
14376,176145,beetle,species,"Pseudocneorhinus bifasciatus",beetle,0,0,3,0,https://www.inaturalist.org/observations/228455821,"2024-08-12 01:18:06"
14377,176141,spider,species,"Metepeira labyrinthea",spider,0,0,2,0,https://www.inaturalist.org/observations/228454677,"2024-08-12 01:18:06"
14378,176134,caterpillar,species,"Acronicta americana",caterpillar,0,0,3,0,https://www.inaturalist.org/observations/228453424,"2024-08-12 01:18:06"
14379,176131,caterpillar,species,"Halysidota harrisii",caterpillar,0,0,3,0,https://www.inaturalist.org/observations/228452924,"2024-08-12 01:18:06"
14380,176130,beetle,superfamily,Elateroidea,beetle,0,0,2,0,https://www.inaturalist.org/observations/228452473,"2024-08-12 01:18:06"
14381,176098,spider,species,"Misumessus oblongus",spider,0,0,3,0,https://www.inaturalist.org/observations/228446717,"2024-08-12 01:18:06"
14382,176097,beetle,family,Elateridae,beetle,0,0,2,0,https://www.inaturalist.org/observations/228446163,"2024-08-12 01:18:06"
14383,176091,spider,family,Salticidae,spider,0,0,3,0,https://www.inaturalist.org/observations/228445213,"2024-08-12 01:18:06"
14384,176087,truebugs,genus,Euschistus,truebugs,0,0,3,0,https://www.inaturalist.org/observations/228444620,"2024-08-12 01:18:06"
14385,176071,beetle,family,Elateridae,beetle,0,0,2,0,https://www.inaturalist.org/observations/228441895,"2024-08-12 01:18:06"
14386,176069,spider,genus,Colonus,spider,0,0,3,0,https://www.inaturalist.org/observations/228441324,"2024-08-12 01:18:06"
14387,176068,fly,family,Tipulidae,fly,0,0,2,0,https://www.inaturalist.org/observations/228440816,"2024-08-12 01:18:06"
14388,176067,leafhopper,species,"Metcalfa pruinosa",leafhopper,0,0,3,0,https://www.inaturalist.org/observations/228440142,"2024-08-12 01:18:06"
14389,176062,spider,family,Salticidae,spider,0,0,2,0,https://www.inaturalist.org/observations/228438617,"2024-08-12 01:18:06"
14390,176016,caterpillar,species,"Paectes abrostoloides",caterpillar,0,0,3,0,https://www.inaturalist.org/observations/228433264,"2024-08-12 01:18:06"
14391,176015,bee,family,Ichneumonidae,bee,0,0,2,0,https://www.inaturalist.org/observations/228432777,"2024-08-12 01:18:06"
14392,176008,grasshopper,genus,Amblycorypha,grasshopper,0,0,2,0,https://www.inaturalist.org/observations/228432130,"2024-08-12 01:18:06"
14393,175997,leafhopper,species,"Flatormenis proxima",leafhopper,0,0,3,0,https://www.inaturalist.org/observations/228430240,"2024-08-12 01:18:06"
14394,175983,caterpillar,genus,Acronicta,moths,0,0,2,0,https://www.inaturalist.org/observations/228424626,"2024-08-12 01:21:06"
14395,175906,daddylonglegs,order,Opiliones,daddylonglegs,0,0,2,0,https://www.inaturalist.org/observations/228238734,"2024-08-12 01:21:06"
14396,175903,caterpillar,species,"Acronicta americana",moths,0,0,3,0,https://www.inaturalist.org/observations/228237801,"2024-08-12 01:21:06"
14397,175892,caterpillar,species,"Acronicta americana",moths,0,0,3,0,https://www.inaturalist.org/observations/228235825,"2024-08-12 01:21:06"
14398,175875,spider,species,"Verrucosa arenata",spider,0,0,3,0,https://www.inaturalist.org/observations/228232832,"2024-08-12 01:21:06"
14399,175874,spider,species,"Metepeira labyrinthea",spider,0,0,2,0,https://www.inaturalist.org/observations/228232242,"2024-08-12 01:21:06"
14400,175871,beetle,species,"Cyrtepistomus castaneus",beetle,0,0,2,0,https://www.inaturalist.org/observations/228231744,"2024-08-12 01:21:06"
14401,175870,beetle,species,"Pseudoedophrys hilleri",beetle,0,0,2,0,https://www.inaturalist.org/observations/228231119,"2024-08-12 01:21:06"
14402,175849,truebugs,species,"Chinavia hilaris",truebugs,0,0,3,0,https://www.inaturalist.org/observations/228227461,"2024-08-12 01:21:06"
14403,175846,other,order,Polydesmida,Polydesmida,0,0,1,0,https://www.inaturalist.org/observations/228226894,"2024-08-12 01:21:06"
14404,175791,grasshopper,genus,Oecanthus,grasshopper,0,0,3,0,https://www.inaturalist.org/observations/228074730,"2024-08-12 01:21:06"
14405,175781,other,suborder,Hemerobiiformia,Neuroptera,0,0,2,0,https://www.inaturalist.org/observations/228037256,"2024-08-12 01:21:06"
14406,175770,caterpillar,species,"Ianassa lignicolor",caterpillar,0,0,3,0,https://www.inaturalist.org/observations/228034157,"2024-08-12 01:21:06"
14407,175767,caterpillar,superfamily,Noctuoidea,caterpillar,0,0,2,0,https://www.inaturalist.org/observations/228033484,"2024-08-12 01:21:06"
14408,175766,caterpillar,species,"Hyphantria cunea",caterpillar,0,0,3,0,https://www.inaturalist.org/observations/228032976,"2024-08-12 01:24:06"
14409,175762,spider,species,"Hibana gracilis",spider,0,0,2,0,https://www.inaturalist.org/observations/228031821,"2024-08-12 01:24:06"
14410,175755,ant,subfamily,Formicinae,ant,0,0,2,0,https://www.inaturalist.org/observations/228029519,"2024-08-12 01:24:06"
14411,175751,beetle,species,"Popillia japonica",beetle,0,0,3,0,https://www.inaturalist.org/observations/228027647,"2024-08-12 01:24:06"
14412,175714,other,family,Paradoxosomatidae,Polydesmida,0,0,1,0,https://www.inaturalist.org/observations/228018626,"2024-08-12 01:24:06"
14413,175702,aphid,species,"Grylloprociphilus imbricator",aphid,0,0,2,0,https://www.inaturalist.org/observations/228015911,"2024-08-12 01:24:06"
14414,175700,caterpillar,species,"Machimia tentoriferella",caterpillar,0,0,2,0,https://www.inaturalist.org/observations/228015436,"2024-08-12 01:24:06"
14415,175695,caterpillar,family,Geometridae,caterpillar,0,0,2,0,https://www.inaturalist.org/observations/228014509,"2024-08-12 01:24:06"
14416,175687,caterpillar,genus,Acronicta,caterpillar,0,0,2,0,https://www.inaturalist.org/observations/228011937,"2024-08-12 01:24:06"
14417,175651,beetle,species,"Naupactus leucoloma",beetle,0,0,3,0,https://www.inaturalist.org/observations/227870858,"2024-08-12 01:24:06"
14418,175213,leafhopper,genus,Gyponana,leafhopper,0,0,2,0,https://www.inaturalist.org/observations/227292558,"2024-08-12 01:30:08"
14419,175072,beetle,family,Elateridae,beetle,0,0,2,0,https://www.inaturalist.org/observations/227119389,"2024-08-12 01:33:05"
14420,175069,beetle,order,Dermaptera,Dermaptera,0,0,3,1,https://www.inaturalist.org/observations/227118141,"2024-08-12 01:33:05"
14421,175068,leafhopper,species,"Platycotis vittata",leafhopper,0,0,2,0,https://www.inaturalist.org/observations/227117562,"2024-08-12 01:33:06"
14422,175065,beetle,family,Elateridae,beetle,0,0,2,0,https://www.inaturalist.org/observations/227115673,"2024-08-12 01:33:06"
14423,174950,leafhopper,species,"Rugosana querci",leafhopper,0,0,2,0,https://www.inaturalist.org/observations/227078906,"2024-08-12 01:33:06"
14424,174933,leafhopper,species,"Aplos simplex",leafhopper,0,0,2,0,https://www.inaturalist.org/observations/227076501,"2024-08-12 01:33:06"
14425,173603,caterpillar,subclass,Pterygota,bee,0,1,2,1,https://www.inaturalist.org/observations/226241896,"2024-08-12 01:48:05"
14426,173300,ant,genus,Camponotus,ant,0,0,2,0,https://www.inaturalist.org/observations/225744100,"2024-08-12 01:51:04"
14427,168243,ant,class,Insecta,ant,0,0,1,0,https://www.inaturalist.org/observations/224882413,"2024-08-12 02:15:05"
14428,171103,ant,subfamily,Formicinae,ant,0,0,2,0,https://www.inaturalist.org/observations/224247035,"2024-08-12 02:21:05"
14429,171101,beetle,order,Dermaptera,Dermaptera,0,0,3,1,https://www.inaturalist.org/observations/224246064,"2024-08-12 02:21:05"
14430,168438,spider,genus,Wulfila,spider,0,0,2,0,https://www.inaturalist.org/observations/222674563,"2024-08-12 02:57:05"
14431,177775,fly,genus,Condylostylus,fly,0,0,2,0,https://www.inaturalist.org/observations/230538234,"2024-08-12 00:45:04"
14432,177761,unidentified,infraorder,Cicadomorpha,leafhopper,0,0,1,0,https://www.inaturalist.org/observations/230527697,"2024-08-12 00:45:04"
14433,177759,truebugs,genus,Piezogaster,truebugs,0,0,2,0,https://www.inaturalist.org/observations/230524091,"2024-08-12 00:45:04"
14434,177754,spider,order,Araneae,spider,0,0,2,0,https://www.inaturalist.org/observations/230521523,"2024-08-12 00:45:04"
14435,177529,ant,subgenus,Myrmentoma,ant,0,0,3,0,https://www.inaturalist.org/observations/230379591,"2024-08-12 00:45:04"
14436,177686,spider,zoosection,"Rta clade",spider,0,0,2,0,https://www.inaturalist.org/observations/230322355,"2024-08-12 00:48:05"
14437,177685,beetle,order,Dermaptera,Dermaptera,0,0,3,1,https://www.inaturalist.org/observations/230320678,"2024-08-12 00:48:05"
14438,177684,spider,infraorder,Entelegynae,spider,0,0,2,0,https://www.inaturalist.org/observations/230319221,"2024-08-12 00:48:05"
14439,177681,caterpillar,species,"Hyphantria cunea",caterpillar,0,0,2,0,https://www.inaturalist.org/observations/230299432,"2024-08-12 00:48:05"
14440,177679,moths,species,"Atteva aurea",moths,0,0,4,0,https://www.inaturalist.org/observations/230298890,"2024-08-12 00:48:05"
14441,177678,leafhopper,superfamily,Cicadoidea,leafhopper,0,0,2,0,https://www.inaturalist.org/observations/230298297,"2024-08-12 00:48:05"
14442,177671,beetle,family,Pentatomidae,truebugs,0,0,3,1,https://www.inaturalist.org/observations/230297179,"2024-08-12 00:48:05"
14443,177666,beetle,subfamily,Entiminae,beetle,0,0,2,0,https://www.inaturalist.org/observations/230296501,"2024-08-12 00:48:05"
14444,177654,other,species,"Sympetrum vicinum",Odonata,0,0,3,0,https://www.inaturalist.org/observations/230295446,"2024-08-12 00:48:05"
14445,177650,grasshopper,species,"Cyrtoxipha columbiana",grasshopper,0,0,2,0,https://www.inaturalist.org/observations/230294375,"2024-08-12 00:48:05"
14446,177648,spider,infraorder,Entelegynae,spider,0,0,2,0,https://www.inaturalist.org/observations/230293873,"2024-08-12 00:48:05"
14447,177647,beetle,species,"Cyrtepistomus castaneus",beetle,0,0,3,0,https://www.inaturalist.org/observations/230293420,"2024-08-12 00:48:05"
14448,177642,spider,family,Salticidae,spider,0,0,2,0,https://www.inaturalist.org/observations/230291585,"2024-08-12 00:48:05"
14449,177624,spider,family,Salticidae,spider,0,0,2,0,https://www.inaturalist.org/observations/230288765,"2024-08-12 00:48:05"
14450,177619,spider,genus,Hibana,spider,0,0,2,0,https://www.inaturalist.org/observations/230287393,"2024-08-12 00:48:05"
14451,177618,bee,subclass,Pterygota,truebugs,0,0,2,1,https://www.inaturalist.org/observations/230286870,"2024-08-12 00:48:05"
14452,177616,unidentified,family,Tingidae,truebugs,0,0,1,0,https://www.inaturalist.org/observations/230286477,"2024-08-12 00:48:05"
14453,177614,daddylonglegs,species,"Odiellus pictus",daddylonglegs,0,0,2,0,https://www.inaturalist.org/observations/230285956,"2024-08-12 00:48:05"
14454,177608,spider,zoosubsection,Dionycha,spider,0,0,2,0,https://www.inaturalist.org/observations/230284174,"2024-08-12 00:48:05"
14455,177578,spider,family,Salticidae,spider,0,0,2,0,https://www.inaturalist.org/observations/230281293,"2024-08-12 00:48:05"
14456,177573,spider,family,Salticidae,spider,0,0,2,0,https://www.inaturalist.org/observations/230279667,"2024-08-12 00:51:05"
14457,177570,daddylonglegs,complex,"Leiobunum politum",daddylonglegs,0,0,2,0,https://www.inaturalist.org/observations/230278916,"2024-08-12 00:51:05"
14458,176811,caterpillar,genus,Halysidota,moths,0,0,3,0,https://www.inaturalist.org/observations/230223740,"2024-08-12 00:51:05"
14459,176326,leafhopper,species,"Metcalfa pruinosa",leafhopper,0,0,2,0,https://www.inaturalist.org/observations/230223010,"2024-08-12 00:51:05"
14460,176324,truebugs,species,"Chinavia hilaris",truebugs,0,0,3,0,https://www.inaturalist.org/observations/230222277,"2024-08-12 00:51:05"
14461,176323,leafhopper,species,"Ormenoides venusta",leafhopper,0,0,2,0,https://www.inaturalist.org/observations/230221864,"2024-08-12 00:51:05"
14462,176322,leafhopper,species,"Metcalfa pruinosa",leafhopper,0,0,2,0,https://www.inaturalist.org/observations/230221524,"2024-08-12 00:51:05"
14463,176313,leafhopper,species,"Acanalonia conica",leafhopper,0,0,2,0,https://www.inaturalist.org/observations/230219587,"2024-08-12 00:51:05"
14464,176311,caterpillar,species,"Halysidota tessellaris",moths,0,0,2,0,https://www.inaturalist.org/observations/230219222,"2024-08-12 00:51:05"
14465,176306,truebugs,genus,Acanthocephala,truebugs,0,0,2,0,https://www.inaturalist.org/observations/230217544,"2024-08-12 00:51:05"
14466,176305,caterpillar,species,"Halysidota tessellaris",moths,0,0,2,0,https://www.inaturalist.org/observations/230217122,"2024-08-12 00:51:05"
14467,176297,beetle,genus,Neofidia,beetle,0,0,2,0,https://www.inaturalist.org/observations/230214326,"2024-08-12 00:51:05"
14468,176286,leafhopper,species,"Flatormenis proxima",leafhopper,0,0,2,0,https://www.inaturalist.org/observations/230213406,"2024-08-12 00:51:05"
14469,176285,spider,family,Philodromidae,spider,0,0,2,0,https://www.inaturalist.org/observations/230213021,"2024-08-12 00:51:05"
14470,177508,leafhopper,species,"Metcalfa pruinosa",leafhopper,0,0,3,0,https://www.inaturalist.org/observations/230192383,"2024-08-12 00:51:05"
14471,177480,aphid,superfamily,Psylloidea,aphid,0,0,2,0,https://www.inaturalist.org/observations/230189991,"2024-08-12 00:54:05"
14472,177479,beetle,species,"Harmonia axyridis",beetle,1,0,4,0,https://www.inaturalist.org/observations/230189609,"2024-08-12 00:54:05"
14473,177442,unidentified,order,Hemiptera,truebugs,0,0,1,0,https://www.inaturalist.org/observations/230184050,"2024-08-12 00:54:05"
14474,177388,truebugs,species,"Zelus luridus",truebugs,0,0,2,0,https://www.inaturalist.org/observations/230111978,"2024-08-12 00:54:05"
14475,177382,beetle,subfamily,Cryptocephalinae,beetle,0,0,2,0,https://www.inaturalist.org/observations/230111473,"2024-08-12 00:54:05"
14476,177374,beetle,species,"Pseudocneorhinus bifasciatus",beetle,0,0,3,0,https://www.inaturalist.org/observations/230104689,"2024-08-12 00:54:05"
14477,177372,spider,family,Thomisidae,spider,0,0,2,0,https://www.inaturalist.org/observations/230103502,"2024-08-12 00:54:05"
14478,177365,beetle,species,"Pseudocneorhinus bifasciatus",beetle,0,0,3,0,https://www.inaturalist.org/observations/230101866,"2024-08-12 00:54:05"
14479,177356,leafhopper,species,"Flatormenis proxima",leafhopper,0,0,3,0,https://www.inaturalist.org/observations/230100221,"2024-08-12 00:54:05"
14480,177340,spider,genus,Lyssomanes,spider,0,0,2,0,https://www.inaturalist.org/observations/230096381,"2024-08-12 00:54:05"
14481,177324,truebugs,species,"Zelus luridus",truebugs,0,0,3,0,https://www.inaturalist.org/observations/230093170,"2024-08-12 00:54:05"
14482,177318,other,order,Psocodea,Psocodea,0,0,1,0,https://www.inaturalist.org/observations/230092642,"2024-08-12 00:54:05"
14483,177260,spider,species,"Araneus marmoreus",spider,0,0,3,0,https://www.inaturalist.org/observations/230087298,"2024-08-12 00:54:05"
14484,177253,beetle,species,"Cyrtepistomus castaneus",beetle,0,0,2,0,https://www.inaturalist.org/observations/230084969,"2024-08-12 00:57:05"
14485,177237,fly,species,"Camptoprosopella maculipennis",fly,0,0,2,0,https://www.inaturalist.org/observations/230081598,"2024-08-12 00:57:05"
14486,177220,leafhopper,species,"Acanalonia conica",leafhopper,0,0,2,0,https://www.inaturalist.org/observations/229918825,"2024-08-12 00:57:05"
14487,177210,beetle,superfamily,Curculionoidea,beetle,0,0,2,0,https://www.inaturalist.org/observations/229914719,"2024-08-12 00:57:05"
14488,177204,spider,subfamily,Ageleninae,spider,0,0,3,0,https://www.inaturalist.org/observations/229913690,"2024-08-12 00:57:05"
14489,177194,daddylonglegs,genus,Leiobunum,daddylonglegs,0,0,2,0,https://www.inaturalist.org/observations/229910875,"2024-08-12 00:57:05"
14490,177192,spider,species,"Wulfila albens",spider,0,0,2,0,https://www.inaturalist.org/observations/229909809,"2024-08-12 00:57:05"
14491,177191,truebugs,species,"Zelus luridus",truebugs,0,0,3,0,https://www.inaturalist.org/observations/229909285,"2024-08-12 00:57:05"
14492,177189,spider,genus,Phidippus,spider,0,0,2,0,https://www.inaturalist.org/observations/229908758,"2024-08-12 00:57:05"
14493,177184,truebugs,species,"Zelus luridus",truebugs,0,0,2,0,https://www.inaturalist.org/observations/229907372,"2024-08-12 00:57:05"
14494,177179,spider,zoosubsection,Dionycha,spider,0,0,2,0,https://www.inaturalist.org/observations/229906861,"2024-08-12 00:57:05"
14495,177177,spider,family,Thomisidae,spider,0,0,2,0,https://www.inaturalist.org/observations/229905798,"2024-08-12 00:57:05"
14496,177175,leafhopper,species,"Flatormenis proxima",leafhopper,0,0,3,0,https://www.inaturalist.org/observations/229904626,"2024-08-12 00:57:05"
14497,177174,truebugs,genus,Hyaliodes,truebugs,0,0,2,0,https://www.inaturalist.org/observations/229904057,"2024-08-12 00:57:05"
14498,177173,leafhopper,species,"Ormenoides venusta",leafhopper,0,0,3,0,https://www.inaturalist.org/observations/229903549,"2024-08-12 00:57:05"
14499,177170,beetle,family,Elateridae,beetle,0,0,2,0,https://www.inaturalist.org/observations/229902466,"2024-08-12 00:57:05"
14500,177168,spider,genus,Hentzia,spider,0,0,2,0,https://www.inaturalist.org/observations/229901950,"2024-08-12 00:57:05"
14501,177159,beetle,family,Elateridae,beetle,0,0,2,0,https://www.inaturalist.org/observations/229901475,"2024-08-12 00:57:05"
14502,177156,leafhopper,complex,"Enchenopa binotata",leafhopper,0,0,2,0,https://www.inaturalist.org/observations/229900531,"2024-08-12 00:57:05"
14503,177141,beetle,family,Elateridae,beetle,0,0,2,0,https://www.inaturalist.org/observations/229898153,"2024-08-12 01:00:06"
14504,177131,bee,species,"Arge pectoralis",bee,0,1,2,0,https://www.inaturalist.org/observations/229896809,"2024-08-12 01:00:06"
14505,177128,spider,genus,Tmarus,spider,0,0,2,0,https://www.inaturalist.org/observations/229895662,"2024-08-12 01:00:06"
14506,177125,bee,species,"Arge pectoralis",bee,0,1,2,0,https://www.inaturalist.org/observations/229895218,"2024-08-12 01:00:06"
14507,177105,truebugs,species,"Sinea spinipes",truebugs,0,0,2,0,https://www.inaturalist.org/observations/229891889,"2024-08-12 01:00:06"
14508,177069,caterpillar,species,"Natada nasoni",moths,0,0,2,0,https://www.inaturalist.org/observations/229890816,"2024-08-12 01:00:06"
14509,177048,truebugs,species,"Zelus luridus",truebugs,0,0,2,0,https://www.inaturalist.org/observations/229890364,"2024-08-12 01:00:06"
14510,177047,beetle,species,"Pseudoedophrys hilleri",beetle,0,0,2,0,https://www.inaturalist.org/observations/229889938,"2024-08-12 01:00:06"
14511,177044,caterpillar,species,"Acronicta retardata",caterpillar,0,0,3,0,https://www.inaturalist.org/observations/229889448,"2024-08-12 01:00:07"
14512,177039,leafhopper,suborder,Auchenorrhyncha,leafhopper,0,0,2,0,https://www.inaturalist.org/observations/229789641,"2024-08-12 01:00:08"
14513,177035,spider,genus,Leucauge,spider,0,0,2,0,https://www.inaturalist.org/observations/229787254,"2024-08-12 01:00:08"
14514,177033,other,family,Limacodidae,moths,0,0,2,0,https://www.inaturalist.org/observations/229786455,"2024-08-12 01:00:08"
14515,176998,beetle,genus,Palaminus,beetle,0,0,3,0,https://www.inaturalist.org/observations/229764151,"2024-08-12 01:00:08"
14516,176951,leafhopper,species,"Acanalonia conica",leafhopper,0,0,3,0,https://www.inaturalist.org/observations/229723924,"2024-08-12 01:00:08"
14517,176949,spider,genus,Tetragnatha,spider,0,0,2,0,https://www.inaturalist.org/observations/229723485,"2024-08-12 01:00:08"
14518,176946,beetle,species,"Pseudoedophrys hilleri",beetle,0,0,2,0,https://www.inaturalist.org/observations/229722441,"2024-08-12 01:00:08"
14519,176940,beetle,species,"Pseudocneorhinus bifasciatus",beetle,0,0,3,0,https://www.inaturalist.org/observations/229719471,"2024-08-12 01:00:08"
14520,176932,leafhopper,species,"Metcalfa pruinosa",leafhopper,0,0,4,0,https://www.inaturalist.org/observations/229716646,"2024-08-12 01:00:08"
14521,176924,moths,subfamily,Acentropinae,moths,0,0,2,0,https://www.inaturalist.org/observations/229713211,"2024-08-12 01:03:05"
14522,176923,spider,family,Araneidae,spider,0,0,2,0,https://www.inaturalist.org/observations/229712638,"2024-08-12 01:03:05"
14523,176921,beetle,species,"Tenomerga cinerea",beetle,0,0,3,0,https://www.inaturalist.org/observations/229711574,"2024-08-12 01:03:05"
14524,176918,bee,subfamily,Vespinae,bee,0,0,2,0,https://www.inaturalist.org/observations/229711144,"2024-08-12 01:03:05"
14525,176917,leafhopper,species,"Ormenoides venusta",leafhopper,0,0,3,0,https://www.inaturalist.org/observations/229710502,"2024-08-12 01:03:05"
14526,176916,spider,genus,Wulfila,spider,0,0,2,0,https://www.inaturalist.org/observations/229709806,"2024-08-12 01:03:05"
14527,176908,spider,genus,Tetragnatha,spider,0,0,2,0,https://www.inaturalist.org/observations/229707741,"2024-08-12 01:03:05"
14528,176904,beetle,species,"Cyrtepistomus castaneus",beetle,0,0,2,0,https://www.inaturalist.org/observations/229706692,"2024-08-12 01:03:05"
14529,176891,beetle,species,"Harmonia axyridis",beetle,1,0,3,0,https://www.inaturalist.org/observations/229702721,"2024-08-12 01:03:05"
14530,176885,spider,species,"Verrucosa arenata",spider,0,0,3,0,https://www.inaturalist.org/observations/229700565,"2024-08-12 01:03:05"
14531,176868,caterpillar,species,"Acronicta americana",moths,0,0,3,0,https://www.inaturalist.org/observations/229697364,"2024-08-12 01:03:05"
14532,176862,spider,species,"Micrathena gracilis",spider,0,0,2,0,https://www.inaturalist.org/observations/229695955,"2024-08-12 01:03:05"
14533,176855,spider,genus,Neoscona,spider,0,0,2,0,https://www.inaturalist.org/observations/229694497,"2024-08-12 01:03:05"
14534,176850,spider,family,Araneidae,spider,0,0,3,0,https://www.inaturalist.org/observations/229693049,"2024-08-12 01:03:05"
14535,176846,beetle,family,Chrysomelidae,beetle,0,0,2,0,https://www.inaturalist.org/observations/229691638,"2024-08-12 01:03:05"
14536,176845,spider,genus,Neoscona,spider,0,0,2,0,https://www.inaturalist.org/observations/229691194,"2024-08-12 01:03:05"
14537,176836,beetle,family,Elateridae,beetle,0,0,2,0,https://www.inaturalist.org/observations/229688874,"2024-08-12 01:06:06"
14538,176834,spider,species,"Micrathena sagittata",spider,0,0,3,0,https://www.inaturalist.org/observations/229688402,"2024-08-12 01:06:06"
14539,176816,beetle,subclass,Pterygota,truebugs,0,0,2,1,https://www.inaturalist.org/observations/229568317,"2024-08-12 01:06:06"
14540,176809,beetle,species,"Pseudoedophrys hilleri",beetle,0,0,3,0,https://www.inaturalist.org/observations/229527881,"2024-08-12 01:06:06"
14541,176806,bee,species,"Delphinia picta",fly,0,0,3,1,https://www.inaturalist.org/observations/229527300,"2024-08-12 01:06:06"
14542,176803,truebugs,species,"Arilus cristatus",truebugs,0,0,3,0,https://www.inaturalist.org/observations/229526523,"2024-08-12 01:06:06"
14543,176799,beetle,superfamily,Pentatomoidea,truebugs,0,0,3,1,https://www.inaturalist.org/observations/229525476,"2024-08-12 01:06:06"
14544,176797,beetle,species,"Cyrtepistomus castaneus",beetle,0,0,3,0,https://www.inaturalist.org/observations/229524935,"2024-08-12 01:06:06"
14545,176796,beetle,genus,Rhagonycha,beetle,0,0,3,0,https://www.inaturalist.org/observations/229524403,"2024-08-12 01:06:06"
14546,176795,fly,order,Psocodea,Psocodea,0,0,3,1,https://www.inaturalist.org/observations/229523698,"2024-08-12 01:06:06"
14547,176793,beetle,species,"Cyrtepistomus castaneus",beetle,0,0,3,0,https://www.inaturalist.org/observations/229522645,"2024-08-12 01:06:06"
14548,176791,beetle,order,Dermaptera,Dermaptera,0,0,3,1,https://www.inaturalist.org/observations/229521604,"2024-08-12 01:06:06"
14549,176790,spider,order,Opiliones,daddylonglegs,0,0,3,1,https://www.inaturalist.org/observations/229521095,"2024-08-12 01:06:06"
14550,176785,beetle,order,Dermaptera,Dermaptera,0,0,3,1,https://www.inaturalist.org/observations/229519247,"2024-08-12 01:06:06"
14551,176784,caterpillar,family,Geometridae,caterpillar,0,0,2,0,https://www.inaturalist.org/observations/229518685,"2024-08-12 01:06:06"
14552,176783,ant,subgenus,Crematogaster,ant,0,0,3,0,https://www.inaturalist.org/observations/229518046,"2024-08-12 01:06:06"
14553,176774,caterpillar,family,Geometridae,caterpillar,0,0,2,0,https://www.inaturalist.org/observations/229512550,"2024-08-12 01:06:06"
14554,176767,ant,subgenus,Camponotus,ant,0,0,2,0,https://www.inaturalist.org/observations/229509361,"2024-08-12 01:09:05"
14555,176766,leafhopper,subclass,Pterygota,Psocodea,0,0,2,1,https://www.inaturalist.org/observations/229508719,"2024-08-12 01:09:05"
14556,176765,beetle,genus,Rhagonycha,beetle,0,0,3,0,https://www.inaturalist.org/observations/229508185,"2024-08-12 01:09:05"
14557,176764,caterpillar,family,Geometridae,caterpillar,0,0,2,0,https://www.inaturalist.org/observations/229507671,"2024-08-12 01:09:05"
14558,176762,beetle,family,Cantharidae,beetle,0,0,2,0,https://www.inaturalist.org/observations/229506574,"2024-08-12 01:09:05"
14559,176750,aphid,species,"Grylloprociphilus imbricator",aphid,0,0,2,0,https://www.inaturalist.org/observations/229494379,"2024-08-12 01:09:05"
14560,176748,beetle,family,Elateridae,beetle,0,0,2,0,https://www.inaturalist.org/observations/229493893,"2024-08-12 01:09:05"
14561,176743,spider,genus,Colonus,spider,0,0,2,0,https://www.inaturalist.org/observations/229492674,"2024-08-12 01:09:05"
14562,176719,beetle,infraorder,Elateriformia,beetle,0,0,2,0,https://www.inaturalist.org/observations/229489852,"2024-08-12 01:09:05"
14563,176694,caterpillar,species,"Acharia stimulea",moths,0,0,4,0,https://www.inaturalist.org/observations/229486578,"2024-08-12 01:09:05"
14564,176674,beetle,infraorder,Elateriformia,beetle,0,0,2,0,https://www.inaturalist.org/observations/229484539,"2024-08-12 01:09:05"
14565,176633,grasshopper,species,"Phyllopalpus pulchellus",grasshopper,0,0,3,0,https://www.inaturalist.org/observations/229374160,"2024-08-12 01:09:05"
14566,176624,ant,species,"Camponotus castaneus",ant,0,0,2,0,https://www.inaturalist.org/observations/229370487,"2024-08-12 01:09:05"
14567,176614,leafhopper,species,"Ormenoides venusta",leafhopper,0,0,2,0,https://www.inaturalist.org/observations/229299130,"2024-08-12 01:09:05"
14568,176602,spider,order,Araneae,spider,0,0,1,0,https://www.inaturalist.org/observations/229252859,"2024-08-12 01:09:05"
14569,176512,truebugs,genus,Hyaliodes,truebugs,0,0,2,0,https://www.inaturalist.org/observations/229080686,"2024-08-12 01:09:05"
14570,176345,truebugs,genus,Acanthocephala,truebugs,0,0,2,0,https://www.inaturalist.org/observations/228724450,"2024-08-12 01:15:06"
14571,176114,truebugs,tribe,Harpactorini,truebugs,0,0,2,0,https://www.inaturalist.org/observations/228450723,"2024-08-12 01:18:06"
14572,175911,spider,family,Anyphaenidae,spider,0,0,3,0,https://www.inaturalist.org/observations/228239769,"2024-08-12 01:21:06"
14573,175539,truebugs,genus,Acanthocephala,truebugs,0,0,2,0,https://www.inaturalist.org/observations/227402070,"2024-08-12 01:27:10"
14574,175151,truebugs,tribe,Anisoscelini,truebugs,0,0,2,0,https://www.inaturalist.org/observations/227287580,"2024-08-12 01:30:08"
14575,175066,fly,subclass,Pterygota,Mecoptera,0,0,2,1,https://www.inaturalist.org/observations/227116300,"2024-08-12 01:33:06"
14576,174979,truebugs,genus,Zelus,truebugs,0,0,2,0,https://www.inaturalist.org/observations/227095294,"2024-08-12 01:33:06"
14577,174456,beetle,species,"Chilocorus stigma",beetle,0,0,2,0,https://www.inaturalist.org/observations/226896602,"2024-08-12 01:36:05"
14578,171154,spider,family,Salticidae,spider,0,0,2,0,https://www.inaturalist.org/observations/224435319,"2024-08-12 02:18:04"
14579,169598,beetle,tribe,Coccinellini,beetle,0,0,2,0,https://www.inaturalist.org/observations/223576097,"2024-08-12 02:42:05"
14580,169597,beetle,species,"Harmonia axyridis",beetle,0,0,3,0,https://www.inaturalist.org/observations/223575468,"2024-08-12 02:42:05"
14581,168791,other,order,Dermaptera,Dermaptera,0,0,2,0,https://www.inaturalist.org/observations/222927338,"2024-08-12 02:54:05"
14582,168712,truebugs,family,Miridae,truebugs,0,0,2,0,https://www.inaturalist.org/observations/222892639,"2024-08-12 02:54:05"
14583,168705,caterpillar,subclass,Pterygota,bee,0,1,2,1,https://www.inaturalist.org/observations/222891253,"2024-08-12 02:57:05"
14584,167600,other,species,"Cerastipsocus venosus",Psocodea,0,0,2,0,https://www.inaturalist.org/observations/222281981,"2024-08-12 03:12:04"
14585,167480,other,species,"Polypsocus corruptus",Psocodea,0,0,2,0,https://www.inaturalist.org/observations/222259873,"2024-08-12 03:15:05"
14586,163092,ant,species,"Tapinoma sessile",ant,0,0,2,0,https://www.inaturalist.org/observations/219341777,"2024-08-12 04:09:06"
14587,162480,fly,subclass,Pterygota,Ephemeroptera,0,0,2,1,https://www.inaturalist.org/observations/219168947,"2024-08-12 04:12:06"
14588,161750,caterpillar,subclass,Pterygota,bee,0,1,2,1,https://www.inaturalist.org/observations/218699615,"2024-08-12 04:24:04"
14589,161749,caterpillar,subclass,Pterygota,bee,0,1,2,1,https://www.inaturalist.org/observations/218698797,"2024-08-12 04:24:04"
14590,161677,caterpillar,subclass,Pterygota,bee,0,1,2,1,https://www.inaturalist.org/observations/218676380,"2024-08-12 04:27:05"
14591,161676,caterpillar,subclass,Pterygota,bee,0,1,2,1,https://www.inaturalist.org/observations/218675555,"2024-08-12 04:27:05"
14592,161671,caterpillar,subclass,Pterygota,bee,0,1,2,1,https://www.inaturalist.org/observations/218672727,"2024-08-12 04:27:05"
14593,160750,other,order,Psocodea,Psocodea,0,0,1,0,https://www.inaturalist.org/observations/217681688,"2024-08-12 04:42:04"
14594,160393,other,species,"Forficula auricularia",Dermaptera,0,0,2,0,https://www.inaturalist.org/observations/217492747,"2024-08-12 04:48:04"
14595,158241,beetle,subclass,Pterygota,ant,0,0,2,1,https://www.inaturalist.org/observations/214804561,"2024-08-12 05:27:04"
14596,153537,fly,subclass,Pterygota,Psocodea,0,0,2,1,https://www.inaturalist.org/observations/176172737,"2024-08-12 06:24:04"
14597,153534,fly,subclass,Pterygota,Psocodea,0,0,2,1,https://www.inaturalist.org/observations/176171326,"2024-08-12 06:27:04"
14598,151076,grasshopper,subclass,Pterygota,truebugs,0,0,2,1,https://www.inaturalist.org/observations/173972560,"2024-08-12 07:15:05"
14599,151013,aphid,subclass,Pterygota,Psocodea,0,0,2,1,https://www.inaturalist.org/observations/173951314,"2024-08-12 07:15:05"
14600,149819,leafhopper,subclass,Pterygota,Ephemeroptera,0,0,2,1,https://www.inaturalist.org/observations/172910637,"2024-08-12 07:42:04"
14601,149817,leafhopper,subclass,Pterygota,Neuroptera,0,0,2,1,https://www.inaturalist.org/observations/172909824,"2024-08-12 07:42:04"
14602,147808,aphid,subclass,Pterygota,Psocodea,0,0,2,1,https://www.inaturalist.org/observations/171590977,"2024-08-12 08:21:05"
14603,140287,beetle,family,Aderidae,beetle,0,0,2,0,https://www.inaturalist.org/observations/166476760,"2024-07-22 09:42:06"
14604,179048,beetle,species,"Pseudoedophrys hilleri",beetle,0,0,2,0,https://www.inaturalist.org/observations/232143316,"2024-08-12 00:18:04"
14605,178986,leafhopper,species,"Metcalfa pruinosa",leafhopper,0,0,3,0,https://www.inaturalist.org/observations/232086673,"2024-08-12 00:21:04"
14606,178982,ant,subgenus,Crematogaster,ant,0,0,3,0,https://www.inaturalist.org/observations/232084036,"2024-08-12 00:21:04"
14607,178969,truebugs,genus,Pselliopus,truebugs,0,0,2,0,https://www.inaturalist.org/observations/232077087,"2024-08-12 00:21:04"
14608,178963,beetle,subclass,Pterygota,leafhopper,0,0,2,1,https://www.inaturalist.org/observations/232073554,"2024-08-12 00:21:04"
14609,178949,spider,infraorder,Entelegynae,spider,0,0,2,0,https://www.inaturalist.org/observations/232067110,"2024-08-12 00:21:04"
14610,178937,daddylonglegs,genus,Leiobunum,daddylonglegs,0,0,2,0,https://www.inaturalist.org/observations/232010672,"2024-08-12 00:21:04"
14611,178894,other,genus,Zelus,truebugs,0,0,1,0,https://www.inaturalist.org/observations/231858602,"2024-08-12 00:21:04"
14612,178814,leafhopper,species,"Metcalfa pruinosa",leafhopper,0,0,3,0,https://www.inaturalist.org/observations/231854805,"2024-08-12 00:24:05"
14613,178812,leafhopper,species,"Metcalfa pruinosa",leafhopper,0,0,3,0,https://www.inaturalist.org/observations/231853390,"2024-08-12 00:24:05"
14614,178809,spider,superfamily,Thomisoidea,spider,0,0,2,0,https://www.inaturalist.org/observations/231852165,"2024-08-12 00:24:05"
14615,178805,spider,tribe,Misumenini,spider,0,0,2,0,https://www.inaturalist.org/observations/231851089,"2024-08-12 00:24:05"
14616,178793,spider,family,Thomisidae,spider,0,0,2,0,https://www.inaturalist.org/observations/231849228,"2024-08-12 00:24:05"
14617,178792,spider,family,Salticidae,spider,0,0,2,0,https://www.inaturalist.org/observations/231848566,"2024-08-12 00:24:05"
14618,178783,caterpillar,genus,Panopoda,caterpillar,0,0,2,0,https://www.inaturalist.org/observations/231846071,"2024-08-12 00:24:05"
14619,178782,spider,family,Thomisidae,spider,0,0,2,0,https://www.inaturalist.org/observations/231845302,"2024-08-12 00:24:05"
14620,178778,spider,family,Anyphaenidae,spider,0,0,2,0,https://www.inaturalist.org/observations/231844774,"2024-08-12 00:24:05"
14621,178770,caterpillar,order,Lepidoptera,caterpillar,0,0,2,0,https://www.inaturalist.org/observations/231842824,"2024-08-12 00:24:05"
14622,178767,spider,subfamily,Salticinae,spider,0,0,2,0,https://www.inaturalist.org/observations/231840716,"2024-08-12 00:24:05"
14623,178765,other,species,"Chrysopa oculata",Neuroptera,0,0,2,0,https://www.inaturalist.org/observations/231840163,"2024-08-12 00:24:05"
14624,178753,ant,subgenus,Crematogaster,ant,0,0,2,0,https://www.inaturalist.org/observations/231834137,"2024-08-12 00:24:05"
14625,178747,truebugs,order,Hemiptera,leafhopper,0,0,2,1,https://www.inaturalist.org/observations/231832407,"2024-08-12 00:24:05"
14626,178730,truebugs,order,Hemiptera,truebugs,0,0,2,0,https://www.inaturalist.org/observations/231826924,"2024-08-12 00:27:05"
14627,178713,aphid,order,Hemiptera,leafhopper,0,0,2,1,https://www.inaturalist.org/observations/231823179,"2024-08-12 00:27:05"
14628,178709,spider,family,Salticidae,spider,0,0,2,0,https://www.inaturalist.org/observations/231821594,"2024-08-12 00:27:05"
14629,178705,unidentified,genus,Corythucha,truebugs,0,0,1,0,https://www.inaturalist.org/observations/231821109,"2024-08-12 00:27:05"
14630,178701,spider,tribe,Dendryphantini,spider,0,0,2,0,https://www.inaturalist.org/observations/231819646,"2024-08-12 00:27:05"
14631,178698,beetle,species,"Pseudoedophrys hilleri",beetle,0,0,3,0,https://www.inaturalist.org/observations/231818735,"2024-08-12 00:27:05"
14632,178692,aphid,order,Hemiptera,leafhopper,0,0,2,1,https://www.inaturalist.org/observations/231816372,"2024-08-12 00:27:05"
14633,178689,spider,species,"Neriene radiata",spider,0,0,2,0,https://www.inaturalist.org/observations/231815510,"2024-08-12 00:27:05"
14634,178679,grasshopper,species,"Hapithus saltator",grasshopper,0,0,2,0,https://www.inaturalist.org/observations/231812256,"2024-08-12 00:27:05"
14635,178660,beetle,species,"Cyrtepistomus castaneus",beetle,0,0,3,0,https://www.inaturalist.org/observations/231804772,"2024-08-12 00:27:05"
14636,178624,moths,species,"Vanessa atalanta",moths,0,0,3,0,https://www.inaturalist.org/observations/231642529,"2024-08-12 00:30:06"
14637,178616,beetle,species,"Harmonia axyridis",beetle,0,0,3,0,https://www.inaturalist.org/observations/231637688,"2024-08-12 00:30:06"
14638,178612,spider,genus,Anyphaena,spider,0,0,2,0,https://www.inaturalist.org/observations/231612454,"2024-08-12 00:30:06"
14639,178609,truebugs,family,Pentatomidae,truebugs,0,0,2,0,https://www.inaturalist.org/observations/231612048,"2024-08-12 00:30:06"
14640,178605,truebugs,family,Tingidae,truebugs,0,0,2,0,https://www.inaturalist.org/observations/231611026,"2024-08-12 00:30:06"
14641,178598,ant,species,"Camponotus americanus",ant,0,0,2,0,https://www.inaturalist.org/observations/231609986,"2024-08-12 00:30:06"
14642,178581,beetle,species,"Pantomorus cervinus",beetle,0,0,2,0,https://www.inaturalist.org/observations/231606747,"2024-08-12 00:30:06"
14643,178546,caterpillar,family,Limacodidae,moths,0,0,2,0,https://www.inaturalist.org/observations/231530464,"2024-08-12 00:30:06"
14644,178543,spider,species,"Lyssomanes viridis",spider,0,0,3,0,https://www.inaturalist.org/observations/231530000,"2024-08-12 00:30:06"
14645,178541,spider,genus,Wulfila,spider,0,0,2,0,https://www.inaturalist.org/observations/231529256,"2024-08-12 00:30:06"
14646,178540,spider,genus,Wulfila,spider,0,0,2,0,https://www.inaturalist.org/observations/231528843,"2024-08-12 00:30:06"
14647,178562,truebugs,family,Curculionidae,beetle,0,0,4,1,https://www.inaturalist.org/observations/231514155,"2024-08-12 00:30:06"
14648,178519,aphid,family,Curculionidae,beetle,0,0,3,1,https://www.inaturalist.org/observations/231472805,"2024-08-12 00:30:06"
14649,178518,spider,order,Opiliones,daddylonglegs,0,0,3,1,https://www.inaturalist.org/observations/231472360,"2024-08-12 00:30:06"
14650,178510,spider,order,Opiliones,daddylonglegs,0,0,3,1,https://www.inaturalist.org/observations/231471025,"2024-08-12 00:30:06"
14651,178509,spider,phylum,Arthropoda,Psocodea,0,0,2,1,https://www.inaturalist.org/observations/231470490,"2024-08-12 00:30:06"
14652,178508,leafhopper,order,Psocodea,Psocodea,0,0,3,1,https://www.inaturalist.org/observations/231469844,"2024-08-12 00:30:06"
14653,178507,beetle,order,Dermaptera,Dermaptera,0,0,3,1,https://www.inaturalist.org/observations/231469322,"2024-08-12 00:30:06"
14654,178506,beetle,species,"Popillia japonica",beetle,0,0,3,0,https://www.inaturalist.org/observations/231468719,"2024-08-12 00:30:06"
14655,178504,moths,subclass,Pterygota,leafhopper,0,0,2,1,https://www.inaturalist.org/observations/231467332,"2024-08-12 00:30:06"
14656,178497,leafhopper,order,Psocodea,Psocodea,0,0,3,1,https://www.inaturalist.org/observations/231465084,"2024-08-12 00:30:06"
14657,178494,spider,order,Opiliones,daddylonglegs,0,0,3,1,https://www.inaturalist.org/observations/231464562,"2024-08-12 00:30:06"
14658,178487,beetle,species,"Cyrtepistomus castaneus",beetle,0,0,2,0,https://www.inaturalist.org/observations/231462053,"2024-08-12 00:33:05"
14659,178471,ant,suborder,Apocrita,bee,0,0,2,1,https://www.inaturalist.org/observations/231457212,"2024-08-12 00:33:05"
14660,178464,beetle,family,Elateridae,beetle,0,0,2,0,https://www.inaturalist.org/observations/231453156,"2024-08-12 00:33:05"
14661,178457,beetle,family,Carabidae,beetle,0,0,2,0,https://www.inaturalist.org/observations/231450581,"2024-08-12 00:33:05"
14662,178448,spider,species,"Araneus pegnia",spider,0,0,3,0,https://www.inaturalist.org/observations/231448845,"2024-08-12 00:33:05"
14663,178446,caterpillar,species,"Halysidota tessellaris",caterpillar,0,0,3,0,https://www.inaturalist.org/observations/231448204,"2024-08-12 00:33:05"
14664,178443,truebugs,family,Cantharidae,beetle,0,0,4,1,https://www.inaturalist.org/observations/231446819,"2024-08-12 00:33:05"
14665,178442,aphid,suborder,Hemerobiiformia,Neuroptera,0,0,3,1,https://www.inaturalist.org/observations/231446270,"2024-08-12 00:33:05"
14666,178440,caterpillar,family,Geometridae,caterpillar,0,0,2,0,https://www.inaturalist.org/observations/231445766,"2024-08-12 00:33:05"
14667,178420,caterpillar,family,Geometridae,caterpillar,0,0,3,0,https://www.inaturalist.org/observations/231444098,"2024-08-12 00:33:05"
14668,178414,spider,species,"Lyssomanes viridis",spider,0,0,3,0,https://www.inaturalist.org/observations/231442958,"2024-08-12 00:33:05"
14669,178413,ant,subgenus,Crematogaster,ant,0,0,2,0,https://www.inaturalist.org/observations/231442266,"2024-08-12 00:33:05"
14670,178400,beetle,species,"Cyrtepistomus castaneus",beetle,0,0,2,0,https://www.inaturalist.org/observations/231440580,"2024-08-12 00:33:05"
14671,178399,caterpillar,genus,Anisota,caterpillar,0,0,2,0,https://www.inaturalist.org/observations/231439982,"2024-08-12 00:33:05"
14672,178387,beetle,species,"Lebia viridis",beetle,0,0,3,0,https://www.inaturalist.org/observations/231437184,"2024-08-12 00:33:05"
14673,178376,truebugs,species,"Corythucha ciliata",truebugs,0,0,2,0,https://www.inaturalist.org/observations/231434338,"2024-08-12 00:36:04"
14674,178372,beetle,species,"Pseudocneorhinus bifasciatus",beetle,0,0,2,0,https://www.inaturalist.org/observations/231432656,"2024-08-12 00:36:04"
14675,178364,leafhopper,species,"Flatormenis proxima",leafhopper,0,0,3,0,https://www.inaturalist.org/observations/231431478,"2024-08-12 00:36:04"
14676,178357,other,species,"Chorisoneura texensis",Blattodea,0,0,2,0,https://www.inaturalist.org/observations/231429870,"2024-08-12 00:36:04"
14677,178355,truebugs,species,"Euschistus tristigmus",truebugs,0,0,3,0,https://www.inaturalist.org/observations/231428716,"2024-08-12 00:36:04"
14678,178354,truebugs,species,"Banasa calva",truebugs,0,0,3,0,https://www.inaturalist.org/observations/231428106,"2024-08-12 00:36:04"
14679,178353,truebugs,species,"Chinavia hilaris",truebugs,0,0,3,0,https://www.inaturalist.org/observations/231427559,"2024-08-12 00:36:04"
14680,178352,beetle,genus,Monocrepidius,beetle,0,0,3,0,https://www.inaturalist.org/observations/231426969,"2024-08-12 00:36:04"
14681,178346,truebugs,genus,Corythucha,truebugs,0,0,3,0,https://www.inaturalist.org/observations/231425007,"2024-08-12 00:36:04"
14682,178344,spider,species,"Pisaurina mira",spider,0,0,4,0,https://www.inaturalist.org/observations/231423764,"2024-08-12 00:36:04"
14683,178339,spider,genus,Wulfila,spider,0,0,2,0,https://www.inaturalist.org/observations/231423134,"2024-08-12 00:36:04"
14684,178331,truebugs,order,Psocodea,Psocodea,0,0,3,1,https://www.inaturalist.org/observations/231422391,"2024-08-12 00:36:04"
14685,178322,spider,genus,Colonus,spider,0,0,3,0,https://www.inaturalist.org/observations/231421814,"2024-08-12 00:36:04"
14686,178314,truebugs,genus,Brochymena,truebugs,0,0,2,0,https://www.inaturalist.org/observations/231420516,"2024-08-12 00:36:04"
14687,178312,beetle,species,"Pseudocneorhinus bifasciatus",beetle,0,0,3,0,https://www.inaturalist.org/observations/231419869,"2024-08-12 00:36:04"
14688,178303,beetle,genus,Monocrepidius,beetle,0,0,3,0,https://www.inaturalist.org/observations/231419302,"2024-08-12 00:36:04"
14689,178302,truebugs,genus,Zelus,truebugs,0,0,2,0,https://www.inaturalist.org/observations/231418715,"2024-08-12 00:36:04"
14690,178298,leafhopper,species,"Acanalonia conica",leafhopper,0,0,3,0,https://www.inaturalist.org/observations/231417957,"2024-08-12 00:36:04"
14691,178297,beetle,species,"Pseudocneorhinus bifasciatus",beetle,0,0,2,0,https://www.inaturalist.org/observations/231417294,"2024-08-12 00:36:04"
14692,178280,leafhopper,species,"Metcalfa pruinosa",leafhopper,0,0,3,0,https://www.inaturalist.org/observations/231415422,"2024-08-12 00:36:04"
14693,178239,spider,genus,Philodromus,spider,0,0,2,0,https://www.inaturalist.org/observations/231410882,"2024-08-12 00:36:04"
14694,178235,caterpillar,family,Geometridae,caterpillar,0,0,2,0,https://www.inaturalist.org/observations/231409263,"2024-08-12 00:36:04"
14695,178217,caterpillar,family,Geometridae,moths,0,0,2,0,https://www.inaturalist.org/observations/231408349,"2024-08-12 00:36:04"
14696,178202,moths,suborder,Auchenorrhyncha,leafhopper,0,0,3,1,https://www.inaturalist.org/observations/231404582,"2024-08-12 00:39:05"
14697,178200,beetle,order,Blattodea,Blattodea,0,0,3,1,https://www.inaturalist.org/observations/231404122,"2024-08-12 00:39:05"
14698,178186,beetle,genus,Cryptocephalus,beetle,0,0,2,0,https://www.inaturalist.org/observations/231400882,"2024-08-12 00:39:05"
14699,178177,truebugs,species,"Zelus luridus",truebugs,0,0,2,0,https://www.inaturalist.org/observations/231399940,"2024-08-12 00:39:05"
14700,178175,spider,subfamily,Salticinae,spider,0,0,2,0,https://www.inaturalist.org/observations/231398988,"2024-08-12 00:39:05"
14701,178171,spider,zoosubsection,Dionycha,spider,0,0,2,0,https://www.inaturalist.org/observations/231397638,"2024-08-12 00:39:05"
14702,178168,caterpillar,species,"Halysidota tessellaris",moths,0,0,3,0,https://www.inaturalist.org/observations/231283208,"2024-08-12 00:39:05"
14703,178167,caterpillar,species,"Acharia stimulea",moths,0,0,3,0,https://www.inaturalist.org/observations/231282607,"2024-08-12 00:39:05"
14704,178142,spider,genus,Metepeira,spider,0,0,2,0,https://www.inaturalist.org/observations/231214243,"2024-08-12 00:39:05"
14705,178114,beetle,family,Chrysomelidae,beetle,0,0,2,0,https://www.inaturalist.org/observations/231208718,"2024-08-12 00:39:05"
14706,178112,beetle,species,"Popillia japonica",beetle,0,0,4,0,https://www.inaturalist.org/observations/231208088,"2024-08-12 00:39:05"
14707,178111,spider,genus,Tetragnatha,spider,0,0,2,0,https://www.inaturalist.org/observations/231207261,"2024-08-12 00:39:05"
14708,178107,spider,species,"Micrathena mitrata",spider,0,0,2,0,https://www.inaturalist.org/observations/231206497,"2024-08-12 00:39:05"
14709,178104,beetle,family,Mordellidae,beetle,0,0,2,0,https://www.inaturalist.org/observations/231204852,"2024-08-12 00:39:05"
14710,178099,spider,species,"Micrathena mitrata",spider,0,0,5,0,https://www.inaturalist.org/observations/231203890,"2024-08-12 00:39:05"
14711,178083,spider,species,"Micrathena gracilis",spider,0,0,4,0,https://www.inaturalist.org/observations/231199572,"2024-08-12 00:39:05"
14712,178071,leafhopper,species,"Metcalfa pruinosa",leafhopper,0,0,4,0,https://www.inaturalist.org/observations/231197663,"2024-08-12 00:42:04"
14713,178048,leafhopper,species,"Acanalonia servillei",leafhopper,0,0,3,0,https://www.inaturalist.org/observations/231193003,"2024-08-12 00:42:04"
14714,178043,spider,genus,Philodromus,spider,0,0,2,0,https://www.inaturalist.org/observations/231190652,"2024-08-12 00:42:04"
14715,178038,spider,superfamily,Araneoidea,spider,0,0,2,0,https://www.inaturalist.org/observations/231188707,"2024-08-12 00:42:04"
14716,178037,moths,family,Crambidae,moths,0,0,2,0,https://www.inaturalist.org/observations/231188283,"2024-08-12 00:42:04"
14717,178008,leafhopper,species,"Thionia bullata",leafhopper,0,0,2,0,https://www.inaturalist.org/observations/231056075,"2024-08-12 00:42:04"
14718,178007,truebugs,infraorder,Tipulomorpha,fly,0,0,3,1,https://www.inaturalist.org/observations/231010460,"2024-08-12 00:42:04"
14719,177998,beetle,species,"Pseudoedophrys hilleri",beetle,0,0,2,0,https://www.inaturalist.org/observations/231006009,"2024-08-12 00:42:04"
14720,177984,fly,species,"Rhagoletis suavis",fly,0,0,2,0,https://www.inaturalist.org/observations/231003578,"2024-08-12 00:42:04"
14721,177972,spider,subfamily,Araneinae,spider,0,0,2,0,https://www.inaturalist.org/observations/231001659,"2024-08-12 00:42:04"
14722,177960,spider,phylum,Arthropoda,spider,0,0,1,0,https://www.inaturalist.org/observations/230999945,"2024-08-12 00:42:04"
14723,177956,beetle,species,"Pseudoedophrys hilleri",beetle,0,0,2,0,https://www.inaturalist.org/observations/230998763,"2024-08-12 00:42:04"
14724,177954,spider,family,Anyphaenidae,spider,0,0,2,0,https://www.inaturalist.org/observations/230997682,"2024-08-12 00:42:04"
14725,177951,spider,genus,Theridion,spider,0,0,2,0,https://www.inaturalist.org/observations/230997061,"2024-08-12 00:42:04"
14726,177948,beetle,species,"Cyrtepistomus castaneus",beetle,0,0,3,0,https://www.inaturalist.org/observations/230995243,"2024-08-12 00:42:04"
14727,177946,spider,family,Theridiidae,spider,0,0,2,0,https://www.inaturalist.org/observations/230994577,"2024-08-12 00:42:04"
14728,177938,spider,species,"Trachelas tranquillus",spider,0,0,2,0,https://www.inaturalist.org/observations/230991564,"2024-08-12 00:42:04"
14729,177933,spider,species,"Leucauge venusta",spider,0,0,3,0,https://www.inaturalist.org/observations/230990464,"2024-08-12 00:42:04"
14730,177932,spider,species,"Micrathena gracilis",spider,0,0,3,0,https://www.inaturalist.org/observations/230989895,"2024-08-12 00:42:04"
14731,177930,grasshopper,species,"Phyllopalpus pulchellus",grasshopper,0,0,3,0,https://www.inaturalist.org/observations/230989436,"2024-08-12 00:42:04"
14732,177913,leafhopper,species,"Acanalonia conica",leafhopper,0,0,3,0,https://www.inaturalist.org/observations/230986668,"2024-08-12 00:45:04"
14733,177898,spider,family,Theridiidae,spider,0,0,2,0,https://www.inaturalist.org/observations/230985045,"2024-08-12 00:45:04"
14734,177895,spider,family,Anyphaenidae,spider,0,0,2,0,https://www.inaturalist.org/observations/230984517,"2024-08-12 00:45:04"
14735,177894,bee,family,Braconidae,bee,0,0,2,0,https://www.inaturalist.org/observations/230983878,"2024-08-12 00:45:04"
14736,177893,beetle,family,Chrysomelidae,beetle,0,0,2,0,https://www.inaturalist.org/observations/230983316,"2024-08-12 00:45:04"
14737,177889,spider,superfamily,Araneoidea,spider,0,0,2,0,https://www.inaturalist.org/observations/230982804,"2024-08-12 00:45:04"
14738,177888,beetle,species,"Cyrtepistomus castaneus",beetle,0,0,2,0,https://www.inaturalist.org/observations/230982211,"2024-08-12 00:45:04"
14739,177881,daddylonglegs,genus,Leiobunum,daddylonglegs,0,0,2,0,https://www.inaturalist.org/observations/230981194,"2024-08-12 00:45:04"
14740,177863,truebugs,infraorder,Gryllidea,grasshopper,0,0,3,1,https://www.inaturalist.org/observations/230864503,"2024-08-12 00:45:04"
14741,177862,unidentified,species,"Acanalonia conica",leafhopper,0,0,2,0,https://www.inaturalist.org/observations/230863902,"2024-08-12 00:45:04"
14742,177854,caterpillar,order,Polydesmida,Polydesmida,0,0,3,1,https://www.inaturalist.org/observations/230861564,"2024-08-12 00:45:04"
14743,177853,spider,species,"Micrathena mitrata",spider,0,0,4,0,https://www.inaturalist.org/observations/230860968,"2024-08-12 00:45:04"
14744,177851,aphid,subclass,Acari,aphid,0,0,1,0,https://www.inaturalist.org/observations/230860286,"2024-08-12 00:45:04"
14745,177807,leafhopper,species,"Metcalfa pruinosa",leafhopper,0,0,2,0,https://www.inaturalist.org/observations/230574428,"2024-08-12 00:45:04"
14746,177800,leafhopper,species,"Metcalfa pruinosa",leafhopper,0,0,2,0,https://www.inaturalist.org/observations/230572983,"2024-08-12 00:45:04"
14747,177568,truebugs,order,Hemiptera,leafhopper,0,0,2,1,https://www.inaturalist.org/observations/230277985,"2024-08-12 00:51:05"
14748,177246,leafhopper,genus,Acanalonia,leafhopper,0,0,2,0,https://www.inaturalist.org/observations/230083513,"2024-08-12 00:57:05"
14749,177148,leafhopper,species,"Ormenoides venusta",leafhopper,0,0,3,0,https://www.inaturalist.org/observations/229899134,"2024-08-12 00:57:05"
14750,177114,truebugs,superfamily,Pentatomoidea,truebugs,0,0,2,0,https://www.inaturalist.org/observations/229893833,"2024-08-12 01:00:06"
14751,176937,leafhopper,genus,Acanalonia,leafhopper,0,0,3,0,https://www.inaturalist.org/observations/229717768,"2024-08-12 01:00:08"
14752,176895,leafhopper,species,"Metcalfa pruinosa",leafhopper,0,0,3,0,https://www.inaturalist.org/observations/229704131,"2024-08-12 01:03:05"
14753,176102,leafhopper,species,"Flatormenis proxima",leafhopper,0,0,3,0,https://www.inaturalist.org/observations/228448140,"2024-08-12 01:18:06"
14754,176063,leafhopper,species,"Ormenoides venusta",leafhopper,0,0,3,0,https://www.inaturalist.org/observations/228439121,"2024-08-12 01:18:06"
14755,176023,leafhopper,species,"Thionia bullata",leafhopper,0,0,3,0,https://www.inaturalist.org/observations/228434806,"2024-08-12 01:18:06"
14756,175998,leafhopper,species,"Acanalonia conica",leafhopper,0,0,3,0,https://www.inaturalist.org/observations/228430721,"2024-08-12 01:18:06"
14757,175986,fly,infraorder,Tipulomorpha,fly,0,0,2,0,https://www.inaturalist.org/observations/228425033,"2024-08-12 01:21:06"
14758,175765,leafhopper,species,"Acanalonia conica",leafhopper,0,0,3,0,https://www.inaturalist.org/observations/228032366,"2024-08-12 01:24:06"
14759,175516,grasshopper,subclass,Pterygota,leafhopper,0,0,2,1,https://www.inaturalist.org/observations/227350274,"2024-08-12 01:27:10"
14760,174803,other,species,"Polypsocus corruptus",Psocodea,0,0,2,0,https://www.inaturalist.org/observations/227199226,"2024-08-12 01:30:08"
14761,174339,other,genus,Ectopsocus,Psocodea,0,0,2,0,https://www.inaturalist.org/observations/226886131,"2024-08-12 01:36:05"
14762,173000,bee,subclass,Pterygota,fly,0,0,2,1,https://www.inaturalist.org/observations/226718121,"2024-08-12 01:42:05"
14763,172889,fly,genus,Microtendipes,fly,0,0,2,0,https://www.inaturalist.org/observations/225517884,"2024-08-12 01:57:04"
14764,172255,truebugs,genus,Acanthocephala,truebugs,0,0,2,0,https://www.inaturalist.org/observations/225319347,"2024-08-12 02:03:04"
14765,171469,aphid,order,Hemiptera,leafhopper,0,0,2,1,https://www.inaturalist.org/observations/224878340,"2024-08-12 02:15:05"
14766,170445,fly,genus,Microtendipes,fly,0,0,2,0,https://www.inaturalist.org/observations/223974641,"2024-08-12 02:30:05"
14767,169948,spider,species,"Synema parvulum",spider,0,0,3,0,https://www.inaturalist.org/observations/223766567,"2024-08-12 02:39:04"
14768,169432,fly,tribe,Chironomini,fly,0,0,2,0,https://www.inaturalist.org/observations/223547241,"2024-08-12 02:45:05"
14769,161453,fly,subfamily,Chironominae,fly,0,0,2,0,https://www.inaturalist.org/observations/218141519,"2024-08-12 04:30:04"
14770,161423,caterpillar,subclass,Pterygota,beetle,0,0,2,1,https://www.inaturalist.org/observations/218137611,"2024-08-12 04:30:04"
14771,160496,fly,subtribe,"Chironomus group",fly,0,0,2,0,https://www.inaturalist.org/observations/217510132,"2024-08-12 04:45:05"
14772,160244,fly,subfamily,Orthocladiinae,fly,0,0,2,0,https://www.inaturalist.org/observations/217317571,"2024-08-12 04:48:04"
14773,159800,caterpillar,order,Lepidoptera,caterpillar,0,0,2,0,https://www.inaturalist.org/observations/217050351,"2024-08-12 04:57:05"
14774,159574,fly,tribe,Chironomini,fly,0,0,2,0,https://www.inaturalist.org/observations/216803232,"2024-08-12 05:00:10"
14775,159559,fly,tribe,Chironomini,fly,0,0,2,0,https://www.inaturalist.org/observations/216794896,"2024-08-12 05:00:10"
14776,157636,fly,tribe,Chironomini,fly,0,0,2,0,https://www.inaturalist.org/observations/214037079,"2024-08-12 05:36:10"
14777,157619,fly,subclass,Pterygota,Psocodea,0,0,2,1,https://www.inaturalist.org/observations/214001565,"2024-08-12 05:39:05"
14778,157459,fly,subtribe,"Chironomus group",fly,0,0,2,0,https://www.inaturalist.org/observations/213972830,"2024-08-12 05:39:05"
14779,151523,caterpillar,order,Lepidoptera,caterpillar,0,0,2,0,https://www.inaturalist.org/observations/174137311,"2024-08-12 07:06:10"
14780,179654,spider,genus,Colonus,spider,0,0,3,0,https://www.inaturalist.org/observations/233563185,"2024-08-12 00:09:05"
14781,179643,caterpillar,family,Coleophoridae,moths,0,0,2,0,https://www.inaturalist.org/observations/233556523,"2024-08-12 00:09:05"
14782,178627,fly,family,Dolichopodidae,fly,0,0,2,0,https://www.inaturalist.org/observations/233307736,"2024-08-12 00:09:05"
14783,178626,ant,subgenus,Myrmentoma,ant,0,0,2,0,https://www.inaturalist.org/observations/233307165,"2024-08-12 00:09:05"
14784,178629,spider,genus,Philodromus,spider,0,0,2,0,https://www.inaturalist.org/observations/233306617,"2024-08-12 00:09:05"
14785,178642,caterpillar,genus,Apatelodes,caterpillar,0,0,2,0,https://www.inaturalist.org/observations/233303912,"2024-08-12 00:09:05"
14786,179587,spider,subfamily,Linyphiinae,spider,0,0,2,0,https://www.inaturalist.org/observations/233291469,"2024-08-12 00:09:05"
14787,179585,unidentified,suborder,Auchenorrhyncha,leafhopper,0,0,1,0,https://www.inaturalist.org/observations/233290390,"2024-08-12 00:09:05"
14788,179576,beetle,genus,Palaminus,beetle,0,0,2,0,https://www.inaturalist.org/observations/233286280,"2024-08-12 00:09:05"
14789,179569,truebugs,species,"Zelus luridus",truebugs,0,0,3,0,https://www.inaturalist.org/observations/233283760,"2024-08-12 00:12:04"
14790,179562,bee,tribe,Augochlorini,bee,0,0,2,0,https://www.inaturalist.org/observations/233282297,"2024-08-12 00:12:04"
14791,179520,leafhopper,species,"Metcalfa pruinosa",leafhopper,0,0,3,0,https://www.inaturalist.org/observations/233166830,"2024-08-12 00:12:04"
14792,179518,ant,subgenus,Myrmentoma,ant,0,0,2,0,https://www.inaturalist.org/observations/233164224,"2024-08-12 00:12:04"
14793,179517,leafhopper,species,"Ormenoides venusta",leafhopper,0,0,3,0,https://www.inaturalist.org/observations/233163554,"2024-08-12 00:12:04"
14794,179368,ant,species,"Temnothorax curvispinosus",ant,0,0,2,0,https://www.inaturalist.org/observations/233141530,"2024-08-12 00:12:04"
14795,179483,caterpillar,species,"Machimia tentoriferella",caterpillar,0,0,3,0,https://www.inaturalist.org/observations/233091837,"2024-08-12 00:12:04"
14796,179468,beetle,subclass,Pterygota,leafhopper,0,0,2,1,https://www.inaturalist.org/observations/233088355,"2024-08-12 00:12:04"
14797,179465,ant,subgenus,Myrmentoma,ant,0,0,2,0,https://www.inaturalist.org/observations/233086814,"2024-08-12 00:12:04"
14798,179452,ant,subfamily,Myrmicinae,ant,0,0,2,0,https://www.inaturalist.org/observations/233081309,"2024-08-12 00:15:05"
14799,179442,spider,family,Salticidae,spider,0,0,2,0,https://www.inaturalist.org/observations/233076962,"2024-08-12 00:15:05"
14800,179429,beetle,species,"Pseudoedophrys hilleri",beetle,0,0,3,0,https://www.inaturalist.org/observations/232993796,"2024-08-12 00:15:05"
14801,179409,unidentified,subfamily,Eumeninae,bee,0,0,2,0,https://www.inaturalist.org/observations/232979811,"2024-08-12 00:15:05"
14802,179395,unidentified,family,Reduviidae,truebugs,0,0,1,0,https://www.inaturalist.org/observations/232974638,"2024-08-12 00:15:05"
14803,179367,beetle,genus,Rhagonycha,beetle,0,0,3,0,https://www.inaturalist.org/observations/232924467,"2024-08-12 00:15:05"
14804,179360,beetle,genus,Rhagonycha,beetle,0,0,3,0,https://www.inaturalist.org/observations/232919464,"2024-08-12 00:15:05"
14805,179357,beetle,genus,Rhagonycha,beetle,0,0,3,0,https://www.inaturalist.org/observations/232917959,"2024-08-12 00:15:05"
14806,179356,beetle,genus,Rhagonycha,beetle,0,0,3,0,https://www.inaturalist.org/observations/232917465,"2024-08-12 00:15:05"
14807,179353,beetle,family,Cantharidae,beetle,0,0,2,0,https://www.inaturalist.org/observations/232914657,"2024-08-12 00:15:05"
14808,179342,beetle,species,"Cyrtepistomus castaneus",beetle,0,0,3,0,https://www.inaturalist.org/observations/232909428,"2024-08-12 00:18:04"
14809,179341,beetle,subclass,Pterygota,Dermaptera,0,0,2,1,https://www.inaturalist.org/observations/232908816,"2024-08-12 00:18:04"
14810,179311,caterpillar,family,Geometridae,caterpillar,0,0,2,0,https://www.inaturalist.org/observations/232907261,"2024-08-12 00:18:04"
14811,179303,caterpillar,superfamily,Noctuoidea,caterpillar,0,0,2,0,https://www.inaturalist.org/observations/232906703,"2024-08-12 00:18:04"
14812,179279,caterpillar,superfamily,Noctuoidea,caterpillar,0,0,2,0,https://www.inaturalist.org/observations/232905742,"2024-08-12 00:18:04"
14813,179228,caterpillar,family,Saturniidae,caterpillar,0,0,2,0,https://www.inaturalist.org/observations/232898178,"2024-08-12 00:18:04"
14814,179204,bee,species,"Pelecinus polyturator",bee,0,0,3,0,https://www.inaturalist.org/observations/232895250,"2024-08-12 00:18:04"
14815,179199,unidentified,family,Chironomidae,fly,0,0,1,0,https://www.inaturalist.org/observations/232893693,"2024-08-12 00:18:04"
14816,179116,grasshopper,subclass,Pterygota,truebugs,0,0,2,1,https://www.inaturalist.org/observations/232679834,"2024-08-12 00:18:04"
14817,179095,moths,species,"Atteva aurea",moths,0,0,4,0,https://www.inaturalist.org/observations/232524446,"2024-08-12 00:18:04"
14818,179089,moths,species,"Battus philenor",moths,0,0,3,0,https://www.inaturalist.org/observations/232518197,"2024-08-12 00:18:04"
14819,179062,beetle,species,"Pseudoedophrys hilleri",beetle,0,0,2,0,https://www.inaturalist.org/observations/232284035,"2024-08-12 00:18:04"
14820,179059,beetle,species,"Pseudoedophrys hilleri",beetle,0,0,2,0,https://www.inaturalist.org/observations/232281838,"2024-08-12 00:18:04"
14821,179058,spider,family,Philodromidae,spider,0,0,2,0,https://www.inaturalist.org/observations/232281276,"2024-08-12 00:18:04"
14822,179051,spider,family,Dictynidae,spider,0,0,2,0,https://www.inaturalist.org/observations/232267825,"2024-08-12 00:18:04"
14823,178944,leafhopper,subclass,Pterygota,Psocodea,0,0,2,1,https://www.inaturalist.org/observations/232047168,"2024-08-12 00:21:04"
14824,178746,spider,family,Salticidae,spider,0,0,2,0,https://www.inaturalist.org/observations/231831819,"2024-08-12 00:24:05"
14825,178737,other,species,"Polypsocus corruptus",Psocodea,0,0,2,0,https://www.inaturalist.org/observations/231828958,"2024-08-12 00:24:05"
14826,178615,moths,genus,Bucculatrix,moths,0,0,2,0,https://www.inaturalist.org/observations/231616264,"2024-08-12 00:30:06"
14827,178428,grasshopper,genus,Oecanthus,grasshopper,0,0,3,0,https://www.inaturalist.org/observations/231445137,"2024-08-12 00:33:05"
14828,178103,aphid,species,"Grylloprociphilus imbricator",aphid,0,0,2,0,https://www.inaturalist.org/observations/231204357,"2024-08-12 00:39:05"
14829,177787,beetle,species,"Pseudoedophrys hilleri",beetle,0,0,2,0,https://www.inaturalist.org/observations/230568615,"2024-08-12 00:45:04"
14830,177149,beetle,family,Mordellidae,beetle,0,0,2,0,https://www.inaturalist.org/observations/229899553,"2024-08-12 00:57:05"
14831,176914,beetle,species,"Pseudoedophrys hilleri",beetle,0,0,2,0,https://www.inaturalist.org/observations/229708857,"2024-08-12 01:03:05"
14832,176444,beetle,species,"Pseudoedophrys hilleri",beetle,0,0,2,0,https://www.inaturalist.org/observations/228854610,"2024-08-12 01:12:05"
14833,176413,beetle,species,"Pantomorus cervinus",beetle,0,0,2,0,https://www.inaturalist.org/observations/228840751,"2024-08-12 01:12:05"
14834,176408,beetle,species,"Pantomorus cervinus",beetle,0,0,2,0,https://www.inaturalist.org/observations/228838453,"2024-08-12 01:12:05"
14835,176243,beetle,species,"Cyrtepistomus castaneus",beetle,0,0,2,0,https://www.inaturalist.org/observations/228618831,"2024-08-12 01:15:06"
14836,176003,beetle,family,Elateridae,beetle,0,0,2,0,https://www.inaturalist.org/observations/228431607,"2024-08-12 01:18:06"
14837,175910,beetle,family,Mordellidae,beetle,0,0,2,0,https://www.inaturalist.org/observations/228239282,"2024-08-12 01:21:06"
14838,175758,beetle,family,Mordellidae,beetle,0,0,2,0,https://www.inaturalist.org/observations/228030692,"2024-08-12 01:24:06"
14839,174205,beetle,species,"Cyrtepistomus castaneus",beetle,0,0,2,0,https://www.inaturalist.org/observations/226801115,"2024-08-12 01:39:04"
14840,172986,beetle,species,"Pseudoedophrys hilleri",beetle,0,0,2,0,https://www.inaturalist.org/observations/226713520,"2024-08-12 01:42:05"
14841,173677,beetle,family,Mordellidae,beetle,0,0,2,0,https://www.inaturalist.org/observations/226432829,"2024-08-12 01:48:05"
14842,171304,beetle,tribe,Macrodactylini,beetle,0,0,2,0,https://www.inaturalist.org/observations/224643446,"2024-08-12 02:18:04"
14843,171279,beetle,species,"Popillia japonica",beetle,0,0,3,0,https://www.inaturalist.org/observations/224631601,"2024-08-12 02:18:04"
14844,171032,beetle,species,"Pseudoedophrys hilleri",beetle,0,0,2,0,https://www.inaturalist.org/observations/224208150,"2024-08-12 02:24:05"
14845,171028,spider,genus,Wulfila,spider,0,0,2,0,https://www.inaturalist.org/observations/224207588,"2024-08-12 02:24:05"
14846,170953,beetle,species,"Cyrtepistomus castaneus",beetle,0,0,2,0,https://www.inaturalist.org/observations/224194176,"2024-08-12 02:24:05"
14847,169997,beetle,phylum,Arthropoda,beetle,0,0,1,0,https://www.inaturalist.org/observations/223781411,"2024-08-12 02:36:04"
14848,169072,beetle,species,"Pseudoedophrys hilleri",beetle,0,0,2,0,https://www.inaturalist.org/observations/223341021,"2024-08-12 02:51:04"
14849,169063,beetle,species,"Pseudoedophrys hilleri",beetle,0,0,2,0,https://www.inaturalist.org/observations/223337877,"2024-08-12 02:51:04"
14850,168992,beetle,family,Mordellidae,beetle,0,0,2,0,https://www.inaturalist.org/observations/223328339,"2024-08-12 02:51:04"
14851,168984,beetle,family,Mordellidae,beetle,0,0,2,0,https://www.inaturalist.org/observations/223327539,"2024-08-12 02:51:04"
14852,167985,beetle,species,"Pseudoedophrys hilleri",beetle,0,0,2,0,https://www.inaturalist.org/observations/222440292,"2024-08-12 03:06:10"
14853,167957,beetle,family,Mordellidae,beetle,0,0,2,0,https://www.inaturalist.org/observations/222434780,"2024-08-12 03:06:10"
14854,166714,beetle,species,"Odontopus calceatus",beetle,0,0,2,0,https://www.inaturalist.org/observations/221846645,"2024-08-12 03:27:05"
14855,163440,beetle,family,Mordellidae,beetle,0,0,2,0,https://www.inaturalist.org/observations/219537499,"2024-08-12 04:03:09"
14856,161342,beetle,species,"Cyrtepistomus castaneus",beetle,0,0,2,0,https://www.inaturalist.org/observations/218116330,"2024-08-12 04:33:05"
14857,161321,beetle,species,"Polydrusus formosus",beetle,0,0,2,0,https://www.inaturalist.org/observations/218102637,"2024-08-12 04:33:05"
14858,160809,beetle,species,"Ochyromera ligustri",beetle,0,0,2,0,https://www.inaturalist.org/observations/217687982,"2024-08-12 04:42:04"
14859,160808,beetle,species,"Ochyromera ligustri",beetle,0,0,2,0,https://www.inaturalist.org/observations/217687532,"2024-08-12 04:42:04"
14860,160801,beetle,species,"Ochyromera ligustri",beetle,0,0,2,0,https://www.inaturalist.org/observations/217686641,"2024-08-12 04:42:04"
14861,160381,beetle,family,Elateridae,beetle,0,0,2,0,https://www.inaturalist.org/observations/217490550,"2024-08-12 04:48:04"
14862,159366,beetle,species,"Cyrtepistomus castaneus",beetle,0,0,2,0,https://www.inaturalist.org/observations/216322598,"2024-08-12 05:06:05"
14863,158635,beetle,species,"Lechriops oculatus",beetle,0,0,2,0,https://www.inaturalist.org/observations/215514653,"2024-08-12 05:18:05"
14864,151670,beetle,species,"Cyrtepistomus castaneus",beetle,0,0,2,0,https://www.inaturalist.org/observations/174676698,"2024-08-12 07:03:06"
14865,151366,beetle,species,"Cyrtepistomus castaneus",beetle,0,0,2,0,https://www.inaturalist.org/observations/174111122,"2024-08-12 07:09:06"
14866,151315,beetle,species,"Cyrtepistomus castaneus",beetle,0,0,2,0,https://www.inaturalist.org/observations/174100500,"2024-08-12 07:09:06"
14867,148881,beetle,species,"Pandeleteius hilaris",beetle,0,0,2,0,https://www.inaturalist.org/observations/172506588,"2024-08-12 08:00:06"
14868,147234,beetle,species,"Cyrtepistomus castaneus",beetle,0,0,2,0,https://www.inaturalist.org/observations/171377816,"2024-08-12 08:33:05"
14869,147193,aphid,superfamily,Psylloidea,aphid,0,0,2,0,https://www.inaturalist.org/observations/171370209,"2024-08-12 08:33:05"
14870,147185,aphid,superfamily,Psylloidea,aphid,0,0,2,0,https://www.inaturalist.org/observations/171367992,"2024-08-12 08:33:05"
14871,147037,aphid,superfamily,Psylloidea,aphid,0,0,2,0,https://www.inaturalist.org/observations/171224145,"2024-08-12 08:36:05"
14872,146762,beetle,species,"Cyrtepistomus castaneus",beetle,0,0,2,0,https://www.inaturalist.org/observations/170831128,"2024-08-12 08:45:05"
14873,144609,unidentified,family,Coccinellidae,beetle,0,0,1,0,https://www.inaturalist.org/observations/169260356,"2024-08-12 09:15:05"
14874,144035,beetle,species,"Cyrtepistomus castaneus",beetle,0,0,2,0,https://www.inaturalist.org/observations/169025202,"2024-08-12 09:24:04"
14875,143810,aphid,superfamily,Psylloidea,aphid,0,0,2,0,https://www.inaturalist.org/observations/168870372,"2024-08-12 09:30:05"
14876,143418,beetle,species,"Pseudoedophrys hilleri",beetle,0,0,2,0,https://www.inaturalist.org/observations/168655960,"2024-08-12 09:39:05"
14877,143413,beetle,species,"Pseudoedophrys hilleri",beetle,0,0,2,0,https://www.inaturalist.org/observations/168654814,"2024-08-12 09:39:05"
14878,143391,beetle,species,"Pseudoedophrys hilleri",beetle,0,0,2,0,https://www.inaturalist.org/observations/168650380,"2024-08-12 09:39:05"
14879,141476,beetle,species,"Pseudoedophrys hilleri",beetle,0,0,2,0,https://www.inaturalist.org/observations/167368489,"2024-08-05 09:57:05"
14880,141474,beetle,species,"Pseudoedophrys hilleri",beetle,0,0,2,0,https://www.inaturalist.org/observations/167367727,"2024-08-05 09:57:05"
14881,141470,beetle,family,Chrysomelidae,beetle,0,0,2,0,https://www.inaturalist.org/observations/167365965,"2024-08-05 09:57:05"
14882,180055,fly,family,Dolichopodidae,fly,0,0,2,0,https://www.inaturalist.org/observations/234802655,"2024-08-12 00:00:06"
14883,180042,spider,infraorder,Entelegynae,spider,0,0,2,0,https://www.inaturalist.org/observations/234792905,"2024-08-12 00:00:08"
14884,180038,beetle,genus,Palaminus,beetle,0,0,3,0,https://www.inaturalist.org/observations/234791263,"2024-08-12 00:00:08"
14885,179933,spider,infraorder,Entelegynae,spider,0,0,2,0,https://www.inaturalist.org/observations/234688892,"2024-08-12 00:03:05"
14886,179869,beetle,species,"Cyrtepistomus castaneus",beetle,0,0,2,0,https://www.inaturalist.org/observations/234579140,"2024-08-12 00:03:05"
14887,179819,other,family,Paradoxosomatidae,Polydesmida,0,0,1,0,https://www.inaturalist.org/observations/234436049,"2024-08-12 00:03:05"
14888,179779,leafhopper,species,"Metcalfa pruinosa",leafhopper,0,0,2,0,https://www.inaturalist.org/observations/234138422,"2024-08-12 00:03:05"
14889,179775,leafhopper,species,"Metcalfa pruinosa",leafhopper,0,0,2,0,https://www.inaturalist.org/observations/234136480,"2024-08-12 00:03:05"
14890,179766,leafhopper,species,"Metcalfa pruinosa",leafhopper,0,0,2,0,https://www.inaturalist.org/observations/234132807,"2024-08-12 00:06:06"
14891,179756,spider,family,Salticidae,spider,0,0,2,0,https://www.inaturalist.org/observations/234129284,"2024-08-12 00:06:08"
14892,179755,spider,family,Salticidae,spider,0,0,2,0,https://www.inaturalist.org/observations/234128862,"2024-08-12 00:06:10"
14893,179754,beetle,family,Coccinellidae,beetle,0,0,2,0,https://www.inaturalist.org/observations/234128507,"2024-08-12 00:06:10"
14894,179725,beetle,subclass,Pterygota,truebugs,0,0,2,1,https://www.inaturalist.org/observations/234002169,"2024-08-12 00:06:11"
14895,179719,beetle,family,Scarabaeidae,beetle,0,0,2,0,https://www.inaturalist.org/observations/233998628,"2024-08-12 00:06:11"
14896,179718,spider,family,Salticidae,spider,0,0,2,0,https://www.inaturalist.org/observations/233998030,"2024-08-12 00:06:11"
14897,179717,beetle,subclass,Pterygota,Psocodea,0,0,2,1,https://www.inaturalist.org/observations/233997406,"2024-08-12 00:06:11"
14898,179707,beetle,species,"Cyrtepistomus castaneus",beetle,0,0,2,0,https://www.inaturalist.org/observations/233992805,"2024-08-12 00:06:11"
14899,179699,fly,subclass,Pterygota,Psocodea,0,0,2,1,https://www.inaturalist.org/observations/233986519,"2024-08-12 00:06:11"
14900,179695,beetle,subclass,Pterygota,truebugs,0,0,2,1,https://www.inaturalist.org/observations/233983573,"2024-08-12 00:06:11"
14901,179694,caterpillar,species,"Halysidota tessellaris",caterpillar,0,0,3,0,https://www.inaturalist.org/observations/233983008,"2024-08-12 00:09:05"
14902,179693,leafhopper,species,"Platycotis vittata",leafhopper,0,0,3,0,https://www.inaturalist.org/observations/233982400,"2024-08-12 00:09:05"
14903,179691,other,family,Mantidae,Mantodea,0,0,2,0,https://www.inaturalist.org/observations/233969815,"2024-08-12 00:09:05"
14904,179684,fly,genus,Ommatius,fly,0,0,2,0,https://www.inaturalist.org/observations/233961855,"2024-08-12 00:09:05"
14905,179678,grasshopper,species,"Phyllopalpus pulchellus",grasshopper,0,0,3,0,https://www.inaturalist.org/observations/233953306,"2024-08-12 00:09:05"
14906,179676,spider,species,"Anelosimus studiosus",spider,0,0,2,0,https://www.inaturalist.org/observations/233952054,"2024-08-12 00:09:05"
14907,179674,spider,subtribe,Dendryphantina,spider,0,0,3,0,https://www.inaturalist.org/observations/233949662,"2024-08-12 00:09:05"
14908,178637,truebugs,genus,Brochymena,truebugs,0,0,2,0,https://www.inaturalist.org/observations/233308341,"2024-08-12 00:09:05"
14909,178638,leafhopper,species,"Acanalonia conica",leafhopper,0,0,3,0,https://www.inaturalist.org/observations/233305429,"2024-08-12 00:09:05"
14910,179573,spider,family,Araneidae,spider,0,0,2,0,https://www.inaturalist.org/observations/233284742,"2024-08-12 00:09:05"
14911,179529,beetle,superfamily,Curculionoidea,beetle,0,0,2,0,https://www.inaturalist.org/observations/233263033,"2024-08-12 00:12:04"
14912,179379,beetle,species,"Cyrtepistomus castaneus",beetle,0,0,2,0,https://www.inaturalist.org/observations/233146354,"2024-08-12 00:12:04"
14913,179482,leafhopper,species,"Flatormenis proxima",leafhopper,0,0,2,0,https://www.inaturalist.org/observations/233091370,"2024-08-12 00:12:04"
14914,179431,caterpillar,order,Lepidoptera,caterpillar,0,0,2,0,https://www.inaturalist.org/observations/232994492,"2024-08-12 00:15:05"
14915,179430,spider,order,Araneae,spider,0,0,2,0,https://www.inaturalist.org/observations/232994160,"2024-08-12 00:15:05"
14916,179428,grasshopper,order,Orthoptera,grasshopper,0,0,2,0,https://www.inaturalist.org/observations/232992637,"2024-08-12 00:15:05"
14917,178950,aphid,subclass,Pterygota,beetle,0,0,2,1,https://www.inaturalist.org/observations/232067712,"2024-08-12 00:21:04"
14918,178815,leafhopper,species,"Ormenoides venusta",leafhopper,0,0,2,0,https://www.inaturalist.org/observations/231855382,"2024-08-12 00:24:05"
14919,178751,beetle,subclass,Pterygota,leafhopper,0,0,2,1,https://www.inaturalist.org/observations/231833457,"2024-08-12 00:24:05"
14920,178269,leafhopper,species,"Ormenoides venusta",leafhopper,0,0,3,0,https://www.inaturalist.org/observations/231414684,"2024-08-12 00:36:04"
14921,178178,leafhopper,species,"Flatormenis proxima",leafhopper,0,0,3,0,https://www.inaturalist.org/observations/231400358,"2024-08-12 00:39:05"
14922,178076,other,order,Entomobryomorpha,Entomobryomorpha,0,0,1,0,https://www.inaturalist.org/observations/231199066,"2024-08-12 00:39:05"
14923,178045,leafhopper,species,"Flatormenis proxima",leafhopper,0,0,2,0,https://www.inaturalist.org/observations/231191872,"2024-08-12 00:42:04"
14924,177955,leafhopper,species,"Japananus hyalinus",leafhopper,0,0,2,0,https://www.inaturalist.org/observations/230998258,"2024-08-12 00:42:04"
14925,177610,leafhopper,species,"Metcalfa pruinosa",leafhopper,0,0,2,0,https://www.inaturalist.org/observations/230285062,"2024-08-12 00:48:05"
14926,177523,truebugs,subclass,Pterygota,beetle,0,0,2,1,https://www.inaturalist.org/observations/230193282,"2024-08-12 00:51:05"
14927,176973,leafhopper,species,"Micrutalis dorsalis",leafhopper,0,0,3,0,https://www.inaturalist.org/observations/229758571,"2024-08-12 01:00:08"
14928,176943,leafhopper,subfamily,Typhlocybinae,leafhopper,0,0,2,0,https://www.inaturalist.org/observations/229721189,"2024-08-12 01:00:08"
14929,176926,leafhopper,tribe,Gyponini,leafhopper,0,0,2,0,https://www.inaturalist.org/observations/229714339,"2024-08-12 01:03:05"
14930,176892,leafhopper,tribe,Nephesini,leafhopper,0,0,2,0,https://www.inaturalist.org/observations/229703225,"2024-08-12 01:03:05"
14931,176873,leafhopper,species,"Clastoptera obtusa",leafhopper,0,0,2,0,https://www.inaturalist.org/observations/229697904,"2024-08-12 01:03:05"
14932,176782,leafhopper,species,"Metcalfa pruinosa",leafhopper,0,0,2,0,https://www.inaturalist.org/observations/229517310,"2024-08-12 01:06:06"
14933,176702,leafhopper,tribe,Nephesini,leafhopper,0,0,2,0,https://www.inaturalist.org/observations/229488782,"2024-08-12 01:09:05"
14934,176469,leafhopper,species,"Clastoptera obtusa",leafhopper,0,0,2,0,https://www.inaturalist.org/observations/228899361,"2024-08-12 01:12:05"
14935,176375,leafhopper,species,"Pagaronia minor",leafhopper,0,0,2,0,https://www.inaturalist.org/observations/228823537,"2024-08-12 01:12:05"
14936,175924,leafhopper,tribe,Gyponini,leafhopper,0,0,2,0,https://www.inaturalist.org/observations/228240455,"2024-08-12 01:21:06"
14937,175754,leafhopper,species,"Flatormenis proxima",leafhopper,0,0,2,0,https://www.inaturalist.org/observations/228028835,"2024-08-12 01:24:06"
14938,175645,leafhopper,species,"Metcalfa pruinosa",leafhopper,0,0,2,0,https://www.inaturalist.org/observations/227868937,"2024-08-12 01:24:06"
14939,175546,leafhopper,species,"Graphocephala versuta",leafhopper,0,0,2,0,https://www.inaturalist.org/observations/227401142,"2024-08-12 01:27:10"
14940,173025,leafhopper,species,"Metcalfa pruinosa",leafhopper,0,0,2,0,https://www.inaturalist.org/observations/226724602,"2024-08-12 01:39:04"
14941,173617,other,order,Dermaptera,Dermaptera,0,0,2,0,https://www.inaturalist.org/observations/226298009,"2024-08-12 01:48:05"
14942,173614,ant,subfamily,Formicinae,ant,0,0,2,0,https://www.inaturalist.org/observations/226293380,"2024-08-12 01:48:05"
14943,168428,unidentified,species,"Graphopsocus cruciatus",Psocodea,0,0,1,0,https://www.inaturalist.org/observations/222671851,"2024-08-12 02:57:05"
14944,167759,truebugs,subclass,Pterygota,beetle,0,0,2,1,https://www.inaturalist.org/observations/222314965,"2024-08-12 03:09:04"
14945,167709,leafhopper,tribe,Pentastirini,leafhopper,0,0,3,0,https://www.inaturalist.org/observations/222306532,"2024-08-12 03:09:04"
14946,167523,truebugs,subclass,Pterygota,beetle,0,0,2,1,https://www.inaturalist.org/observations/222268491,"2024-08-12 03:15:05"
14947,166939,truebugs,subclass,Pterygota,beetle,0,0,2,1,https://www.inaturalist.org/observations/222044312,"2024-08-12 03:21:05"
14948,165086,leafhopper,tribe,Ceresini,leafhopper,0,0,3,0,https://www.inaturalist.org/observations/220691821,"2024-08-12 03:45:06"
14949,162359,leafhopper,tribe,Nephesini,leafhopper,0,0,3,0,https://www.inaturalist.org/observations/219145606,"2024-08-12 04:15:05"
14950,162315,leafhopper,tribe,Nephesini,leafhopper,0,0,3,0,https://www.inaturalist.org/observations/219132199,"2024-08-12 04:15:05"
14951,162252,leafhopper,tribe,Nephesini,leafhopper,0,0,3,0,https://www.inaturalist.org/observations/219111144,"2024-08-12 04:18:05"
14952,156837,caterpillar,family,Tortricidae,caterpillar,0,0,2,0,https://www.inaturalist.org/observations/185369036,"2024-08-12 05:48:05"
14953,151599,aphid,subclass,Pterygota,beetle,0,0,2,1,https://www.inaturalist.org/observations/174522876,"2024-08-12 07:03:06"
14954,145429,unidentified,infraorder,Tipulomorpha,fly,0,0,1,0,https://www.inaturalist.org/observations/169953796,"2024-08-12 09:00:05"
